lags time_steps dense_nodes lstm_nodes processed scales                        epochs l2 learning_rate mean_mae mean_mape mean_mse                         std mae std_mape std_mse 
[1, 24], [24, 5], [1, 5], [20, 20], [0, 1], 1, 0.001, 1, False, False 2.4363772340118888 41.797482626363255 6.976185664031718 0.012625613354489947 0.3669173327625657 0.022725993307666444 
[1, 24], [24, 1], [1, 5], [10, 10], [0, 1], 1, 0.001, 1, False, False 2.4305596767752253 42.40080885741957 7.026412508122519 0.030279072707610842 0.27285648516339533 0.13167722795466472 
[1, 24], [24, 5], [1, 10], [10, 10], [0, 1], 5, 0.001, 1, False, False 2.061624774792128 33.95298872431295 5.954925799879089 0.11136951493051125 2.923528089618665 0.4559856231948385 
[1, 24], [24, 1], [1, 5], [20, 20], [0, 1], 5, 0.001, 1, False, False 2.178065055732926 38.21345068804928 5.836706350941101 0.08057580403960653 1.4287400092127702 0.3834680217841284 
[1, 24], [24, 15], [1, 10], [20, 20], [0, 1], 1, 0.001, 1, False, False 2.426059440937307 41.57613300567274 6.899231590310034 0.028642865772593777 0.31852592417897724 0.1543853305801634 
[1, 24], [24, 10], [1, 10], [10, 10], [0, 1], 1, 0.001, 1, False, False 2.4619595930256226 42.49105179605336 7.17246307607581 0.02761107907953968 0.2481523008329288 0.096462358813455 
[1, 24], [24, 1], [1, 5], [10, 10], [0, 1], 5, 0.001, 1, False, False 2.0614492420383073 36.89443853182538 5.415431445599264 0.08874680622437016 1.0529013041165476 0.3469393884299856 
[1, 24], [24, 5], [1, 5], [20, 20], [0, 1], 5, 0.001, 1, False, False 2.2017621906957143 36.97794027010196 6.164338620715807 0.15865661581506083 3.3132653058331654 0.4775440492472207 
[1, 24], [24, 5], [1, 5], [10, 10], [1], 1, 0.001, 1, False, False 2.4438285728433615 42.68048528139832 7.091672995836064 0.030055124807758894 0.7152404173713183 0.22014854319210123 
[1, 24], [24, 10], [1, 5], [20, 20], [1], 1, 0.001, 1, False, False 2.488442218510641 42.703817089329796 7.28702902743044 0.06176819465609545 0.5276717823424457 0.3094585198630185 
[1, 24], [24, 1], [1, 10], [10, 10], [0, 1], 10, 0.001, 1, False, False 1.805904547587313 26.296089528704925 4.514013873298876 0.07048900194238385 0.9809365429119469 0.3002696497201712 
[1, 24], [24, 5], [1, 5], [20, 20], [1], 5, 0.001, 1, False, False 2.222528323475961 36.879540571333344 6.443464780092319 0.09198888325047082 0.9810716117998757 0.254485013189742 
[1, 24], [24, 5], [1, 5], [10, 10], [1], 5, 0.001, 1, False, False 2.0397967636447265 34.93575215440723 5.385231813212809 0.03973368580129461 0.707571896748398 0.1522513550992387 
[1, 24], [24, 10], [1, 5], [20, 20], [1], 5, 0.001, 1, False, False 2.1938846720451557 36.65456001070141 6.870848146927153 0.04151214631044751 1.4966510341881472 0.28529214650323664 
[1, 24], [24, 10], [1, 10], [20, 20], [0, 1], 5, 0.001, 1, False, False 1.8694519653778385 30.79021876183945 5.138823430439988 0.06599322513586617 1.5189735075297386 0.28439794906685056 
[1, 24], [24, 15], [1, 10], [10, 10], [1], 1, 0.001, 1, False, False 2.4056251062011276 41.908429826310375 6.8850220177515675 0.0067827389980771825 0.4473496094941961 0.03417767576077369 
[1, 24], [24, 10], [1, 10], [10, 10], [1], 5, 0.001, 1, False, False 2.1492410822461046 35.94925005906797 6.276080535497248 0.15784702852950697 3.0891851723920296 0.6556648635530146 
[1, 24], [24, 5], [1, 10], [10, 10], [1], 10, 0.001, 1, False, False 2.007982095413738 28.74781684642412 5.5899406878959015 0.11091452580379053 2.4954178228341424 0.41739246700711546 
[1, 24], [24, 15], [1, 10], [20, 20], [0, 1], 5, 0.001, 1, False, False 1.9860437846570107 30.730880589694863 5.890870288199754 0.07903961603536094 3.134538714987964 0.17185364736511677 
[1, 24], [24, 10], [1, 10], [10, 10], [0, 1], 5, 0.001, 1, False, False 1.975563463472106 32.27773823813883 5.7134396472145115 0.043155329570052345 1.132093945978958 0.36168418352891524 
[1, 24], [24, 5], [1, 10], [20, 20], [0, 1], 10, 0.001, 1, False, False 1.7499966049566862 25.093538782790972 4.5907212415577305 0.11782976498468517 1.1544315492022386 0.5474646545586591 
[1, 24], [24, 10], [1, 10], [20, 20], [1], 10, 0.001, 1, False, False 2.006431365102805 27.979677671845767 5.72266779893111 0.005420738766518918 0.6286419467368993 0.03250050838695959 
[1, 24], [24, 15], [1, 10], [20, 20], [1], 5, 0.001, 1, False, False 2.1079933789110292 33.738826732024364 6.514122589823297 0.10645866411086224 3.6397941789230095 0.5492447316650668 
[1, 24], [24, 5], [1, 5], [20, 20], [1], 10, 0.001, 1, False, False 1.9997807703774286 32.67124646672435 5.5691133938426285 0.06518637630262349 2.9099352898314765 0.27089625188564753 
[1, 24], [24, 5], [1, 10], [10, 10], [0, 1], 10, 0.001, 1, False, False 1.99134185610822 29.695458869271857 5.562956190387525 0.1644477209898257 2.459339932251457 0.9046494040243417 
[1, 24], [24, 1], [1, 5], [20, 20], [0, 1], 10, 0.001, 1, False, False 2.0455811564293174 31.643440861107692 5.730858020642027 0.3170448483179031 6.702492836918663 1.0251007142280766 
[1, 24], [24, 15], [1, 10], [10, 10], [1], 5, 0.001, 1, False, False 2.1282489164973852 35.969748826696126 6.274491846077516 0.14801848910141513 2.240006212025303 0.9848880243952812 
[1, 24], [24, 1], [1, 5], [10, 10], [0, 1], 10, 0.001, 1, False, False 1.7173669846935402 27.540514903557234 4.244588603657719 0.062431884639635296 2.8674181529947838 0.10466736682523411 
[1, 24], [24, 5], [1, 5], [10, 10], [1], 10, 0.001, 1, False, False 1.8758102452520415 27.589391917263715 5.009439796845174 0.08970011137181018 1.753960965028851 0.48906751518132974 
[1, 24], [24, 10], [1, 5], [20, 20], [1], 10, 0.001, 1, False, False 2.1133773564533502 31.209241862213464 6.145704632587237 0.09813112924866718 2.0941572065544274 0.4448961267762937 
[1, 24], [24, 5], [1, 5], [20, 20], [0, 1], 10, 0.001, 1, False, False 1.8915947201558287 28.616766990750367 5.427785159849421 0.06909668289316742 1.184792725646901 0.3701162870655603 
[1, 24], [24, 1], [1, 10], [20, 20], [1], 1, 0.001, 1, False, False 2.4076593772404724 42.555739044401456 6.970339022598019 0.011197649099333686 0.05174316910202778 0.037206357619516225 
[1, 24], [24, 5], [1, 10], [20, 20], [1], 20, 0.001, 1, False, False 1.8141749955782736 25.937874006382717 4.666655859218231 0.05508991604287354 0.5577934031793702 0.28091725017916536 
[1, 24], [24, 10], [1, 10], [10, 10], [1], 10, 0.001, 1, False, False 1.9683882145625013 28.2603512914973 5.313148218364382 0.058829901134471896 1.2056623464697243 0.3559746140160077 
[1, 24], [24, 1], [1, 5], [10, 10], [1], 10, 0.001, 1, False, False 1.949507417074508 31.07229382773956 5.078408692816667 0.08789455174123952 2.7602067425722296 0.39305344827942573 
[1, 24], [24, 10], [1, 5], [10, 10], [1], 1, 0.001, 1, False, False 2.433485373992611 42.18426698497197 7.032573605509846 0.05642406034709629 0.8856363706634308 0.32988495033609644 
[1, 24], [24, 1], [1, 10], [20, 20], [0, 1], 20, 0.001, 1, False, False 1.6139232171837374 22.784414202196228 3.8888935539742118 0.06127053329244155 0.9697363149492179 0.16974739522446472 
[1, 24], [24, 1], [1, 10], [20, 20], [1], 5, 0.001, 1, False, False 1.937562795162753 32.57319287732448 5.351012360799661 0.172264951057212 3.0106298075767115 0.8578918826863948 
[1, 24, 48], [24, 1, 1], [1, 10, 10], [10, 10, 10], [0, 1, 2], 1, 0.001, 1, False, False 2.412950264869465 41.8080333047979 6.898745362621077 0.03276860454792745 0.4398145161161068 0.15658189697590683 
[1, 24], [24, 15], [1, 5], [10, 10], [0, 1], 10, 0.001, 1, False, False 2.0313225117960463 31.79858781084036 5.8838135454077625 0.14585526940180013 4.0367417249660855 0.7582824860418489 
[1, 24], [24, 5], [1, 5], [10, 10], [0, 1], 1, 0.001, 1, False, False 2.4169180883163652 42.63102093432547 7.018177392868757 0.009618282022739675 0.012663028285567927 0.0203318182361632 
[1, 24], [24, 10], [1, 5], [10, 10], [1], 5, 0.001, 1, False, False 2.2119493686352616 37.60517099879028 6.497024701228799 0.13509289363025515 3.4874590483016696 0.3458164262314976 
[1, 24], [24, 1], [1, 10], [20, 20], [1], 10, 0.001, 1, False, False 1.6016308793522136 23.474162638962397 3.7264200782299333 0.13820099497703406 2.1794803247964962 0.5766466037308295 
[1, 24], [24, 1], [1, 5], [20, 20], [1], 20, 0.001, 1, False, False 1.6128108894245488 23.581220746058694 3.856075119203797 0.040368711473497555 0.6032368615256023 0.12523070030791214 
[1, 24, 48], [24, 10, 1], [1, 5, 5], [10, 10, 10], [0, 1, 2], 1, 0.001, 1, False, False 2.4544890682178515 42.44745691744348 7.103911048145412 0.0335648519916913 0.2419392114459801 0.15516358936358843 
[1, 24, 48], [24, 5, 1], [1, 10, 10], [20, 20, 20], [0, 1, 2], 1, 0.001, 1, False, False 2.3819991282428856 40.50279104870895 6.637301131882855 0.07329218650361102 1.283891158960279 0.3968318495519953 
[1, 24, 48], [24, 15, 1], [1, 5, 5], [20, 20, 20], [0, 1, 2], 1, 0.001, 1, False, False 2.4694643948779063 42.01375337830368 7.127526915119578 0.003938262117429662 0.12961624745331038 0.02248193675515395 
[1, 24, 48], [24, 15, 5], [1, 10, 10], [10, 10, 10], [0, 1, 2], 1, 0.001, 1, False, False 2.2894493548682444 39.209327750977984 6.279735648359414 0.011235430995954797 0.45424973736860247 0.07590642997532225 
[1, 24], [24, 1], [1, 10], [10, 10], [1], 1, 0.001, 1, False, False 2.3984211716800927 42.46812833104331 6.938184350505085 0.01839303330668357 0.04018346961296196 0.043111790610873404 
[1, 24], [24, 5], [1, 10], [10, 10], [1], 20, 0.001, 1, False, False 1.844040913852276 25.978569838367893 4.723923193753371 0.028686358476359173 0.31026546397926286 0.16675907438847448 
[1, 24], [24, 15], [1, 10], [20, 20], [1], 10, 0.001, 1, False, False 2.044406006050606 28.825027514564567 5.948056061777841 0.03199215026449446 0.0792453794795369 0.3851068653346895 
[1, 24], [24, 5], [1, 10], [20, 20], [1], 1, 0.001, 1, False, False 2.3991516760239997 41.37902991629829 6.848345046918606 0.06331326409529149 0.912981761124833 0.2948756332011617 
[1, 24], [24, 15], [1, 10], [10, 10], [1], 10, 0.001, 1, False, False 2.166302340670868 31.480694500536078 6.370073666517039 0.14660828660217895 2.6516334062593665 0.5739840995861798 
[1, 24], [24, 10], [1, 5], [10, 10], [0, 1], 20, 0.001, 1, False, False 1.9841797560246455 28.806788703608436 5.561883215401434 0.05343464406042322 1.49139148718953 0.313952985311255 
[1, 24], [24, 1], [1, 10], [10, 10], [1], 5, 0.001, 1, False, False 1.9731943267501064 34.04085145978024 5.172493978770215 0.2669943390184406 5.071984150577637 0.9526659879878628 
[1, 24], [24, 1], [1, 5], [10, 10], [1], 20, 0.001, 1, False, False 1.7576057276102126 25.391404395988673 4.185590036652074 0.03521124507440612 0.10022718658762958 0.08360147924911435 
[1, 24], [24, 5], [1, 5], [10, 10], [0, 1], 5, 0.001, 1, False, False 2.119323016937684 37.04225818000686 5.8167116213335825 0.1352852232547492 2.081579575054264 0.47271710861424415 
[1, 24], [24, 10], [1, 10], [20, 20], [1], 20, 0.001, 1, False, False 2.011658302825634 28.56915623178352 5.598081360194925 0.014815884142987141 0.33250233611592384 0.11783155964580125 
[1, 24, 48], [24, 1, 1], [1, 10, 10], [20, 20, 20], [0, 1, 2], 5, 0.001, 1, False, False 1.818120338084797 25.945403034847995 5.042472255119081 0.02570142383633705 0.27302393730652796 0.17083991452481878 
[1, 24], [24, 1], [1, 5], [20, 20], [1], 1, 0.001, 1, False, False 2.410619555938023 42.44472655557629 6.9585585173845494 0.011799629782089488 0.364971629373399 0.08214833784124045 
[1, 24], [24, 10], [1, 5], [20, 20], [0, 1], 1, 0.001, 1, False, False 2.4777017764057274 42.06427189759987 7.169442223071326 0.026049857244658973 0.2217393829612676 0.12686252496844821 
[1, 24], [24, 15], [1, 5], [10, 10], [1], 1, 0.001, 1, False, False 2.403525093611744 41.91645974532119 6.904720670396281 0.04678058854313471 0.3711347153245887 0.2022183668441602 
[1, 24], [24, 10], [1, 10], [20, 20], [0, 1], 10, 0.001, 1, False, False 1.9866706583303986 28.949852664757344 5.744592559053371 0.016859889030748556 0.987390537322856 0.24257860862944328 
[1, 24], [24, 15], [1, 5], [10, 10], [1], 20, 0.001, 1, False, False 2.2079820154855647 32.5933137058883 6.605856632398765 0.10339889390798598 1.4693447147674146 0.6317401092661526 
[1, 24], [24, 5], [1, 5], [20, 20], [1], 20, 0.001, 1, False, False 1.8026240435463408 25.348802916554373 4.579711191382383 0.02256091841405979 0.15393052007257277 0.1447695946901148 
[1, 24, 48], [24, 15, 15], [1, 10, 10], [20, 20, 20], [0, 1, 2], 1, 0.001, 1, False, False 2.4546779977364674 41.57477189566433 7.021310999538987 0.01659392786550315 0.40844796824484286 0.0837890601044748 
[1, 24], [24, 15], [1, 5], [20, 20], [1], 1, 0.001, 1, False, False 2.466700821328494 42.530472461227326 7.201389189691888 0.032984284640361364 0.4213629081747904 0.1436265425047081 
[1, 24], [24, 5], [1, 10], [20, 20], [1], 5, 0.001, 1, False, False 1.95887894562825 30.93169541462103 5.588382363753727 0.07860164683717956 2.8996259381382705 0.4375752759605421 
[1, 24], [24, 5], [1, 10], [10, 10], [1], 1, 0.001, 1, False, False 2.4632675723345194 42.96720492605173 7.234610452288858 0.02407029716768056 0.9361018846105782 0.06543593718868035 
[1, 24], [24, 10], [1, 5], [10, 10], [1], 10, 0.001, 1, False, False 2.11200042490468 31.433313732923878 6.33085123420215 0.08655701238670478 1.5644385460515302 0.570999607423214 
[1, 24], [24, 5], [1, 5], [10, 10], [1], 20, 0.001, 1, False, False 1.84384251271409 26.095806477207507 4.739311856043215 0.11826065885272269 1.8530335650669008 0.6075818191896468 
[1, 24, 48], [24, 1, 1], [1, 10, 10], [10, 10, 10], [0, 1, 2], 5, 0.001, 1, False, False 1.8890522264151108 27.608072619896216 5.091151149292298 0.0476532706394486 0.5741284498102626 0.3364039250654287 
[1, 24], [24, 1], [1, 5], [20, 20], [1], 5, 0.001, 1, False, False 2.005927691498288 35.87519920131694 5.363967409478676 0.2429919662137284 3.9896822474431 0.9766065726067836 
[1, 24], [24, 1], [1, 10], [10, 10], [1], 10, 0.001, 1, False, False 1.744729929300094 26.452021748643777 4.277660940710473 0.028913876098516672 0.5101121759859052 0.14593045192708715 
[1, 24], [24, 10], [1, 10], [10, 10], [1], 20, 0.001, 1, False, False 2.1198054762074237 30.234654322537683 6.083969093755045 0.090479024119627 1.5683159948177932 0.5550406487328339 
[1, 24], [24, 5], [1, 5], [20, 20], [1], 1, 0.001, 1, False, False 2.4021207941351115 41.647857865280535 6.872440127467324 0.0313077992858447 0.44996765564060387 0.11776232118969818 
[1, 24], [24, 15], [1, 10], [20, 20], [0, 1], 10, 0.001, 1, False, False 2.1194809329868467 30.894739183891883 6.589995032648627 0.09666107947113972 1.6774607587081696 0.42796293494298365 
[1, 24], [24, 10], [1, 10], [10, 10], [0, 1], 10, 0.001, 1, False, False 2.077517860686337 30.58773063106912 6.088690443649919 0.05505169124259889 0.8333981693022162 0.35104436317127025 
[1, 24], [24, 1], [1, 10], [20, 20], [1], 20, 0.001, 1, False, False 1.7570870956612958 24.89028970025426 4.22443219740523 0.05408840925992286 0.7887655010515159 0.2951916270205002 
[1, 24], [24, 10], [1, 10], [20, 20], [1], 1, 0.001, 1, False, False 2.421870182702938 41.56906365248792 6.935701828931143 0.022133339311379334 0.9273880368768239 0.11602980508890057 
[1, 24], [24, 15], [1, 5], [10, 10], [1], 5, 0.001, 1, False, False 2.083371567795122 35.4917380841201 6.129553093472879 0.16624475510054962 4.093204986327178 0.6850932533306917 
[1, 24], [24, 10], [1, 5], [20, 20], [1], 20, 0.001, 1, False, False 2.040236395569863 29.17559796785918 5.828857736592757 0.028440037230367077 0.22482665098480542 0.11975924625065792 
[1, 24], [24, 10], [1, 10], [10, 10], [1], 1, 0.001, 1, False, False 2.404141157355021 41.73288941865409 6.827671903244382 0.04944324604823716 0.2352834546193192 0.1874375941694453 
[1, 24], [24, 1], [1, 10], [10, 10], [0, 1], 20, 0.001, 1, False, False 1.7155632037255497 24.355500004138676 4.15357176399934 0.020643744588071198 0.3468784016939349 0.08587942703985782 
[1, 24], [24, 5], [1, 10], [10, 10], [1], 5, 0.001, 1, False, False 2.0303581198194514 33.96161435075518 5.6501945422662985 0.21161127593839205 2.8641888970906826 0.6175893980138183 
[1, 24], [24, 15], [1, 5], [20, 20], [1], 5, 0.001, 1, False, False 2.047732703084195 33.38451570911327 6.356623130915737 0.13070000510169766 2.9004445422986707 0.9962134835568931 
[1, 24], [24, 1], [1, 10], [20, 20], [0, 1], 1, 0.001, 1, False, False 2.407965510338545 41.73947646009316 6.85776527732763 0.013967201055898236 0.6685190356203768 0.12659576303517003 
[1, 24, 48], [24, 15, 1], [1, 10, 10], [10, 10, 10], [0, 1, 2], 5, 0.001, 1, False, False 2.1206835898191287 32.11488862487849 6.476295479135037 0.15497802673656974 2.7258904388900342 1.0730046549641403 
[1, 24, 48], [24, 15, 5], [1, 10, 10], [20, 20, 20], [0, 1, 2], 5, 0.001, 1, False, False 2.0281553914494537 29.303431686966736 6.328827358052233 0.10033794657332681 2.1473760706770495 0.4909291643668203 
[1, 24], [24, 1], [1, 5], [20, 20], [1], 10, 0.001, 1, False, False 1.7549123653245189 26.84490813972666 4.49210871816901 0.1291556311060853 3.020467469331027 0.7439085204873048 
[1, 24], [24, 15], [1, 5], [20, 20], [0, 1], 20, 0.001, 1, False, False 1.9800133633461814 27.46962181859641 5.765447529200774 0.07737132423393468 0.3970841087677863 0.2870173838060607 
[1, 24, 48], [24, 10, 1], [1, 5, 5], [20, 20, 20], [0, 1, 2], 5, 0.001, 1, False, False 2.0255267288604815 30.804234015952574 6.091163807611523 0.08795332240956141 0.3063932989704642 0.47847463857660677 
[1, 24], [24, 10], [1, 10], [20, 20], [1], 5, 0.001, 1, False, False 1.9494855459917473 29.741719448992338 5.7929215511670735 0.03425055520090865 0.1127217474669772 0.32901325073749715 
[1, 24, 48], [24, 5, 1], [1, 5, 5], [10, 10, 10], [0, 1, 2], 5, 0.001, 1, False, False 2.0557681646404995 30.914388311402707 6.186431744967901 0.05748470397189545 0.7713670685060677 0.2923107975435091 
[1, 24], [24, 10], [1, 5], [20, 20], [0, 1], 5, 0.001, 1, False, False 2.019683064023653 31.211020850023356 5.6202644382120575 0.16933048181453936 4.486340273987852 0.6759976627862315 
[1, 24], [24, 15], [1, 10], [10, 10], [0, 1], 1, 0.001, 1, False, False 2.4436959932247793 41.56315502544627 7.030687378136844 0.016812224432220208 1.2585606524015023 0.14054350688984704 
[1, 24], [24, 5], [1, 10], [20, 20], [1], 10, 0.001, 1, False, False 1.9035308900668662 27.269144960330564 5.255268866607515 0.053158161177156556 1.1193160857840194 0.34108940239504076 
[1, 24, 48], [24, 15, 15], [1, 5, 5], [10, 10, 10], [0, 1, 2], 5, 0.001, 1, False, False 2.133430950798922 33.644255000229606 6.974767174418957 0.21213625255180055 3.18599514268423 1.4787276741280322 
[1, 24, 48], [24, 10, 1], [1, 5, 5], [10, 10, 10], [0, 1, 2], 5, 0.001, 1, False, False 2.137378029332117 34.36153904060558 6.14293893719877 0.0891444740900942 3.3246689688063893 0.23031310870931604 
[1, 24, 48], [24, 15, 1], [1, 5, 5], [20, 20, 20], [0, 1, 2], 5, 0.001, 1, False, False 1.9148021852321646 29.49219735644753 5.676363842997428 0.06902460276279038 1.3169236512050315 0.2545942092268142 
[1, 24, 48], [24, 5, 1], [1, 10, 10], [20, 20, 20], [0, 1, 2], 5, 0.001, 1, False, False 1.9432574676832666 28.149330748744443 5.724072114509897 0.07245113755280688 1.9191369636360154 0.5065584308603738 
[1, 24], [24, 15], [1, 5], [10, 10], [1], 10, 0.001, 1, False, False 2.1642076370823715 32.784138544016876 6.725332773163068 0.06789837019079709 2.679347541061319 0.7732807347527416 
[1, 24, 48], [24, 15, 5], [1, 10, 10], [10, 10, 10], [0, 1, 2], 5, 0.001, 1, False, False 2.1695028340305993 31.466164822708507 6.8902276092458274 0.04338544865410233 0.5701316364443756 0.38029774090994223 
[1, 24, 48], [24, 1, 1], [1, 5, 5], [10, 10, 10], [0, 1, 2], 10, 0.001, 1, False, False 1.818281548001148 26.40616805667158 4.85497690987426 0.12382947851925559 2.0327960641485188 0.8099329958537506 
[1, 24], [24, 1], [1, 10], [10, 10], [1], 20, 0.001, 1, False, False 1.8362884809297544 27.01904341245424 4.6256088388124175 0.18754244195836564 3.6053711939109268 0.9237635715660328 
[1, 24, 48], [24, 1, 1], [1, 5, 5], [10, 10, 10], [1, 2], 1, 0.001, 1, False, False 2.3851436149742864 41.85886447858613 6.797269207387793 0.022364667686661135 0.34418559487365086 0.11682703321596197 
[1, 24, 48], [24, 10, 1], [1, 5, 5], [20, 20, 20], [1, 2], 1, 0.001, 1, False, False 2.3230011793888283 39.87079823902612 6.419220000769609 0.11812343249688549 2.0664412950545024 0.5966244809001757 
[1, 24, 48], [24, 15, 5], [1, 5, 5], [10, 10, 10], [0, 1, 2], 10, 0.001, 1, False, False 2.013956885950433 28.370274752588458 5.833178405395919 0.04003612433015642 0.5450321789218477 0.14905023734783882 
[1, 24], [24, 5], [1, 5], [10, 10], [0, 1], 10, 0.001, 1, False, False 1.9264743810726532 27.93235320600432 5.22389267430983 0.025883346428572502 0.4052599572478675 0.14581933819742723 
[1, 24], [24, 5], [1, 10], [10, 10], [0, 1], 20, 0.001, 1, False, False 1.8467330681160092 26.181974360090305 4.943080926629887 0.05506866631764724 0.33356331811675693 0.38279374802426075 
[1, 24], [24, 1], [1, 10], [20, 20], [0, 1], 5, 0.001, 1, False, False 1.9179290449867648 32.85784621720117 4.840191865935222 0.13862083857697327 1.7318981957868966 0.5545445931129876 
[1, 24, 48], [24, 15, 15], [1, 10, 10], [20, 20, 20], [0, 1, 2], 5, 0.001, 1, False, False 2.1624420434926392 30.8415268958383 7.182270713388944 0.08035758934292055 2.1680613468184395 0.39658928505282587 
[1, 24], [24, 1], [1, 5], [20, 20], [0, 1], 20, 0.001, 1, False, False 1.648284272201084 24.023883918830972 4.2474169422572094 0.15690238568264475 1.3911216395896784 0.6884795663861368 
[1, 24], [24, 5], [1, 10], [20, 20], [0, 1], 1, 0.001, 1, False, False 2.435125703723342 41.79397170411729 6.958738339145092 0.0109715557939621 0.44550459833773226 0.05905468720524186 
[1, 24], [24, 1], [1, 5], [10, 10], [0, 1], 20, 0.001, 1, False, False 1.7393212321800762 25.38887766134449 4.3377249717339295 0.06062198928199656 1.0140440357086624 0.3552102446775031 
[1, 24], [24, 15], [1, 5], [20, 20], [1], 10, 0.001, 1, False, False 2.201029298144082 33.818748287212735 6.718532338004263 0.07963180669201597 4.186304297910302 0.3102430290038673 
[1, 24], [24, 1], [1, 10], [10, 10], [0, 1], 1, 0.001, 1, False, False 2.406991535521768 42.36926667439345 6.941045759767601 0.009599743388590399 0.1658618992561722 0.044657279083198075 
[1, 24], [24, 5], [1, 5], [20, 20], [0, 1], 20, 0.001, 1, False, False 1.8030659095280697 24.91706522409062 4.75682027228918 0.09644639455649372 1.397080192437295 0.3647704201902671 
[1, 24], [24, 15], [1, 10], [20, 20], [1], 20, 0.001, 1, False, False 2.095476574568009 29.908546710834788 5.962358929480161 0.05348581932888963 1.128544309343121 0.20035246809737592 
[1, 24], [24, 1], [1, 5], [20, 20], [0, 1], 1, 0.001, 1, False, False 2.422787702304346 41.82306444712017 6.91670705631613 0.02014323242550701 0.395886070977637 0.12426632756461274 
[1, 24, 48], [24, 15, 10], [1, 5, 5], [10, 10, 10], [1, 2], 5, 0.001, 1, False, False 2.201877964888182 33.19792348793444 6.986435616326144 0.021749807074432182 0.5176822602839789 0.19906346797858676 
[1, 24, 48], [24, 1, 1], [1, 5, 5], [20, 20, 20], [1, 2], 5, 0.001, 1, False, False 1.9940572236561112 32.90601835312405 5.548993323873077 0.17315758621480357 4.956982535593229 0.8906726669431637 
[1, 24], [24, 1], [1, 5], [10, 10], [1], 1, 0.001, 1, False, False 2.4001426871452067 42.47918977007505 6.926229221170523 0.008881504666957493 0.04638086905008386 0.039967283206548875 
[1, 24], [24, 15], [1, 10], [10, 10], [1], 20, 0.001, 1, False, False 2.0189677203832948 28.89978644445424 5.512193466951224 0.01690200434792894 0.21043593512121042 0.05809353619806567 
[1, 24, 48], [24, 10, 1], [1, 5, 5], [20, 20, 20], [1, 2], 5, 0.001, 1, False, False 2.0658423371130117 30.771019099965567 6.502569107351252 0.049873025976701756 0.8311082445788671 0.1651217270130282 
[1, 24], [24, 5], [1, 10], [10, 10], [0, 1], 1, 0.001, 1, False, False 2.3972781471632145 42.143189485830014 6.8934095424866015 0.03738914653236891 0.7570943588803808 0.23272663546899727 
[1, 24], [24, 5], [1, 10], [20, 20], [0, 1], 20, 0.001, 1, False, False 1.8709888096691831 26.337521096205915 5.02121076437349 0.008728216572654844 0.25727835094600887 0.045511831543032816 
[1, 24, 48], [24, 15, 5], [1, 5, 5], [10, 10, 10], [1, 2], 1, 0.001, 1, False, False 2.41921942046395 41.22470878636043 6.881787614405611 0.044375477794609305 0.8027842057035406 0.22309236469939 
[1, 24, 48], [24, 1, 1], [1, 5, 5], [10, 10, 10], [1, 2], 5, 0.001, 1, False, False 1.9398781937650507 30.2986886347442 5.595032885929421 0.08981773040385807 1.524817109393041 0.45980575179090943 
[1, 24], [24, 15], [1, 10], [20, 20], [1], 1, 0.001, 1, False, False 2.4044550404228544 41.507331177940515 6.911599206175502 0.0731777944026315 1.3094950362708864 0.33704013485633505 
[1, 24], [24, 15], [1, 10], [10, 10], [0, 1], 5, 0.001, 1, False, False 2.1635578786471377 33.65226281314571 6.749249112862753 0.12743043755344421 1.6280000224346307 0.633523173792714 
[1, 24], [24, 10], [1, 5], [10, 10], [1], 20, 0.001, 1, False, False 1.9531775685096224 27.677962148864427 5.39653586401506 0.08499847647039098 1.176786020239205 0.3943411248335513 
[1, 24, 48], [24, 15, 1], [1, 10, 10], [20, 20, 20], [0, 1, 2], 10, 0.001, 1, False, False 1.963286507253845 27.684963851475306 5.417929264464322 0.008966907203524693 0.36805836701803407 0.11775582281104977 
[1, 24], [24, 10], [1, 5], [10, 10], [0, 1], 1, 0.001, 1, False, False 2.4040766671989804 41.550164431197565 6.85546120615204 0.01496948650660961 0.7302459587167587 0.12805291931585255 
[1, 24, 48], [24, 15, 1], [1, 10, 10], [10, 10, 10], [0, 1, 2], 10, 0.001, 1, False, False 2.0164435473098243 28.72979059457865 5.705025414218316 0.04787136476359623 0.5049604735283209 0.29083102103040603 
[1, 24, 48], [24, 5, 1], [1, 5, 5], [20, 20, 20], [0, 1, 2], 10, 0.001, 1, False, False 1.823631862985591 25.746296753066417 4.964452314701524 0.08778108059481321 0.9460916594276046 0.46459250873221997 
[1, 24], [24, 1], [1, 5], [10, 10], [1], 5, 0.001, 1, False, False 2.2150804485159887 39.08761201040655 6.114726061634699 0.2475166380180464 4.787785584913227 1.1268997901804778 
[1, 24, 48], [24, 5, 1], [1, 5, 5], [10, 10, 10], [2], 1, 0.001, 1, False, False 2.414239888334716 42.41822077519683 6.983558433346925 0.012495007191763061 0.2516332568805735 0.05440338014199442 
[1, 24, 48], [24, 1, 1], [1, 10, 10], [20, 20, 20], [0, 1, 2], 10, 0.001, 1, False, False 1.7524620890272438 24.851585312964527 4.410483360192111 0.033835243258091834 0.5200684529965828 0.14296155148344764 
[1, 24, 48], [24, 20, 5], [1, 5, 5], [20, 20, 20], [2], 1, 0.001, 1, False, False 2.420509750161458 42.63378938171427 7.029161513711504 0.0266237200423563 0.39478371422498015 0.13987671121454634 
[1, 24, 48], [24, 20, 15], [1, 10, 10], [20, 20, 20], [2], 1, 0.001, 1, False, False 2.4250466976866676 42.153265152372995 6.982667028904154 0.012591432664133307 0.958194636891631 0.15080423016375638 
[1, 24, 48], [24, 20, 10], [1, 10, 10], [10, 10, 10], [2], 1, 0.001, 1, False, False 2.4111010266812865 42.08852733455999 6.941840068369835 0.040010124128694 0.4784622353633655 0.20513456852750805 
[1, 24], [24, 5], [1, 10], [20, 20], [0, 1], 5, 0.001, 1, False, False 1.9478838121380517 31.13145712386941 5.62704886313361 0.058137393605703774 1.6578097915584291 0.5980509054630243 
[1, 24, 48], [24, 1, 1], [1, 5, 5], [20, 20, 20], [0, 1, 2], 20, 0.001, 1, False, False 1.8120160502002196 25.716381440441932 4.608553894259937 0.09031489406309072 0.8706421516845901 0.4462735000308554 
[1, 24], [24, 1], [1, 10], [10, 10], [0, 1], 5, 0.001, 1, False, False 2.1430832117244054 37.8020027954575 5.880529062970595 0.14918809087163523 3.514559124492713 0.6098683814067904 
[1, 24, 48], [24, 5, 1], [1, 5, 5], [10, 10, 10], [1, 2], 10, 0.001, 1, False, False 1.8559291388149612 26.75187861401039 4.837816094421162 0.09064561855641322 1.3225022719786206 0.5030732439551557 
[1, 24, 48], [24, 5, 1], [1, 5, 5], [20, 20, 20], [2], 5, 0.001, 1, False, False 2.1827620014686273 36.90240898085744 6.5493356216400125 0.10781176448662713 3.4451038596993997 0.12301546460174653 
[1, 24, 48], [24, 20, 5], [1, 10, 10], [10, 10, 10], [2], 5, 0.001, 1, False, False 2.1812889615211772 35.454837953603345 6.6561940074706705 0.12498597657690041 3.641737491887915 0.4122883031855027 
[1, 24, 48], [24, 15, 5], [1, 5, 5], [20, 20, 20], [1, 2], 5, 0.001, 1, False, False 2.069698283131476 30.76310998087925 6.379438690913961 0.11445827778471568 0.7468602925564994 0.8368639089845067 
[1, 24, 48], [24, 5, 1], [1, 10, 10], [10, 10, 10], [0, 1, 2], 1, 0.001, 1, False, False 2.474402284084095 41.721711829520636 7.1647978544143855 0.06422028032825815 0.5598449119854413 0.3206885209277512 
[1, 24, 48], [24, 20, 10], [1, 10, 10], [20, 20, 20], [2], 5, 0.001, 1, False, False 2.3097053970037784 35.372687037712474 7.810812441217037 0.023372187843260357 1.816982227589451 0.07529648188430044 
[1, 24], [24, 10], [1, 5], [20, 20], [0, 1], 10, 0.001, 1, False, False 2.030142955337134 29.654861128247962 6.229121132052318 0.13848253772517874 1.9406464291022056 0.7550422719202216 
[1, 24, 48], [24, 5, 1], [1, 5, 5], [10, 10, 10], [2], 5, 0.001, 1, False, False 2.3522170104362345 40.65016785558201 6.81305170753697 0.05055402430891112 1.023677769627845 0.37198337052218466 
[1, 24, 48], [24, 20, 5], [1, 5, 5], [20, 20, 20], [2], 5, 0.001, 1, False, False 2.232215559537764 37.606663673311374 7.131524410797742 0.15883221604491943 0.7093907006542118 1.233911420772081 
[1, 24, 48], [24, 1, 1], [1, 10, 10], [10, 10, 10], [0, 1, 2], 10, 0.001, 1, False, False 1.7927714061957818 25.460147076854515 4.60392784214644 0.021177329345520024 0.5327639880849633 0.18171791676711943 
[1, 24, 48], [24, 20, 10], [1, 10, 10], [10, 10, 10], [2], 5, 0.001, 1, False, False 2.1671321447317795 33.594535339573994 7.027664638402167 0.2926503718812105 4.870220960220263 1.4924036711931616 
[1, 24, 48], [24, 20, 15], [1, 10, 10], [20, 20, 20], [2], 5, 0.001, 1, False, False 2.201787274910344 33.69879555528932 6.979899994758693 0.18917022397659072 1.5335198495210594 1.4089058255501599 
[1, 24], [24, 1], [1, 10], [20, 20], [0, 1], 10, 0.001, 1, False, False 1.7974761026876944 26.25300579586074 4.55486589467515 0.04586995549304605 1.3804893008259316 0.2905368010803655 
[1, 24, 48], [24, 15, 5], [1, 5, 5], [10, 10, 10], [1, 2], 5, 0.001, 1, False, False 2.2826542133120475 34.90119067412658 7.690586108251277 0.18025744314039555 2.9200336181377975 1.0112083638675518 
[1, 24], [24, 15], [1, 5], [10, 10], [0, 1], 20, 0.001, 1, False, False 2.096151491489123 29.79225954456211 6.164978145769363 0.1393368820088468 3.230846267705994 0.6505805201694068 
[1, 24, 48], [24, 5, 1], [1, 10, 10], [10, 10, 10], [2], 10, 0.001, 1, False, False 1.9338396793162378 28.959301620123608 5.322843329563333 0.09751567915615739 1.4771082970283436 0.5498450582495472 
[1, 24, 48], [24, 20, 5], [1, 10, 10], [20, 20, 20], [2], 10, 0.001, 1, False, False 2.0847423403834298 30.45085340957193 6.428922175705943 0.08983997150746165 1.2199125947090486 0.519736844528936 
[1, 24], [24, 10], [1, 5], [10, 10], [0, 1], 5, 0.001, 1, False, False 2.141487553425961 37.285851084077045 6.091503915155641 0.15112715040450495 2.6217906019109414 0.7473342764001979 
[1, 24], [24, 15], [1, 5], [20, 20], [0, 1], 1, 0.001, 1, False, False 2.429383019495893 41.65140835917507 6.948725152868999 0.022223007472839843 0.557612136221492 0.1505205020246321 
[1, 24, 48], [24, 15, 5], [1, 5, 5], [20, 20, 20], [0, 1, 2], 20, 0.001, 1, False, False 1.9557687117821636 27.49668766348796 5.4694482357986764 0.0776947377537572 0.5004760636039778 0.32209326965834767 
[1, 24, 48], [24, 15, 10], [1, 5, 5], [20, 20, 20], [1, 2], 10, 0.001, 1, False, False 2.090711963673432 29.993116476500703 6.134703574422125 0.0954108381942336 1.6479526524718204 0.6342202618891538 
[1, 24, 48], [24, 20, 15], [1, 5, 5], [10, 10, 10], [2], 10, 0.001, 1, False, False 2.395311755142002 36.53378330635181 8.293388837890484 0.07590311302478109 1.7517595492537807 0.818716302165556 
[1, 24, 48], [24, 10, 1], [1, 5, 5], [20, 20, 20], [1, 2], 10, 0.001, 1, False, False 2.070583242729858 30.25790749540516 5.920059461815448 0.1082626490996773 2.018781574994873 0.5254551613832827 
[1, 24, 48], [24, 1, 1], [1, 5, 5], [20, 20, 20], [1, 2], 10, 0.001, 1, False, False 1.8830563299978769 27.559927478567406 5.010254698129548 0.04298086420318494 1.5266539422990846 0.2962391865347429 
[1, 24, 48], [24, 15, 10], [1, 5, 5], [10, 10, 10], [1, 2], 10, 0.001, 1, False, False 2.189521372711493 32.132806691799296 6.759447602976522 0.006379483991119904 0.936827709540918 0.10061144500242142 
[1, 24, 48], [24, 15, 15], [1, 10, 10], [10, 10, 10], [0, 1, 2], 1, 0.001, 1, False, False 2.2999538100841974 39.5830991426032 6.3915085513676715 0.059788170979914644 1.27955051283727 0.3903473071479412 
[1, 24, 48], [24, 5, 1], [1, 5, 5], [20, 20, 20], [1, 2], 20, 0.001, 1, False, False 1.8311256295139036 26.394971276588766 4.724377578470489 0.028070880876069643 0.24936615122141972 0.13701828726855458 
[1, 24, 48], [24, 15, 15], [1, 5, 5], [20, 20, 20], [0, 1, 2], 10, 0.001, 1, False, False 2.12725088296941 30.930969548413373 6.674550341374765 0.05639879589136209 0.725681112442026 0.10690590786188951 
[1, 24, 48], [24, 5, 1], [1, 5, 5], [20, 20, 20], [2], 10, 0.001, 1, False, False 1.9679810781721716 29.60635185674389 5.558866121186939 0.06952780841150982 1.0198576376895716 0.4972342179213589 
[1, 24, 48], [24, 1, 1], [1, 5, 5], [10, 10, 10], [1, 2], 10, 0.001, 1, False, False 1.8510034178211177 26.90374156978837 4.862598852262285 0.14988182857614513 2.6284122341505407 0.8738914185785381 
[1, 24, 48], [24, 15, 15], [1, 5, 5], [10, 10, 10], [0, 1, 2], 10, 0.001, 1, False, False 2.15480443848366 31.26062263880677 6.557184001784283 0.017769925540554843 0.8211064843067621 0.18752921030586012 
[1, 24, 48], [24, 20, 5], [1, 10, 10], [10, 10, 10], [2], 10, 0.001, 1, False, False 2.131889693390716 30.32871766853896 6.310290156690947 0.05658664026541525 1.1400085483759592 0.3174772830554883 
[1, 24, 48], [24, 10, 1], [1, 5, 5], [10, 10, 10], [1, 2], 1, 0.001, 1, False, False 2.362755699331562 41.227263235173105 6.676903364718313 0.03571508172399727 1.157267161316776 0.2124470632303239 
[1, 24, 48], [24, 5, 1], [1, 10, 10], [10, 10, 10], [0, 1, 2], 5, 0.001, 1, False, False 2.0170496643486397 29.280661102866716 5.909441809861281 0.06007726445077087 1.0473409079465015 0.22105024039369967 
[1, 24, 48], [24, 5, 1], [1, 5, 5], [10, 10, 10], [2], 10, 0.001, 1, False, False 2.3843442702045046 37.997785377613546 7.410004438125234 0.0327786293627719 3.0404589200218766 0.4620519190315269 
[1, 24, 48], [24, 20, 5], [1, 5, 5], [20, 20, 20], [2], 10, 0.001, 1, False, False 2.2367263594504307 32.970160266377896 7.022287994749501 0.04487996363895566 1.1450700587314724 0.43561335482592023 
[1, 24, 48], [24, 20, 10], [1, 10, 10], [20, 20, 20], [2], 10, 0.001, 1, False, False 2.1730568164200696 31.96415556338103 6.71746203828062 0.08678618252400479 1.8786110157144176 0.7807965334248869 
[1, 24, 48], [24, 5, 1], [1, 5, 5], [10, 10, 10], [0, 1, 2], 10, 0.001, 1, False, False 1.8905842080850295 27.27160367839929 5.063214189957822 0.14829853466138265 2.815129024535411 0.7610563635220124 
[1, 24, 48], [24, 10, 1], [1, 5, 5], [20, 20, 20], [0, 1, 2], 10, 0.001, 1, False, False 1.9416158895525664 27.85800151940674 5.457964700797622 0.07450751346125391 1.6231607117586164 0.24406864529769257 
[1, 24, 48], [24, 15, 1], [1, 10, 10], [10, 10, 10], [0, 1, 2], 10, 0.001, 1, False, False 1.928175891853041 27.95420190427309 5.183805059171615 0.03240342742450515 0.4222681837803061 0.18964366076388456 
[1, 24, 48], [24, 20, 15], [1, 10, 10], [20, 20, 20], [2], 10, 0.001, 1, False, False 2.0572190075146928 29.178548474865337 6.09581075763759 0.06189108642132493 0.3189613303859195 0.3168739234695731 
[1, 24, 48], [24, 20, 10], [1, 10, 10], [10, 10, 10], [2], 10, 0.001, 1, False, False 2.1899070410402834 31.376440896681842 6.646153191143913 0.10222421449313467 2.061110511979825 0.6694211913657886 
[1, 24], [24, 15], [1, 5], [20, 20], [1], 20, 0.001, 1, False, False 2.0922387373116282 29.41270901681212 5.985229012238989 0.06353660314647332 0.7539230005611056 0.47856512643152915 
[1, 24, 48], [24, 5, 1], [1, 10, 10], [20, 20, 20], [2], 20, 0.001, 1, False, False 1.8558403512256012 26.778021342146207 4.6491078906482874 0.05898792437292547 1.0754884287987831 0.31201837872897464 
[1, 24, 48], [24, 15, 5], [1, 10, 10], [20, 20, 20], [0, 1, 2], 10, 0.001, 1, False, False 2.0198230194341806 28.184305419758857 5.733153922116557 0.0371871346137634 0.4267404666714363 0.1829081507507785 
[1, 24, 48], [24, 15, 15], [1, 5, 5], [10, 10, 10], [1, 2], 10, 0.001, 1, False, False 2.1257242486225785 30.51243378405033 6.311258619032228 0.08896578790872364 0.8605617561814024 0.4106296484355907 
[1, 24], [24, 5], [1, 5], [10, 10], [0, 1], 20, 0.001, 1, False, False 1.8724704913105121 26.73038478316082 5.01116870103375 0.0872622981052157 1.4563922348659313 0.49086955926449793 
[1, 24, 48], [24, 15, 15], [1, 10, 10], [20, 20, 20], [0, 1, 2], 10, 0.001, 1, False, False 2.0844290842957514 29.2560126472799 6.255815977885686 0.06826535755187746 1.3250611022230618 0.33546485949192895 
[1, 24, 48], [24, 20, 5], [1, 5, 5], [10, 10, 10], [2], 1, 0.001, 1, False, False 2.3953046244879563 42.27826331636254 6.937702756415997 0.02391181394977894 0.6068018031426626 0.14759619942962166 
[1, 24, 48], [24, 20, 10], [1, 5, 5], [10, 10, 10], [2], 20, 0.001, 1, False, False 2.256200378201902 32.95245333489765 6.94256887682202 0.0301553355600571 1.1435107077179893 0.06799069145413449 
[1, 24, 48], [24, 15, 1], [1, 5, 5], [20, 20, 20], [0, 1, 2], 10, 0.001, 1, False, False 2.035812035616901 29.104873115668966 6.11671453216065 0.02132627248257459 0.3237260119753372 0.1424451456089898 
[1, 24, 48], [24, 20, 15], [1, 5, 5], [20, 20, 20], [2], 20, 0.001, 1, False, False 2.1987363845868795 31.387014131765657 6.825348915124209 0.023318157086503363 0.4640404330363574 0.2551197985584222 
[1, 24], [24, 15], [1, 10], [10, 10], [0, 1], 10, 0.001, 1, False, False 2.191386889314486 31.474199636945617 6.880492113680737 0.01800468206761078 0.7773230288600722 0.2064051121232921 
[1, 24, 48], [24, 5, 1], [1, 10, 10], [20, 20, 20], [0, 1, 2], 10, 0.001, 1, False, False 1.829781904940804 25.585309891365785 4.79807146016912 0.0425272603789152 0.3044487176392939 0.34085922455651624 
[1, 24, 48], [24, 20, 10], [1, 5, 5], [20, 20, 20], [2], 1, 0.001, 1, False, False 2.3534707895169653 40.45318646824621 6.518062232240169 0.011966568663202769 0.8280991497352983 0.08921508525889756 
[1, 24, 48], [24, 1, 1], [1, 5, 5], [30, 30, 30], [1, 2], 1, 0.001, 1, False, False 2.341531388061466 40.2057762989029 6.524062984655111 0.08272589664275849 1.6454504737377151 0.41195740204583553 
[1, 24, 48], [24, 20, 15], [1, 10, 10], [10, 10, 10], [2], 1, 0.001, 1, False, False 2.4251302189435116 42.33593370907496 7.0772430681329865 0.02244575099160989 0.6148758963266354 0.15279133322997118 
[1, 24, 48], [24, 10, 1], [1, 5, 5], [10, 10, 10], [0, 1, 2], 10, 0.001, 1, False, False 2.035445701413684 29.15858008687145 5.994044981820818 0.047756121061120135 0.5628464651423795 0.41824142881708776 
[1, 24], [24, 10], [1, 10], [20, 20], [0, 1], 20, 0.001, 1, False, False 1.9314749513373328 26.92077720505139 5.373923545603671 0.0429291675735892 0.2926961752018685 0.3221035524166235 
[1, 24, 48], [24, 15, 5], [1, 10, 10], [10, 10, 10], [0, 1, 2], 10, 0.001, 1, False, False 1.9881249616612438 29.038663400160697 5.598136046798871 0.03142755968233886 0.7381510764248184 0.16357964314735302 
[1, 24], [24, 15], [1, 5], [20, 20], [0, 1], 5, 0.001, 1, False, False 2.039391140308645 32.149220337735755 5.711981299791836 0.21269878333201964 4.898927156915376 0.6541549826598327 
[1, 24, 48], [24, 15, 15], [1, 10, 10], [10, 10, 10], [0, 1, 2], 5, 0.001, 1, False, False 2.225503731560376 33.47558744542725 7.048638183104656 0.07361908014847857 1.122865674235324 0.4042567984102187 
[1, 24, 48], [24, 10, 1], [1, 5, 5], [10, 10, 10], [1, 2], 5, 0.001, 1, False, False 1.9893355109487416 31.677191532830125 5.592958210133271 0.10225934569442972 0.7826464845585966 0.44146431468721326 
[1, 24], [24, 15], [1, 10], [20, 20], [0, 1], 20, 0.001, 1, False, False 1.9623009074824276 27.519262300643813 5.531083701743373 0.03590015728129356 0.30342002558430725 0.19698430355578775 
[1, 24, 48], [24, 15, 1], [1, 5, 5], [10, 10, 10], [1, 2], 20, 0.001, 1, False, False 1.98748043620338 28.55512928724981 5.502052661168658 0.02644504386334797 0.6304953667440343 0.14344635330049496 
[1, 24, 48], [24, 15, 5], [1, 5, 5], [20, 20, 20], [1, 2], 10, 0.001, 1, False, False 2.001059191998232 29.0863737310591 5.567425628743187 0.060025074942211244 1.1788924815519046 0.33400141899846564 
[1, 24, 48], [24, 20, 5], [1, 5, 5], [10, 10, 10], [2], 5, 0.001, 1, False, False 2.3647472981501507 39.636402364630555 7.336187208333253 0.018204765195649175 1.7696690154726555 0.753994949746599 
[1, 24], [24, 15], [1, 5], [10, 10], [0, 1], 1, 0.001, 1, False, False 2.4045486533669407 42.27146481306783 6.91865200212323 0.01490563763115449 0.32187566136122553 0.0939130441689903 
[1, 24, 48], [24, 5, 1], [1, 5, 5], [40, 40, 40], [1, 2], 1, 0.001, 1, False, False 2.409323836573296 40.07732800764179 6.741021904047795 0.06286207266227577 1.6675601747902824 0.33634266934052176 
[1, 24, 48], [24, 15, 1], [1, 5, 5], [20, 20, 20], [1, 2], 1, 0.001, 1, False, False 2.396239403414505 40.991554072635466 6.746702346587443 0.04780525120443867 0.450692498867718 0.2539112874584312 
[1, 24], [24, 10], [1, 10], [10, 10], [0, 1], 20, 0.001, 1, False, False 1.9213106514541085 27.220673264151355 5.266343478974555 0.0848598607394673 0.8556391718403062 0.3694425393500899 
[1, 24, 48], [24, 5, 1], [1, 10, 10], [10, 10, 10], [2], 20, 0.001, 1, False, False 1.852872384953554 26.546978763823017 4.741751075057451 0.0965590905870131 1.6038854752997314 0.4353833729801597 
[1, 24, 48], [24, 20, 10], [1, 5, 5], [20, 20, 20], [2], 5, 0.001, 1, False, False 2.425536218147587 39.88412237577265 8.348586591758623 0.08145250903790227 1.7276553810342967 1.3351710291635575 
[1, 24, 48], [24, 20, 15], [1, 10, 10], [10, 10, 10], [2], 5, 0.001, 1, False, False 2.4393776516947483 37.996406153880706 8.600527598727163 0.09451120402886157 1.0479406359006411 0.5688531151930636 
[1, 24, 48], [24, 15, 5], [1, 5, 5], [10, 10, 10], [1, 2], 10, 0.001, 1, False, False 2.1408485819965044 30.669749124272766 6.460903709013088 0.07959379319051509 1.5818539070215818 0.5092156122219175 
[1, 24, 48], [24, 5, 1], [1, 10, 10], [20, 20, 20], [2], 1, 0.001, 1, False, False 2.419109409302473 41.662921366092526 6.896728983212898 0.0460503586940276 0.9064417248400017 0.28846097458693 
[1, 24, 48], [24, 10, 1], [1, 20, 20], [30, 30, 30], [1, 2], 1, 0.001, 1, False, False 2.3996345840118547 38.427183211608735 6.761184858509513 0.04779688278540385 1.197321684181016 0.26248781128673615 
[1, 24, 48], [24, 15, 10], [1, 20, 20], [40, 40, 40], [1, 2], 1, 0.001, 1, False, False 2.2500432305037976 35.17648873148739 6.478913808802896 0.10478162323997228 1.7783986443406863 0.27385019852239484 
[1, 24], [24, 10], [1, 10], [20, 20], [0, 1], 1, 0.001, 1, False, False 2.399093932244513 40.365234004052844 6.711913804446573 0.022676143553213887 0.6515887549169768 0.12615226729562484 
[1, 24, 48], [24, 20, 5], [1, 10, 10], [20, 20, 20], [2], 20, 0.001, 1, False, False 2.0121734280139205 28.87799988072419 5.8090833965900055 0.05499812468858134 0.8830547091662353 0.2943845511201298 
[1, 24], [24, 10], [1, 5], [10, 10], [0, 1], 10, 0.001, 1, False, False 2.244221283826563 33.581190593455666 7.02908107107847 0.18442500457841524 3.2262595726725283 1.0140485862612776 
[1, 24, 48], [24, 1, 1], [1, 5, 5], [40, 40, 40], [1, 2], 5, 0.001, 1, False, False 1.9572657000273468 29.78598910570916 5.782277907488226 0.09331603392055947 3.0611347652531227 0.2986502292107208 
[1, 24, 48], [24, 20, 10], [1, 5, 5], [10, 10, 10], [2], 1, 0.001, 1, False, False 2.3810974802821874 41.871096813423755 6.816371493175473 0.0249803260404413 0.5307729711616839 0.14310273776296104 
[1, 24, 48], [24, 10, 1], [1, 10, 10], [10, 10, 10], [0, 1, 2], 20, 0.001, 1, False, False 1.9786515010934729 27.87108020819736 5.477959493863856 0.0685651591127358 0.9675508720966394 0.2914266164018393 
[1, 24, 48], [24, 20, 15], [1, 5, 5], [10, 10, 10], [2], 20, 0.001, 1, False, False 2.2189707830686256 31.74166451426373 6.639797235326328 0.08950722952594281 1.4789452817772972 0.3829344425585396 
[1, 24, 48], [24, 1, 1], [1, 5, 5], [30, 30, 30], [1, 2], 5, 0.001, 1, False, False 1.8689423778542764 27.643770079929954 5.1440835350592575 0.07248975039090506 1.2762275850731848 0.4106232262335225 
[1, 24, 48], [24, 15, 1], [1, 10, 10], [20, 20, 20], [0, 1, 2], 20, 0.001, 1, False, False 1.9866351226551664 28.310067402500238 5.496413937559205 0.07164095600737347 0.5989228791579909 0.42511789564558006 
[1, 24, 48], [24, 5, 1], [1, 5, 5], [20, 20, 20], [2], 20, 0.001, 1, False, False 1.871570001211431 26.352513230605393 4.842481243315727 0.05057907365242471 1.1735300063635457 0.3311310571039189 
[1, 24, 48], [24, 5, 1], [1, 5, 5], [40, 40, 40], [1, 2], 5, 0.001, 1, False, False 1.8248681694062219 27.130364319521338 5.282399986952732 0.09118091330988023 1.1423122586901662 0.5429417475227309 
[1, 24, 48], [24, 20, 15], [1, 5, 5], [20, 20, 20], [2], 1, 0.001, 1, False, False 2.386926213334556 41.64546262969733 6.778720588011325 0.01672045902938551 0.6302519972981324 0.13276668282688195 
[1, 24, 48], [24, 15, 1], [1, 5, 5], [10, 10, 10], [0, 1, 2], 20, 0.001, 1, False, False 1.9247144342710572 27.248187750770473 5.1615160159862725 0.06335915101552686 1.053924720754851 0.3380741388267272 
[1, 24, 48], [24, 5, 1], [1, 10, 10], [20, 20, 20], [2], 5, 0.001, 1, False, False 2.0147376847901826 30.32155698465662 5.862142369018277 0.195934806976603 4.523068174663385 0.9000122744863117 
[1, 24, 48], [24, 5, 1], [1, 5, 5], [10, 10, 10], [2], 20, 0.001, 1, False, False 1.8613868640873716 26.88127142548853 4.870880922612055 0.037407846376726166 0.8029353558294239 0.2840850533549165 
[1, 24, 48], [24, 5, 1], [1, 10, 10], [10, 10, 10], [2], 1, 0.001, 1, False, False 2.425230541094034 42.47985410481938 7.028768322628408 0.01259260389139225 0.12272857563567888 0.050464163894930573 
[1, 24, 48], [24, 20, 5], [1, 10, 10], [10, 10, 10], [2], 20, 0.001, 1, False, False 2.0575426244901283 28.99864583474964 5.964891397469297 0.11989353498322348 1.437907022334364 0.5528848679560707 
[1, 24, 48], [24, 15, 1], [1, 5, 5], [20, 20, 20], [1, 2], 5, 0.001, 1, False, False 2.027505548498421 30.36372429850503 6.379975300819404 0.046072873339291304 1.7585291446588676 0.13978558664648222 
[1, 24, 48], [24, 15, 1], [1, 5, 5], [30, 30, 30], [1, 2], 5, 0.001, 1, False, False 2.0586276426359458 32.69049412522943 6.063146896834062 0.04329389859419881 2.1728869434278364 0.1963508019969189 
[1, 24, 48], [24, 20, 5], [1, 5, 5], [10, 10, 10], [2], 10, 0.001, 1, False, False 2.2477946103378024 33.95329139119833 7.5163117553035415 0.16800437733424534 3.38087009157808 1.1767240441957567 
[1, 24, 48], [24, 5, 1], [1, 20, 20], [30, 30, 30], [1, 2], 5, 0.001, 1, False, False 1.827781039676456 26.10663699950764 5.089647937271903 0.037145867160097254 0.292616127909148 0.18218504982610054 
[1, 24, 48], [24, 10, 1], [1, 20, 20], [40, 40, 40], [1, 2], 5, 0.001, 1, False, False 1.8555765168534382 26.60861440653879 5.015631902581159 0.07056638263963709 0.6410482772466877 0.28927682759786716 
[1, 24, 48], [24, 15, 15], [1, 5, 5], [20, 20, 20], [1, 2], 20, 0.001, 1, False, False 2.070994472317397 29.85903573707486 6.051000531389408 0.08747510438669896 0.6148922716533691 0.5636110301471301 
[1, 24, 48], [24, 5, 1], [1, 5, 5], [20, 20, 20], [2], 1, 0.001, 1, False, False 2.410587001109013 42.595020497515286 6.99718145637437 0.010605880860492328 0.11435947848555611 0.04660310160328812 
[1, 24, 48], [24, 20, 5], [1, 10, 10], [20, 20, 20], [2], 1, 0.001, 1, False, False 2.4183216939507814 41.385714889651915 7.107270647641346 0.07689404946360807 1.3812893189462652 0.5891754513338016 
[1, 24], [24, 15], [1, 5], [10, 10], [0, 1], 5, 0.001, 1, False, False 2.2383051113673935 39.10980421520892 6.388240696567642 0.12919588413684205 3.057731516316389 0.3566392653708111 
[1, 24, 48], [24, 10, 1], [1, 10, 10], [20, 20, 20], [0, 1, 2], 1, 0.001, 1, False, False 2.3648002479087418 39.63946714392805 6.653004773976087 0.042525961251778675 1.6486052645550504 0.15092147831238573 
[1, 24, 48], [24, 15, 5], [1, 5, 5], [10, 10, 10], [0, 1, 2], 20, 0.001, 1, False, False 1.992505365003038 27.982885455397618 5.7148388575408715 0.09926597104716677 0.5259791383389455 0.5112156324612368 
[1, 24, 48], [24, 15, 5], [1, 5, 5], [30, 30, 30], [1, 2], 1, 0.001, 1, False, False 2.470702209392631 41.69629171945841 7.1184718901272985 0.045325112987095746 0.41257314697900566 0.16699606621014365 
[1, 24, 48], [24, 20, 10], [1, 5, 5], [10, 10, 10], [2], 5, 0.001, 1, False, False 2.3860001066492664 38.4980324279421 7.966945784039801 0.07818291099508778 2.0384336625678694 0.7337338732210659 
[1, 24, 48], [24, 10, 1], [1, 20, 20], [30, 30, 30], [1, 2], 5, 0.001, 1, False, False 1.899898272587193 27.22528184456681 5.247069190784813 0.03541400044319194 0.9366074205584485 0.22935659882150336 
[1, 24, 48], [24, 15, 1], [1, 5, 5], [10, 10, 10], [0, 1, 2], 1, 0.001, 1, False, False 2.400215714038522 41.699244702335555 6.871123574386156 0.03090818903049687 1.0444015492808076 0.18335081709194279 
[1, 24, 48], [24, 20, 5], [1, 5, 5], [20, 20, 20], [2], 20, 0.001, 1, False, False 2.003718120742727 28.658083791793434 5.657125358587606 0.10681120613286421 1.3163295098256773 0.4710157231124539 
[1, 24, 48], [24, 15, 1], [1, 5, 5], [20, 20, 20], [0, 1, 2], 1, 0.001, 1, False, False 2.470153491709519 41.717511639838484 7.085377161934104 0.026624367474720922 0.3638799304690943 0.11254926240313906 
[1, 24, 48], [24, 5, 1], [1, 10, 10], [10, 10, 10], [0, 1, 2], 10, 0.001, 1, False, False 1.8685726817076402 26.50196538091122 4.948626547871303 0.058473688474321064 1.0016941106341943 0.31909879069991026 
[1, 24, 48], [24, 1, 1], [1, 5, 5], [10, 10, 10], [0, 1, 2], 20, 0.001, 1, False, False 1.816105779246599 25.633694804496766 4.708848839781616 0.05172765491298116 0.565898203040522 0.26818265770330074 
[1, 24, 48], [24, 1, 1], [1, 20, 20], [30, 30, 30], [1, 2], 10, 0.001, 1, False, False 1.8610677925593873 26.411052815894013 4.893584061622556 0.03724909908457921 0.5653050966249072 0.19958872115938825 
[1, 24, 48], [24, 20, 10], [1, 10, 10], [20, 20, 20], [2], 20, 0.001, 1, False, False 2.0964438893038913 30.809871570124347 6.081294153431937 0.0697960514399948 1.4184608078204528 0.3725512382998922 
[1, 24, 48], [24, 20, 5], [1, 10, 10], [10, 10, 10], [2], 1, 0.001, 1, False, False 2.4019656832295433 42.21360792481664 6.880468159242219 0.03352814925535473 0.7056922677083817 0.2227969261505679 
[1, 24, 48], [24, 20, 10], [1, 5, 5], [20, 20, 20], [2], 10, 0.001, 1, False, False 2.2435941983428265 31.730961255917347 7.3032956914732265 0.04255423899743992 1.5005428278237969 0.12024507781092222 
[1, 24, 48], [24, 15, 10], [1, 20, 20], [40, 40, 40], [1, 2], 5, 0.001, 1, False, False 2.0703446673436297 29.28634965718564 6.32242253715502 0.06446748851358385 1.2924617032322656 0.5608987384478811 
[1, 24, 48], [24, 20, 15], [1, 10, 10], [10, 10, 10], [2], 10, 0.001, 1, False, False 2.2583488077477174 33.623069239115786 7.196058908517955 0.0706277805144234 0.9542082479024032 0.654322167338689 
[1, 24, 48], [24, 20, 15], [1, 5, 5], [20, 20, 20], [2], 5, 0.001, 1, False, False 2.280634971790844 37.41056698486589 7.286529084163145 0.07400965783740608 2.5360510974160366 0.17631615021213293 
[1, 24, 48], [24, 5, 1], [1, 10, 10], [10, 10, 10], [2], 5, 0.001, 1, False, False 2.044131548585439 33.01980216902501 5.683586441207688 0.13750150540030606 2.5239886220639955 0.73064385236277 
[1, 24, 48], [24, 15, 5], [1, 5, 5], [20, 20, 20], [0, 1, 2], 1, 0.001, 1, False, False 2.4425982914727045 40.66063531249046 7.0010066195136895 0.04502670666729027 0.6928436719433896 0.20799056852630668 
[1, 24, 48], [24, 20, 15], [1, 5, 5], [10, 10, 10], [2], 1, 0.001, 1, False, False 2.387733944795198 42.094684589764256 6.843706437154151 0.038040639111607634 0.20907451107670832 0.13764129827764174 
[1, 24, 48], [24, 10, 1], [1, 5, 5], [10, 10, 10], [1, 2], 10, 0.001, 1, False, False 1.919256181649312 27.309359718436074 5.374559461390587 0.09121400308791018 2.0930904695395287 0.5899819366547042 
[1, 24, 48], [24, 20, 15], [1, 10, 10], [20, 20, 20], [2], 20, 0.001, 1, False, False 2.233411247924798 32.40204409254531 6.593527557406442 0.07344426383520856 1.1719136207574121 0.35690968344424445 
[1, 24, 48], [24, 20, 10], [1, 10, 10], [10, 10, 10], [2], 20, 0.001, 1, False, False 2.053464254447155 29.75482403109551 5.944073604951168 0.04041189141923535 0.27823217789675503 0.19039490067033468 
[1, 24, 48], [24, 20, 5], [1, 10, 10], [20, 20, 20], [2], 5, 0.001, 1, False, False 2.236587873894583 33.422673592167904 7.3224060539378195 0.03523081403099603 0.774507183768774 0.07689539359414142 
[1, 24, 48], [24, 20, 10], [1, 10, 10], [20, 20, 20], [2], 1, 0.001, 1, False, False 2.413558906979031 41.66617187307392 6.918864880537625 0.015567574288079084 0.44384250368152 0.1736714171475421 
[1, 24, 48], [24, 5, 1], [1, 5, 5], [10, 10, 10], [1, 2], 20, 0.001, 1, False, False 1.9060320329817904 27.138040578802787 5.072905880384449 0.057068216742392146 1.0298733915423388 0.2555158057886503 
[1, 24, 48], [24, 1, 1], [1, 5, 5], [20, 20, 20], [0, 1, 2], 1, 0.001, 1, False, False 2.4608337658836885 41.84962024955021 7.074121333797055 0.008114779685632999 0.2679744269620382 0.030435125310104012 
[1, 24, 48], [24, 15, 15], [1, 5, 5], [40, 40, 40], [1, 2], 1, 0.001, 1, False, False 2.472805344271991 41.08397426167182 7.077136507731372 0.04009526978517521 0.650302509253426 0.20404428539548192 
[1, 24, 48], [24, 5, 1], [1, 10, 10], [20, 20, 20], [2], 10, 0.001, 1, False, False 1.9036174244074908 26.98136989076117 5.1919098581219645 0.06461140793203006 1.0904543930013935 0.5901031920667991 
[1, 24, 48], [24, 20, 15], [1, 5, 5], [10, 10, 10], [2], 5, 0.001, 1, False, False 2.21326472364642 37.994193199673475 6.381529082982607 0.20168159311007428 3.859842303545586 0.7078621092250026 
[1, 24, 48], [24, 5, 1], [1, 20, 20], [40, 40, 40], [1, 2], 10, 0.001, 1, False, False 1.9069017363229281 27.148614958058545 5.088498867428771 0.04696550871876681 1.2312335644120045 0.0649617457073055 
[1, 24, 48], [24, 5, 1], [1, 5, 5], [20, 20, 20], [1, 2], 1, 0.001, 1, False, False 2.34109092215421 40.575655069037744 6.553665965186887 0.09973160948317338 1.430104924966651 0.45298096180973396 
[1, 24, 48], [24, 10, 1], [1, 5, 5], [20, 20, 20], [1, 2], 20, 0.001, 1, False, False 2.0359313417433036 28.194166403568317 5.703021994567563 0.05241516648743671 0.41400646938054747 0.33737039964024496 
[1, 24, 48], [24, 20, 10], [1, 5, 5], [10, 10, 10], [2], 10, 0.001, 1, False, False 2.4492993359626443 36.19784271699472 8.369614103043888 0.1380921878605317 3.036978915637246 1.0506515509367935 
[1, 24, 48], [24, 15, 10], [1, 5, 5], [20, 20, 20], [1, 2], 20, 0.001, 1, False, False 2.0096764571412846 28.917502840498116 5.660111818008159 0.05756709233674201 1.015312750097127 0.21073780072276138 
[1, 24], [24, 15], [1, 5], [20, 20], [0, 1], 10, 0.001, 1, False, False 2.1316840606086234 30.695991601705746 6.535830009774496 0.04369496346037904 0.7330043957672092 0.2145555853575187 
[1, 24, 48], [24, 15, 10], [1, 5, 5], [30, 30, 30], [1, 2], 10, 0.001, 1, False, False 1.9177985022534372 27.941133416526224 5.342131942027714 0.06121256697953918 1.114394509337485 0.2696878362107644 
[1, 24, 48], [24, 20, 15], [1, 5, 5], [20, 20, 20], [2], 10, 0.001, 1, False, False 2.210387636852209 33.26817396327057 7.069982679798507 0.25441014460981703 4.40025796923755 1.5432756809691976 
[1, 24], [24, 10], [1, 5], [20, 20], [0, 1], 20, 0.001, 1, False, False 1.9644255247656945 28.054566119421935 5.652993135151121 0.07512533717428486 1.6731347849531142 0.36924505633891264 
[1, 24, 48], [24, 15, 10], [1, 5, 5], [10, 10, 10], [1, 2], 1, 0.001, 1, False, False 2.3865384298756163 41.94315843144643 6.826724406623391 0.062288901957106374 0.9032004805717545 0.31478782626688 
[1, 24, 48], [24, 15, 1], [1, 5, 5], [10, 10, 10], [1, 2], 1, 0.001, 1, False, False 2.429940329671458 42.009590418546885 6.993039947964216 0.023654746240421527 0.49175775306911634 0.10869516971154707 
[1, 24, 48], [24, 15, 10], [1, 5, 5], [10, 10, 10], [1, 2], 20, 0.001, 1, False, False 2.0862834905653638 30.274561576149555 5.9470750746504635 0.12436114330319477 1.4808976431875995 0.5769749399689211 
[1, 24, 48], [24, 15, 15], [1, 5, 5], [10, 10, 10], [1, 2], 20, 0.001, 1, False, False 2.0998678696790223 29.793883628818534 6.077221271211566 0.05614505861316195 1.0875387986666927 0.32038189217305024 
[1, 24, 48], [24, 1, 1], [1, 20, 20], [40, 40, 40], [1, 2], 20, 0.001, 1, False, False 1.9007003053608864 27.58615996985142 5.27828326484574 0.10438488756659003 1.019138738159937 0.30396916316065586 
[1, 24, 48], [24, 5, 1], [1, 5, 5], [40, 40, 40], [1, 2], 10, 0.001, 1, False, False 1.8360198217202666 26.362332729419617 5.021971968175264 0.01869812096971414 0.686721070311827 0.22608424948559996 
[1, 24, 48], [24, 15, 15], [1, 10, 10], [10, 10, 10], [0, 1, 2], 10, 0.001, 1, False, False 2.125708267754978 29.779719800314677 6.314902201188023 0.08264271268939061 1.3680227306718868 0.28747168271483015 
[1, 24, 48], [24, 1, 1], [1, 5, 5], [20, 20, 20], [1, 2], 20, 0.001, 1, False, False 1.8552785713432562 26.299748366516496 4.842572046087503 0.06330059188781956 0.8179726300516494 0.2711653523993742 
[1, 24, 48], [24, 15, 15], [1, 5, 5], [20, 20, 20], [1, 2], 1, 0.001, 1, False, False 2.347558485647595 40.46432030089543 6.576332563615235 0.09111039555182555 1.3931855608447212 0.4415192230237126 
[1, 24, 48], [24, 15, 5], [1, 5, 5], [30, 30, 30], [1, 2], 5, 0.001, 1, False, False 2.174623776247932 31.84905100552163 7.389824898392095 0.06403900340176863 1.1091709304282729 0.5438038215870357 
[1, 24, 48], [24, 15, 5], [1, 5, 5], [40, 40, 40], [1, 2], 5, 0.001, 1, False, False 1.9979188877675267 30.402480321038187 6.044797874561174 0.055998132070534085 2.1668861808568844 0.5427418796561223 
[1, 24, 48], [24, 15, 15], [1, 20, 20], [30, 30, 30], [1, 2], 5, 0.001, 1, False, False 2.065971070286576 29.340954579338838 6.219297078653114 0.050263899235382506 0.7915483015407736 0.2462972959446134 
[1, 24, 48], [24, 15, 10], [1, 5, 5], [20, 20, 20], [1, 2], 1, 0.001, 1, False, False 2.4183678778233353 40.82245867196036 6.864653528105507 0.01704820816071116 0.7492053878399972 0.07121294064778973 
[1, 24, 48], [24, 5, 1], [1, 5, 5], [30, 30, 30], [1, 2], 1, 0.001, 1, False, False 2.3667869102209806 40.14639309643677 6.616861826535097 0.09538698923286229 0.7757704013603508 0.36308510543201045 
[1, 24, 48], [24, 20, 5], [1, 5, 5], [10, 10, 10], [2], 20, 0.001, 1, False, False 2.096514958702027 30.35616446079622 6.2805590269870315 0.04650108548363627 1.6862882815551161 0.1688704758041316 
[1, 24, 48], [24, 5, 1], [1, 5, 5], [10, 10, 10], [1, 2], 1, 0.001, 1, False, False 2.4139508101261327 42.067569118224164 6.948791189710529 0.024469744521167465 0.6277017981134794 0.07763006798286057 
[1, 24, 48], [24, 1, 1], [1, 5, 5], [10, 10, 10], [1, 2], 20, 0.001, 1, False, False 1.8050577420189422 25.726232935189113 4.4827314972046075 0.09212796311249076 1.4546678112014744 0.4176272749101087 
[1, 24, 48], [24, 15, 1], [1, 5, 5], [20, 20, 20], [1, 2], 10, 0.001, 1, False, False 1.9940321164343642 28.55176097512674 5.696667737496708 0.03636871115218868 0.5836993127664627 0.17517566110461705 
[1, 24, 48], [24, 5, 1], [1, 20, 20], [30, 30, 30], [1, 2], 10, 0.001, 1, False, False 1.8834171999590812 27.16449022145656 4.868614756401421 0.00915484561052909 0.35945956260557543 0.10225407180848699 
[1, 24, 48], [24, 15, 15], [1, 5, 5], [40, 40, 40], [1, 2], 5, 0.001, 1, False, False 2.172737396060041 32.2661018252135 7.13519774935894 0.1490920912402534 3.2201752571769284 1.0715975331026841 
[1, 24, 48], [24, 1, 1], [1, 5, 5], [40, 40, 40], [1, 2], 10, 0.001, 1, False, False 1.8058230530815542 25.146850017517817 4.709197105780709 0.045060982628642374 0.5859733693736682 0.15067680453404225 
[1, 24, 48], [24, 20, 10], [1, 5, 5], [20, 20, 20], [2], 20, 0.001, 1, False, False 2.094000385618872 30.130519288001537 6.229297698652075 0.0917419742561233 1.5299633667857027 0.3132246986346763 
[1, 24, 48], [24, 10, 1], [1, 20, 20], [40, 40, 40], [1, 2], 10, 0.001, 1, False, False 1.932862707068799 27.841594122991268 5.183497209212945 0.013889772989485329 0.3854989134436191 0.1734855623647739 
[1, 24, 48], [24, 1, 1], [1, 10, 10], [20, 20, 20], [0, 1, 2], 20, 0.001, 1, False, False 1.8584262794849493 26.565464829909512 4.744031744475184 0.039160861992973285 0.16478719385746946 0.26081047514849615 
[1, 24, 48], [24, 20, 15], [1, 10, 10], [10, 10, 10], [2], 20, 0.001, 1, False, False 2.240024768747389 31.96063223243719 6.8520359992782955 0.012745075271269047 0.8730215416917615 0.20730811306111505 
[1, 24, 48], [24, 15, 5], [1, 5, 5], [20, 20, 20], [0, 1, 2], 5, 0.001, 1, False, False 2.183405763145398 31.85157396695399 7.114918098551025 0.10539497795204003 2.1403956617323505 0.7696196547614804 
[1, 24, 48], [24, 15, 1], [1, 5, 5], [30, 30, 30], [1, 2], 10, 0.001, 1, False, False 2.028112776722345 29.677727263197255 5.9050043103254195 0.17018396689319984 3.5591927496615163 0.9007522119766397 
[1, 24, 48], [24, 1, 1], [1, 5, 5], [20, 20, 20], [1, 2], 1, 0.001, 1, False, False 2.485658380803135 41.40249153751353 7.29331029445937 0.09231569043174169 1.2019174373021664 0.45941519121523977 
[1, 24, 48], [24, 5, 1], [1, 5, 5], [20, 20, 20], [1, 2], 5, 0.001, 1, False, False 2.051629163269643 32.29966400409716 5.96091287363252 0.10236174948010586 1.7474588712272998 0.8130292496875231 
[1, 24, 48], [24, 10, 1], [1, 20, 20], [30, 30, 30], [1, 2], 10, 0.001, 1, False, False 1.960294914480161 27.775221411628404 5.436710998312716 0.012140642414726968 0.333698667067175 0.0918370037227923 
[1, 24, 48], [24, 10, 1], [1, 10, 10], [20, 20, 20], [0, 1, 2], 5, 0.001, 1, False, False 2.0523253098820096 30.18280385456863 6.2535010206122985 0.11420577476877926 2.562016324534623 0.5632236747383094 
[1, 24, 48], [24, 15, 15], [1, 5, 5], [20, 20, 20], [1, 2], 5, 0.001, 1, False, False 2.1847378600457747 34.27599302524042 6.767441135094383 0.06060970753570468 2.7507380778922457 0.7410247424201435 
[1, 24, 48], [24, 1, 1], [1, 5, 5], [30, 30, 30], [1, 2], 10, 0.001, 1, False, False 1.7763787692343744 25.129857228524244 4.632160547603291 0.04841610544261995 1.300532971317462 0.23213186528388374 
[1, 24, 48], [24, 15, 1], [1, 5, 5], [10, 10, 10], [1, 2], 5, 0.001, 1, False, False 2.157715930865595 34.60277860829216 6.261730291404167 0.08115170874157648 2.9733754805742745 0.3374436323751028 
[1, 24, 48], [24, 15, 1], [1, 5, 5], [10, 10, 10], [0, 1, 2], 5, 0.001, 1, False, False 2.0208481451082565 31.50896247306129 5.917348843148832 0.14053758646315945 3.7434167633621453 0.6781738449004641 
[1, 24, 48], [24, 15, 1], [1, 5, 5], [40, 40, 40], [1, 2], 10, 0.001, 1, False, False 1.8882455306196653 27.53274699406322 5.156352282996241 0.08222320269370742 0.9378601439046027 0.44062361222309876 
[1, 24, 48], [24, 15, 1], [1, 5, 5], [20, 20, 20], [0, 1, 2], 5, 0.001, 1, False, False 2.07198169881271 30.447779941423914 6.391261764860611 0.019764592091865908 0.46141633369823115 0.14640454669704572 
[1, 24, 48], [24, 1, 1], [1, 5, 5], [20, 20, 20], [0, 1, 2], 5, 0.001, 1, False, False 1.9969324680252207 31.929181848080237 5.8146624588998534 0.23076903614096383 4.444478241794499 1.162766861335968 
[1, 24, 48], [24, 1, 1], [1, 5, 5], [10, 10, 10], [0, 1, 2], 1, 0.001, 1, False, False 2.413961248734483 42.21632177343036 6.925934854359184 0.01604749027080317 0.4347486057584413 0.06214186706261958 
[1, 24, 48], [24, 5, 1], [1, 5, 5], [30, 30, 30], [1, 2], 5, 0.001, 1, False, False 2.0692752208836653 31.24654935042506 6.19694961012839 0.14550581970764098 3.900929177929788 0.7557190595418095 
[1, 24, 48], [24, 15, 10], [1, 20, 20], [40, 40, 40], [1, 2], 10, 0.001, 1, False, False 2.1049705689634988 29.947263209160877 6.263202687907792 0.0870299341978273 0.9517863437378286 0.3752970381892074 
[1, 24, 48], [24, 15, 10], [1, 5, 5], [20, 20, 20], [1, 2], 5, 0.001, 1, False, False 2.1645802475512026 32.17159534199635 6.847652804038368 0.053213869805796704 1.5700879060111883 0.2306619108919066 
[1, 24, 48], [24, 5, 1], [1, 5, 5], [10, 10, 10], [1, 2], 5, 0.001, 1, False, False 2.094246000962125 32.72166581555154 6.47345641009131 0.12373737094620417 2.8661418190182877 0.6019581343603757 
[1, 24, 48], [24, 15, 5], [1, 20, 20], [30, 30, 30], [1, 2], 10, 0.001, 1, False, False 2.0362683357670903 29.009867502340146 5.746833491562147 0.03970552057683412 0.7256577554420658 0.08167752965375362 
[1, 24, 48], [24, 15, 15], [1, 20, 20], [40, 40, 40], [1, 2], 10, 0.001, 1, False, False 2.0639672367971524 29.96539859647037 5.93623802635906 0.062342090953062826 0.5697261507389325 0.3567476435920275 
[1, 24, 48], [24, 10, 1], [1, 5, 5], [30, 30, 30], [1, 2], 20, 0.001, 1, False, False 1.9266010939109102 27.49130428212959 5.1279950543842 0.061122529554783714 0.979650490627439 0.25084265438183223 
[1, 24, 48], [24, 1, 1], [1, 10, 10], [10, 10, 10], [0, 1, 2], 20, 0.001, 1, False, False 1.8067407182659256 26.243855933557757 4.554980658264465 0.02099767905092816 0.6835948944370467 0.054367420319304735 
[1, 24, 48], [24, 10, 1], [1, 5, 5], [40, 40, 40], [1, 2], 1, 0.001, 1, False, False 2.4199244570814904 40.36066209459998 6.780023179729066 0.02817453706613648 0.44603487143693865 0.13550278514611905 
[1, 24, 48], [24, 15, 10], [1, 5, 5], [40, 40, 40], [1, 2], 20, 0.001, 1, False, False 1.9935205482222413 28.747930504277793 5.640956193546693 0.009437731618790761 0.20252397238466702 0.09230403231651522 
[1, 24, 48], [24, 15, 15], [1, 5, 5], [20, 20, 20], [0, 1, 2], 20, 0.001, 1, False, False 1.8847903400728547 27.3388473907418 5.265959778775869 0.13297776313098933 1.5607036461615722 0.6838484280690437 
[1, 24, 48], [24, 15, 5], [1, 5, 5], [20, 20, 20], [1, 2], 20, 0.001, 1, False, False 1.9560443441349042 28.068044103888862 5.473088572171364 0.1285189807257714 1.1091822179581112 0.5687362365369426 
[1, 24, 48], [24, 1, 1], [1, 10, 10], [20, 20, 20], [0, 1, 2], 1, 0.001, 1, False, False 2.4236276974280675 40.75789705416989 6.811736066201198 0.02651836761403854 0.22741045779255653 0.14565327663948407 
[1, 24, 48], [24, 15, 1], [1, 10, 10], [20, 20, 20], [0, 1, 2], 20, 0.001, 1, False, False 1.9269330509489881 27.412617126252886 5.407850911668867 0.0780427733150979 1.2971168722901132 0.19870595065912428 
[1, 24, 48], [24, 15, 1], [1, 10, 10], [10, 10, 10], [0, 1, 2], 20, 0.001, 1, False, False 1.9264069203080396 27.461719339801927 5.306421695418139 0.04785242784023461 0.6334925735154714 0.20772661802200018 
[1, 24, 48], [24, 15, 10], [1, 20, 20], [30, 30, 30], [1, 2], 1, 0.001, 1, False, False 2.2624735075566504 36.201029978965614 6.361234126650841 0.07023516959511578 1.5121089658983284 0.4162247623323226 
[1, 24], [24, 15], [1, 10], [10, 10], [0, 1], 20, 0.001, 1, False, False 2.033855554344201 28.296401438248736 5.73944211153396 0.06450690657753283 0.8090717824924409 0.3687405801717237 
[1, 24, 48], [24, 15, 15], [1, 5, 5], [20, 20, 20], [1, 2], 10, 0.001, 1, False, False 2.210053499118873 32.08236632751143 6.920954191931403 0.11544029060294991 2.2195031666822365 0.7603144059831735 
[1, 24, 48], [24, 15, 15], [1, 5, 5], [10, 10, 10], [1, 2], 1, 0.001, 1, False, False 2.421273633272008 42.61551326474376 7.032359990567676 0.02854702451835707 0.22546992563667967 0.08518489837688484 
[1, 24, 48], [24, 5, 1], [1, 5, 5], [20, 20, 20], [0, 1, 2], 20, 0.001, 1, False, False 1.8095217803562127 25.699632961643506 4.725379665448269 0.04528457614766932 0.6031103640520811 0.17981710669902923 
[1, 24, 48], [24, 10, 1], [1, 5, 5], [10, 10, 10], [1, 2], 20, 0.001, 1, False, False 1.9025174340854087 27.36453201285235 5.038891961949225 0.06388177790207304 0.8080427315301757 0.27067306088301624 
[1, 24, 48], [24, 15, 1], [1, 10, 10], [20, 20, 20], [0, 1, 2], 1, 0.001, 1, False, False 2.3595272700819705 39.45860048458556 6.56225648227268 0.09223646478089946 1.2329169073808262 0.421513082796479 
[1, 24, 48], [24, 15, 1], [1, 5, 5], [10, 10, 10], [0, 1, 2], 1, 0.001, 1, False, False 2.4226518641053527 41.8909800762297 6.958424886202696 0.03183015290685396 0.33028004706225117 0.14346627927393432 
[1, 24, 48], [24, 15, 1], [1, 5, 5], [10, 10, 10], [1, 2], 10, 0.001, 1, False, False 2.0062343556364928 29.224460310711947 5.6982830040939305 0.1531758917943277 3.1783216666480874 0.7782908597641353 
[1, 24, 48], [24, 1, 1], [1, 5, 5], [10, 10, 10], [0, 1, 2], 5, 0.001, 1, False, False 2.051012872973526 33.34418987569521 5.835395645982136 0.13028470797187514 3.8674151069801703 0.6236715336309474 
[1, 24, 48], [24, 5, 1], [1, 5, 5], [20, 20, 20], [1, 2], 10, 0.001, 1, False, False 1.8240144376677498 25.73174071639789 4.769411264729699 0.0624498346446135 0.48817148607730754 0.43153726685626254 
[1, 24, 48], [24, 15, 15], [1, 20, 20], [30, 30, 30], [1, 2], 10, 0.001, 1, False, False 2.018551040254533 28.959675633914063 5.8805633948110385 0.038964966334715974 0.6503421139052523 0.12064054960314657 
[1, 24, 48], [24, 15, 5], [1, 5, 5], [40, 40, 40], [1, 2], 10, 0.001, 1, False, False 2.0052890081165566 28.248670548708095 5.75888142562797 0.03877342974164947 0.979948794403756 0.21203535025121442 
[1, 24, 48], [24, 15, 5], [1, 5, 5], [10, 10, 10], [1, 2], 20, 0.001, 1, False, False 2.170335514588212 31.210644480632585 6.473560184697175 0.008037892925542502 0.19429669079713904 0.08544631595180757 
[1, 24, 48], [24, 10, 1], [1, 10, 10], [10, 10, 10], [0, 1, 2], 1, 0.001, 1, False, False 2.2996861542540565 40.16831625784926 6.307562924359742 0.016203355963945235 0.25619865089659444 0.06965386868984409 
[1, 24, 48], [24, 10, 1], [1, 5, 5], [40, 40, 40], [1, 2], 5, 0.001, 1, False, False 2.0453970722647177 31.743862566519237 6.272658017562414 0.06254025802835768 2.7731398777439575 0.4219772604021937 
[1, 24, 48], [24, 1, 1], [1, 20, 20], [30, 30, 30], [1, 2], 20, 0.001, 1, False, False 1.8908079107291993 27.410724489586894 5.267400099321223 0.05604698498980526 0.7990506965391546 0.4680302037671923 
[1, 24, 48], [24, 15, 15], [1, 5, 5], [40, 40, 40], [1, 2], 10, 0.001, 1, False, False 2.044409711534778 28.656054705036087 6.3551645065226205 0.0378353593297525 0.5592008802122689 0.4632525498490898 
[1, 24, 48], [24, 5, 1], [1, 5, 5], [30, 30, 30], [1, 2], 10, 0.001, 1, False, False 1.822808625624963 25.77516739414177 4.861564603640174 0.12423102757162896 2.4240513761963456 0.6351776012954022 
[1, 24, 48], [24, 15, 5], [1, 5, 5], [30, 30, 30], [1, 2], 10, 0.001, 1, False, False 2.0270050297801685 28.282205401078713 5.951011472900383 0.05652257438705316 0.6684832343012996 0.35895822553585993 
[1, 24, 48], [24, 15, 5], [1, 5, 5], [20, 20, 20], [1, 2], 1, 0.001, 1, False, False 2.412451181684931 41.3397882042998 6.953558517588629 0.05024408419319517 1.419025654645346 0.17389855362681292 
[1, 24, 48], [24, 15, 10], [1, 20, 20], [30, 30, 30], [1, 2], 5, 0.001, 1, False, False 2.137512005286084 30.737216027851307 6.778776405436168 0.023429401770069507 0.48656195516628425 0.22342082323625354 
[1, 24, 48], [24, 1, 1], [1, 20, 20], [40, 40, 40], [1, 2], 1, 0.001, 1, False, False 2.248165166833335 37.05411562852498 6.057614185628391 0.10952345005549641 2.2115347972725328 0.5400149071111641 
[1, 24, 48], [24, 5, 1], [1, 20, 20], [40, 40, 40], [1, 2], 20, 0.001, 1, False, False 2.0001133236620157 28.743252725315156 5.533297747972452 0.060654330824804766 0.6073109721918656 0.19885491702256994 
[1, 24, 48], [24, 15, 15], [1, 5, 5], [10, 10, 10], [0, 1, 2], 20, 0.001, 1, False, False 2.0229619841746707 29.23586419690243 5.6613706255999015 0.05210106674165306 0.6245248289836676 0.3448511250371309 
[1, 24, 48], [24, 15, 1], [1, 5, 5], [20, 20, 20], [1, 2], 20, 0.001, 1, False, False 1.9147314045785198 26.907081326098638 5.219546862148579 0.060605692236327884 0.6935386493070955 0.2953501238861058 
[1, 24, 48], [24, 15, 15], [1, 5, 5], [10, 10, 10], [1, 2], 5, 0.001, 1, False, False 2.286012367103939 35.39258756729842 7.505477428194038 0.09023466317122081 0.9475697918529642 0.7314514384279754 
[1, 24, 48], [24, 10, 1], [1, 5, 5], [30, 30, 30], [1, 2], 1, 0.001, 1, False, False 2.410545444916244 41.463771637047046 6.827216324436485 0.02151255596554861 0.6892103624811692 0.12737340184960824 
[1, 24, 48], [24, 15, 5], [1, 5, 5], [20, 20, 20], [0, 1, 2], 10, 0.001, 1, False, False 1.9317367275624917 27.177957357515222 5.451839541496416 0.029339271096081067 0.7991191812182539 0.2013450370129174 
[1, 24, 48], [24, 15, 1], [1, 20, 20], [30, 30, 30], [1, 2], 20, 0.001, 1, False, False 1.969914648078244 28.461818239727283 5.500929412147538 0.06646856714969608 0.87683563044459 0.15956370133605607 
[1, 24, 48], [24, 15, 5], [1, 20, 20], [40, 40, 40], [1, 2], 20, 0.001, 1, False, False 2.0683098764124286 29.653702073650724 5.835787052640163 0.05819542384483968 0.7322203511744868 0.1476101274965799 
[1, 24, 48], [24, 5, 1], [1, 5, 5], [40, 40, 40], [1, 2], 20, 0.001, 1, False, False 1.8670281604898193 26.72184803288799 4.90121624188374 0.04195494719946627 0.5457262089240286 0.15927563225790392 
[1, 24, 48], [24, 15, 15], [1, 5, 5], [20, 20, 20], [0, 1, 2], 1, 0.001, 1, False, False 2.446082661770008 40.933796670724 6.945780115754681 0.018547186279660285 0.7548996806340664 0.11844222841959118 
[1, 24, 48], [24, 15, 15], [1, 5, 5], [30, 30, 30], [1, 2], 1, 0.001, 1, False, False 2.446203068174698 41.12157244843721 6.952210243969355 0.023238602553400677 0.636572792061795 0.1405822687104256 
[1, 24, 48], [24, 5, 1], [1, 20, 20], [30, 30, 30], [1, 2], 1, 0.001, 1, False, False 2.3659871269707327 38.820170732109666 6.768370460073922 0.0807651828673895 1.862560242277989 0.36343077703899657 
[1, 24, 48], [24, 15, 1], [1, 20, 20], [40, 40, 40], [1, 2], 1, 0.001, 1, False, False 2.310057236888894 38.13564360217304 6.610871652508 0.12810685985865447 2.491480021506979 0.45374383234487725 
[1, 24, 48], [24, 1, 1], [1, 5, 5], [20, 20, 20], [0, 1, 2], 10, 0.001, 1, False, False 1.7303087642416355 25.304305654872252 4.315925211575609 0.15629408155077193 2.0859041656819715 0.6632683589413856 
[1, 24, 48], [24, 15, 15], [1, 10, 10], [20, 20, 20], [0, 1, 2], 20, 0.001, 1, False, False 2.0166036702899466 28.743893008916316 5.751033023513961 0.03001479611309165 0.23132167024585204 0.10333595538919409 
[1, 24, 48], [24, 15, 10], [1, 5, 5], [30, 30, 30], [1, 2], 20, 0.001, 1, False, False 1.9913891498689296 28.526468299063342 5.593031196095416 0.055384893266907806 0.7485643464652546 0.32545784305799363 
[1, 24, 48], [24, 15, 1], [1, 10, 10], [10, 10, 10], [0, 1, 2], 20, 0.001, 1, False, False 1.951275842257396 27.887353285651358 5.240889307806189 0.06917510463401391 0.9801403993669429 0.29580849802184705 
[1, 24, 48], [24, 1, 1], [1, 20, 20], [40, 40, 40], [1, 2], 5, 0.001, 1, False, False 1.845417960408937 26.811674919973047 5.044952155185299 0.06274440049928015 0.8128515840617504 0.3056914131632142 
[1, 24, 48], [24, 5, 1], [1, 5, 5], [10, 10, 10], [0, 1, 2], 20, 0.001, 1, False, False 1.8682526816993397 26.236140881791545 4.94472264665993 0.08977117099935382 1.0352038835266366 0.40229097990190416 
[1, 24, 48], [24, 15, 10], [1, 5, 5], [40, 40, 40], [1, 2], 1, 0.001, 1, False, False 2.4634725221743192 40.31202219496573 7.044343390689186 0.04488991255785715 0.507645463968039 0.26097636335603336 
[1, 24, 48], [24, 15, 1], [1, 5, 5], [10, 10, 10], [0, 1, 2], 5, 0.001, 1, False, False 2.072694887931424 31.86706141206246 6.103761359326616 0.09905573918795708 2.1203778982699344 0.5112414469563472 
[1, 24, 48], [24, 15, 15], [1, 5, 5], [10, 10, 10], [0, 1, 2], 1, 0.001, 1, False, False 2.401984491309634 41.53848147516272 6.845334500628738 0.034772752033046715 0.4833845713602936 0.16128095424706126 
[1, 24, 48], [24, 5, 1], [1, 20, 20], [30, 30, 30], [1, 2], 20, 0.001, 1, False, False 1.926355975921507 28.009160727350935 5.273753972594309 0.09573759971313663 1.133274134368868 0.18717655094611646 
[1, 24, 48], [24, 15, 1], [1, 10, 10], [20, 20, 20], [0, 1, 2], 5, 0.001, 1, False, False 2.0751583696170535 30.1268573290711 6.240159697296389 0.009375485017847053 0.2184774325647789 0.13621459673529687 
[1, 24, 48], [24, 10, 1], [1, 5, 5], [20, 20, 20], [0, 1, 2], 20, 0.001, 1, False, False 1.8760193472107247 26.55033519364713 5.130743727078951 0.029067791655607206 0.4604954113368052 0.08781248634654244 
[1, 24, 48], [24, 10, 1], [1, 5, 5], [30, 30, 30], [1, 2], 5, 0.001, 1, False, False 1.9642702926778133 30.059652270854844 5.695664108438969 0.10612614611063209 1.519697331863856 0.5995436092640621 
[1, 24, 48], [24, 10, 1], [1, 10, 10], [20, 20, 20], [0, 1, 2], 10, 0.001, 1, False, False 1.9189154754841216 27.312370599616106 5.339223261220493 0.039213151194626435 0.8261605564875487 0.16949382209528538 
[1, 24, 48], [24, 15, 1], [1, 5, 5], [10, 10, 10], [0, 1, 2], 10, 0.001, 1, False, False 2.0467788528513022 29.620486372029376 5.985031270509936 0.09837568108022055 1.4878559117536356 0.6556683777238809 
[1, 24, 48], [24, 15, 1], [1, 10, 10], [20, 20, 20], [0, 1, 2], 1, 0.001, 1, False, False 2.416590867370919 40.995755910360636 6.828977264851312 0.006089512008805025 0.46505197531224046 0.03343019089797731 
[1, 24, 48], [24, 1, 1], [1, 5, 5], [40, 40, 40], [1, 2], 20, 0.001, 1, False, False 1.8256164413428415 26.239640561510743 4.767842977212819 0.03684288330095085 0.36346336094893833 0.14615251596660986 
[1, 24, 48], [24, 10, 1], [1, 10, 10], [10, 10, 10], [0, 1, 2], 5, 0.001, 1, False, False 1.9522828193726365 28.676071231102615 5.770597188625999 0.10901649730286937 1.8095831594004623 0.6075280393517587 
[1, 24, 48], [24, 5, 1], [1, 20, 20], [40, 40, 40], [1, 2], 1, 0.001, 1, False, False 2.170003989794188 35.18283011965829 5.704009985685662 0.09885810481677636 2.3933123445208664 0.22513287988292482 
[1, 24, 48], [24, 15, 1], [1, 5, 5], [20, 20, 20], [0, 1, 2], 10, 0.001, 1, False, False 1.8747999199286658 27.06139990165975 5.137929523972009 0.10639642968820924 1.1206499467737634 0.6431715065056366 
[1, 24, 48], [24, 5, 1], [1, 5, 5], [20, 20, 20], [0, 1, 2], 1, 0.001, 1, False, False 2.419501839026257 41.63346329924421 6.897407828990548 0.045139920316326965 0.5499460000425395 0.12962565988501504 
[1, 24, 48], [24, 15, 1], [1, 5, 5], [20, 20, 20], [0, 1, 2], 20, 0.001, 1, False, False 1.950711444544571 27.45226752330807 5.522881801319617 0.0640166921305483 1.1227083070048656 0.2837966237640387 
[1, 24, 48], [24, 10, 1], [1, 5, 5], [10, 10, 10], [0, 1, 2], 20, 0.001, 1, False, False 1.9083965131943972 27.02693735127485 5.205944041480044 0.061718759075687954 1.0107805488059185 0.2719175735779894 
[1, 24, 48], [24, 15, 5], [1, 10, 10], [20, 20, 20], [0, 1, 2], 20, 0.001, 1, False, False 1.977149782267709 28.0375978757796 5.538539601506201 0.045340257275964795 0.8431970779401018 0.21352859016672907 
[1, 24, 48], [24, 15, 1], [1, 5, 5], [30, 30, 30], [1, 2], 20, 0.001, 1, False, False 1.9244246905324633 27.593327212216977 5.215988080908766 0.03139968571822901 0.6985568645252533 0.15597770145736461 
[1, 24, 48], [24, 5, 1], [1, 10, 10], [20, 20, 20], [0, 1, 2], 20, 0.001, 1, False, False 1.9109018079453592 27.309924905085694 5.083615594872477 0.011968810795329347 0.11300789400719592 0.04384954485416308 
[1, 24, 48], [24, 10, 1], [1, 20, 20], [30, 30, 30], [1, 2], 20, 0.001, 1, False, False 1.961379408450038 28.593855947627457 5.353742191828972 0.03644389002571817 0.6531447988284326 0.16826629120284928 
[1, 24, 48], [24, 15, 1], [1, 10, 10], [10, 10, 10], [0, 1, 2], 1, 0.001, 1, False, False 2.4241556246247558 41.54634105431052 6.876899666546952 0.053889447235707356 1.281766606142042 0.3436027532238053 
[1, 24, 48], [24, 10, 1], [1, 5, 5], [40, 40, 40], [1, 2], 10, 0.001, 1, False, False 1.913081457645253 26.993712446976705 5.372698415232652 0.10410657789427566 1.9044529241742125 0.6727316866709189 
[1, 24, 48], [24, 1, 1], [1, 20, 20], [30, 30, 30], [1, 2], 1, 0.001, 1, False, False 2.2849886928167606 39.71003598295437 6.338040205634035 0.10433866254560899 0.8750787746312367 0.45640617665970457 
[1, 24, 48], [24, 5, 1], [1, 10, 10], [10, 10, 10], [0, 1, 2], 20, 0.001, 1, False, False 1.9172979056904156 26.85858405471849 5.204153913516443 0.07380761006685586 0.7755674379447497 0.38361709244948966 
[1, 24, 48], [24, 15, 15], [1, 5, 5], [30, 30, 30], [1, 2], 5, 0.001, 1, False, False 2.2578866324973874 34.12706466774636 7.593594144412475 0.12225530605292906 3.2694258051634546 0.735895025066052 
[1, 24, 48], [24, 1, 1], [1, 5, 5], [30, 30, 30], [1, 2], 20, 0.001, 1, False, False 1.7970550464259247 25.70545570965208 4.765066104762968 0.04921432862498218 0.9408391716678063 0.21041204019229545 
[1, 24, 48], [24, 10, 1], [1, 20, 20], [40, 40, 40], [1, 2], 20, 0.001, 1, False, False 1.9919708018260145 28.881574708929616 5.429720871181634 0.05964978406397619 0.9834559116518672 0.23881617158484994 
[1, 24, 48], [24, 15, 5], [1, 10, 10], [10, 10, 10], [0, 1, 2], 20, 0.001, 1, False, False 2.0288200161385315 28.480311220340823 5.856996453137384 0.04065369027548774 0.12506409413318625 0.21387372254519535 
[1, 24, 48], [24, 15, 1], [1, 5, 5], [40, 40, 40], [1, 2], 1, 0.001, 1, False, False 2.461543789492161 40.8852411586123 6.99792308485524 0.024299476219394076 0.7171355413657279 0.10138398308583761 
[1, 24, 48], [24, 15, 1], [1, 20, 20], [40, 40, 40], [1, 2], 5, 0.001, 1, False, False 1.9656451796009031 27.605048861423395 5.849587462075719 0.03430814199997263 0.6086414183427241 0.28286790892216357 
[1, 24, 48], [24, 10, 1], [1, 20, 20], [40, 40, 40], [1, 2], 1, 0.001, 1, False, False 2.3468134106171354 38.86901188320637 6.528422143229012 0.07096225507356732 0.5816437546349008 0.4780376980993726 
[1, 24, 48], [24, 15, 1], [1, 10, 10], [10, 10, 10], [0, 1, 2], 1, 0.001, 1, False, False 2.4241140188718284 41.29236882632022 6.903890135793053 0.04214283625562607 0.25128016237679135 0.2243865015538718 
[1, 24, 48], [24, 10, 1], [1, 5, 5], [20, 20, 20], [0, 1, 2], 1, 0.001, 1, False, False 2.4046135214191895 40.952385034338015 6.738549464992688 0.03881644197076465 0.6502303591088598 0.2259342153245252 
[1, 24, 48], [24, 1, 1], [1, 5, 5], [40, 40, 40], [1, 2], 1, 0.001, 1, False, False 2.418034610538571 41.67693258081953 6.877614152713225 0.02864984076281566 0.3735368028414017 0.11431438094439363 
[1, 24, 48], [24, 15, 10], [1, 5, 5], [30, 30, 30], [1, 2], 1, 0.001, 1, False, False 2.393767088720644 39.243140488163505 6.8084163011161465 0.02559974116791235 1.2516146124834568 0.1142330653166673 
[1, 24, 48], [24, 15, 5], [1, 5, 5], [10, 10, 10], [0, 1, 2], 1, 0.001, 1, False, False 2.3709179228792583 41.17768468094395 6.676566817716769 0.05216988526671688 1.2028807596359496 0.3152826182782906 
[1, 24, 48], [24, 5, 1], [1, 5, 5], [10, 10, 10], [0, 1, 2], 1, 0.001, 1, False, False 2.367990732662104 41.75824667789703 6.724298610848042 0.03477480625334567 0.20541613858139476 0.10513690357760339 
[1, 24, 48], [24, 15, 15], [1, 10, 10], [10, 10, 10], [0, 1, 2], 20, 0.001, 1, False, False 2.1828251381163244 31.19380584363139 6.566668951466486 0.07615509657914286 0.8440777561373803 0.39447689699760674 
[1, 24, 48], [24, 15, 10], [1, 20, 20], [30, 30, 30], [1, 2], 10, 0.001, 1, False, False 2.0467626466381326 29.312378923330584 6.065447682458834 0.019645088608947595 0.06903941681986765 0.09315371552678797 
[1, 24, 48], [24, 15, 5], [1, 10, 10], [20, 20, 20], [0, 1, 2], 1, 0.001, 1, False, False 2.3059983094809233 38.50893177052114 6.433764296923424 0.09851145226120478 1.5620336746642114 0.3437782669964178 
[1, 24, 48], [24, 15, 15], [1, 5, 5], [20, 20, 20], [0, 1, 2], 5, 0.001, 1, False, False 2.3495100034262846 35.80957494608946 7.699697526592409 0.056895418993574434 3.2375615074054593 0.6947123467399843 
[1, 24, 48], [24, 15, 10], [1, 5, 5], [40, 40, 40], [1, 2], 5, 0.001, 1, False, False 1.9849671125963881 27.516870779684883 6.40149276533453 0.03159834704038576 0.688296043381945 0.06883358452258487 
[1, 24, 48], [24, 5, 1], [1, 20, 20], [40, 40, 40], [1, 2], 5, 0.001, 1, False, False 1.8315332431553137 25.489718324098764 5.050852355579692 0.004349940451639143 0.2775475790977208 0.06146313142782577 
[1, 24, 48], [24, 15, 5], [1, 20, 20], [30, 30, 30], [1, 2], 20, 0.001, 1, False, False 1.9495185237239905 27.741078351273483 5.811810057743133 0.08000152448333386 0.8750084163867664 0.2773688419750011 
[1, 24, 48], [24, 1, 1], [1, 20, 20], [30, 30, 30], [1, 2], 5, 0.001, 1, False, False 1.778900386303387 25.498025858412518 4.7774495674999615 0.05327856581672015 1.1108536220045375 0.11498173022476893 
[1, 24, 48], [24, 15, 1], [1, 5, 5], [40, 40, 40], [1, 2], 20, 0.001, 1, False, False 1.9021346371827852 27.004272294294353 5.143559586689373 0.05017315529698905 0.6281339506470389 0.22823303620948573 
[1, 24, 48], [24, 5, 1], [1, 5, 5], [30, 30, 30], [1, 2], 20, 0.001, 1, False, False 1.7525642325135846 25.215503363011962 4.633334707424993 0.11041610055727341 1.1674974838299828 0.28175831209777014 
[1, 24, 48], [24, 15, 10], [1, 20, 20], [40, 40, 40], [1, 2], 20, 0.001, 1, False, False 2.0864076262408933 30.044453733672896 6.247341529504773 0.012497414444548317 0.17825127284798123 0.12328434109542909 
[1, 24, 48], [24, 15, 5], [1, 20, 20], [40, 40, 40], [1, 2], 1, 0.001, 1, False, False 2.1316555481680015 34.18234395238554 5.945807930668704 0.04015717933344873 0.8844047630897656 0.48172888288706855 
[1, 24, 48], [24, 15, 15], [1, 20, 20], [40, 40, 40], [1, 2], 20, 0.001, 1, False, False 2.1013020862100853 30.64453292792081 6.39816230185561 0.044262828147678596 0.7176876788805407 0.30791470615574734 
[1, 24, 48], [24, 15, 1], [1, 5, 5], [40, 40, 40], [1, 2], 5, 0.001, 1, False, False 2.0787597021639894 30.54356138241998 6.634500517827338 0.09874477789714656 3.166988541024039 0.5040142480835108 
[1, 24, 48], [24, 15, 1], [1, 5, 5], [30, 30, 30], [1, 2], 1, 0.001, 1, False, False 2.445275853367315 41.03161996896975 6.950122619772853 0.02616207274863302 0.8248633954178348 0.14053070446821414 
[1, 24, 48], [24, 15, 1], [1, 20, 20], [30, 30, 30], [1, 2], 1, 0.001, 1, False, False 2.2606730542801046 37.08383275892283 6.187404447386317 0.08051375137218049 1.457396868865043 0.40897936279403535 
[1, 24, 48], [24, 15, 1], [1, 10, 10], [20, 20, 20], [0, 1, 2], 5, 0.001, 1, False, False 2.0380833754660905 29.76403661770692 6.336970672254033 0.14023168632062907 2.555183014615751 0.6419726201106906 
[1, 24, 48], [24, 1, 1], [1, 20, 20], [40, 40, 40], [1, 2], 10, 0.001, 1, False, False 1.9124429616042304 27.310480326160498 4.997220873996356 0.018261657156771176 0.4013359896870649 0.08206604618270577 
[1, 24, 48], [24, 5, 1], [1, 5, 5], [20, 20, 20], [0, 1, 2], 5, 0.001, 1, False, False 1.921560682356357 28.736696016331035 5.538246595102739 0.10795514435976997 2.453780899018629 0.703495966575442 
[1, 24, 48], [24, 15, 10], [1, 5, 5], [30, 30, 30], [1, 2], 5, 0.001, 1, False, False 2.0936250093910425 29.973170910620556 6.610877986479168 0.1845360103039848 3.8035096369057184 1.130960537934246 
[1, 24, 48], [24, 15, 1], [1, 10, 10], [10, 10, 10], [0, 1, 2], 5, 0.001, 1, False, False 2.07300920240857 32.28060349553278 6.30556260928973 0.15920745329563807 4.166850392807682 0.8441331024028887 
[1, 24, 48], [24, 10, 1], [1, 5, 5], [30, 30, 30], [1, 2], 10, 0.001, 1, False, False 1.9272550846967433 27.152336640736717 5.256616036522153 0.041080467804734004 0.892397167897495 0.2433876962850186 
[1, 24, 48], [24, 15, 5], [1, 5, 5], [10, 10, 10], [0, 1, 2], 5, 0.001, 1, False, False 2.127950305498585 31.34384417281934 6.61067412188364 0.1138113249543513 1.8674965754156092 0.862279249605558 
[1, 24, 48], [24, 15, 15], [1, 20, 20], [30, 30, 30], [1, 2], 20, 0.001, 1, False, False 2.076582392494849 30.303450328561777 6.00539428829829 0.0556950115537561 0.6682223866147594 0.37731024264245355 
[1, 24, 48], [24, 15, 5], [1, 5, 5], [40, 40, 40], [1, 2], 20, 0.001, 1, False, False 2.008866880433978 28.213271414973892 5.682311738028165 0.01026348301477382 0.4084970884126086 0.12712443304140142 
[1, 24, 48], [24, 15, 1], [1, 10, 10], [20, 20, 20], [0, 1, 2], 10, 0.001, 1, False, False 1.9413171669813216 26.982394181134566 5.413448579567459 0.01949522667237371 0.29320958014853127 0.1428893728782815 
[1, 24, 48], [24, 15, 1], [1, 5, 5], [10, 10, 10], [0, 1, 2], 10, 0.001, 1, False, False 2.051784723369335 30.331054292550732 5.812142065311644 0.12602569176937733 1.4491742467822712 0.6854718132543566 
[1, 24, 48], [24, 15, 5], [1, 20, 20], [40, 40, 40], [1, 2], 5, 0.001, 1, False, False 1.984640595461759 28.26890658783068 5.683961622669489 0.023058280101982843 0.6982436130235397 0.22282117078612207 
[1, 24, 48], [24, 15, 15], [1, 5, 5], [30, 30, 30], [1, 2], 10, 0.001, 1, False, False 2.0624723518543218 29.36641146230639 6.067593937031893 0.006523591445404288 0.5125245819405124 0.21920169608983978 
[1, 24, 48], [24, 10, 1], [1, 10, 10], [10, 10, 10], [0, 1, 2], 10, 0.001, 1, False, False 1.954373637255695 27.703138900561935 5.34843128424664 0.04411464411308104 0.7019045608002914 0.24365674277038543 
[1, 24, 48], [24, 15, 5], [1, 20, 20], [30, 30, 30], [1, 2], 1, 0.001, 1, False, False 2.290375360763735 37.4257782058078 6.484117413037622 0.09597453623067442 1.5491480597509726 0.257008230350968 
[1, 24, 48], [24, 15, 15], [1, 20, 20], [40, 40, 40], [1, 2], 1, 0.001, 1, False, False 2.25622167236827 36.18414881325506 6.506566650172448 0.13607081403147445 2.4142309162169204 0.4013978093722679 
[1, 24, 48], [24, 15, 1], [1, 20, 20], [40, 40, 40], [1, 2], 10, 0.001, 1, False, False 1.9643012678526615 28.336323568501104 5.288489620511622 0.013220990893082868 0.1542898007894404 0.17690220976862828 
[1, 24, 48], [24, 15, 15], [1, 5, 5], [40, 40, 40], [1, 2], 20, 0.001, 1, False, False 1.9633905222018562 27.856910094347274 5.61710932523757 0.08150136784949623 0.5478858545441894 0.3775587813462433 
[1, 24, 48], [24, 15, 1], [1, 20, 20], [30, 30, 30], [1, 2], 5, 0.001, 1, False, False 1.8973107802716118 26.511647790307347 5.366902633020625 0.05296885986708907 0.7904629480426766 0.12736328014890083 
[1, 24, 48], [24, 15, 10], [1, 5, 5], [40, 40, 40], [1, 2], 10, 0.001, 1, False, False 1.993784618136231 28.244126464822447 5.686417485850829 0.022495436460721708 0.6508126355785503 0.17733655541770682 
[1, 24, 48], [24, 15, 5], [1, 5, 5], [30, 30, 30], [1, 2], 20, 0.001, 1, False, False 2.083756472846424 29.681080540983157 6.020202399327345 0.10231813810420454 1.4812565331732543 0.5044759369211916 
[1, 24, 48], [24, 15, 15], [1, 20, 20], [30, 30, 30], [1, 2], 1, 0.001, 1, False, False 2.2839159826437636 38.05551444667959 6.350933858855519 0.10209254679537084 1.7166205111029555 0.3418677281622178 
[1, 24, 48], [24, 15, 5], [1, 5, 5], [40, 40, 40], [1, 2], 1, 0.001, 1, False, False 2.4609009508733397 41.253525569303235 7.0421326943322455 0.015317083023124622 0.5972239582047102 0.038430924103718 
[1, 24, 48], [24, 15, 15], [1, 20, 20], [40, 40, 40], [1, 2], 5, 0.001, 1, False, False 2.0660106689013817 29.62583340567714 6.356422409760157 0.017595300039386447 1.0258091498771715 0.20097661810219442 
[1, 24, 48], [24, 15, 5], [1, 20, 20], [30, 30, 30], [1, 2], 5, 0.001, 1, False, False 2.060568000141669 29.088226930052212 6.18026664948198 0.05203304700991402 1.0108634183275242 0.14486378268473143 
[1, 24, 48], [24, 10, 1], [1, 5, 5], [40, 40, 40], [1, 2], 20, 0.001, 1, False, False 1.9679208537494695 28.093434618780392 5.545575196290776 0.08602161712451413 0.9316874652422851 0.361633084485747 
[1, 24, 48], [24, 15, 5], [1, 20, 20], [40, 40, 40], [1, 2], 10, 0.001, 1, False, False 2.033003015174634 29.054095061637707 5.911956520035512 0.09321365515875815 1.5413224595899861 0.2599974886877523 
[1, 24, 48], [24, 15, 10], [1, 20, 20], [30, 30, 30], [1, 2], 20, 0.001, 1, False, False 2.1010407523976427 30.02983086551726 6.178486105203032 0.08166963611283357 1.2391392069432403 0.3859600749071922 
[1, 24, 48], [24, 15, 1], [1, 20, 20], [30, 30, 30], [1, 2], 10, 0.001, 1, False, False 1.987861281240151 28.073663425466382 5.414252829921282 0.0338771307727519 0.45722695812717834 0.24576126453453562 
[1, 24, 48], [24, 10, 1], [1, 10, 10], [20, 20, 20], [0, 1, 2], 20, 0.001, 1, False, False 1.9388856570891757 27.4634734522832 5.393834146353643 0.04243001821447862 0.3648363901626738 0.10263921746553539 
[1, 24, 48], [24, 15, 1], [1, 5, 5], [10, 10, 10], [0, 1, 2], 20, 0.001, 1, False, False 1.9242287807373535 27.190095480253337 5.439748359058766 0.028082450330856344 0.9078761211674491 0.14267628932490528 
[1, 24, 48], [24, 15, 1], [1, 5, 5], [20, 20, 20], [0, 1, 2], 20, 0.001, 1, False, False 1.9416103006995937 27.61133010021855 5.327802595281209 0.02042509221948715 0.17577330042376318 0.11319591526648226 
[1, 24, 48], [24, 15, 15], [1, 5, 5], [30, 30, 30], [1, 2], 20, 0.001, 1, False, False 2.0388987898619635 28.908144868875453 5.788473092879954 0.06393372296446645 0.5314769328731097 0.3741335584711524 
[1, 24, 48], [24, 15, 1], [1, 20, 20], [40, 40, 40], [1, 2], 20, 0.001, 1, False, False 1.8685758381081674 27.23625167447622 5.269110002657115 0.060372768331876527 0.8892212956496607 0.14911411997604546 
