lags time_steps dense_nodes lstm_nodes processed scales                        epochs l2 learning_rate mean_mae mean_mape mean_mse                         std mae std_mape std_mse 
[1, 24], [24, 10], [1, 10], [20, 20], [0, 1], 1, 0.001, 1, False, True 2.360742045642325 32.46536960920656 8.74026172061972 0.06189683876940929 0.6974832323924937 0.4869671228927006 
[1, 24], [24, 20], [1, 10], [20, 20], [0, 1], 1, 0.001, 1, False, True 2.1733211040220883 30.191776383520097 7.585404127338581 0.025410503734379045 0.4735380891560996 0.0905109536598593 
[1, 24], [24, 15], [1, 10], [20, 20], [0, 1], 1, 0.001, 1, False, True 2.008302905707172 27.510699062815167 6.612740785700191 0.09082811283240286 1.3702041271881067 0.45597523167479614 
[1, 24], [24, 5], [1, 10], [20, 20], [0, 1], 1, 0.001, 1, False, True 2.2132022056452656 31.160796173126965 7.719332187837797 0.015743676752973817 0.9066404261926891 0.14398256302308238 
[1, 24], [24, 10], [1, 10], [30, 30], [0, 1], 1, 0.001, 1, False, True 2.1899286740493995 29.889034499858607 7.584719038959009 0.1440632030129472 1.9350493607493653 0.8580118852023707 
[1, 24], [24, 5], [1, 10], [30, 30], [0, 1], 1, 0.001, 1, False, True 2.2062957098845533 30.595263509383297 7.670547115922883 0.1540712703830908 2.1561070221519087 1.0633111578659828 
[1, 24], [24, 20], [1, 10], [30, 30], [0, 1], 1, 0.001, 1, False, True 2.1329983584375842 28.98483205765297 7.372396082283557 0.02850704980194399 0.48911079652954176 0.4052607456884324 
[1, 24], [24, 10], [1, 5], [20, 20], [0, 1], 1, 0.001, 1, False, True 2.0547568019893436 28.536194184689474 6.839464341226247 0.05051363780030954 0.7311709599737541 0.39290545267945987 
[1, 24], [24, 20], [1, 5], [20, 20], [0, 1], 1, 0.001, 1, False, True 2.1263352527317627 29.67634760592989 7.3375231816408615 0.11890237540178153 1.8617289838737672 0.7353731893915553 
[1, 24], [24, 20], [1, 5], [30, 30], [0, 1], 1, 0.001, 1, False, True 2.152296348750867 29.363348224776924 7.409527504066446 0.12064119124183804 1.616144653484995 0.7742772134124313 
[1, 24], [24, 10], [1, 5], [30, 30], [0, 1], 1, 0.001, 1, False, True 2.113159543648362 28.907867075743194 6.8417509298434345 0.13227058338798187 1.2283356577890951 1.0610475757353433 
[1, 24], [24, 15], [1, 10], [30, 30], [0, 1], 1, 0.001, 1, False, True 2.2085018873421682 30.3849521217161 7.932357271605582 0.0844818770272484 0.8504325247752985 0.6356878752266398 
[1, 24], [24, 15], [1, 5], [30, 30], [0, 1], 1, 0.001, 1, False, True 2.085068951988662 28.283887044723638 6.954354628596202 0.11641857135683029 1.8021340557397487 0.8243169264718537 
[1, 24], [24, 5], [1, 5], [30, 30], [0, 1], 1, 0.001, 1, False, True 2.0791541900899677 28.614671025092164 6.9051490830992295 0.10671688968175767 1.9292708686199376 0.570447893730729 
[1, 24, 48], [24, 10, 5], [1, 10, 10], [20, 20, 20], [0, 1, 2], 1, 0.001, 1, False, True 2.0283502604053525 30.620783951249546 6.270009162395872 0.1299390044706424 1.8358879881988965 0.7850562104998816 
[1, 24, 48], [24, 15, 5], [1, 10, 10], [30, 30, 30], [0, 1, 2], 1, 0.001, 1, False, True 2.1153746163610503 30.581149294004565 6.872482815783443 0.19448844666196388 2.025368479548774 1.1262173432047657 
[1, 24, 48], [24, 5, 5], [1, 20, 20], [20, 20, 20], [0, 1, 2], 1, 0.001, 1, False, True 1.7862510877350966 27.258677751326946 5.047316418734766 0.15781455666691013 2.128099039383099 0.7593255884350731 
[1, 24, 48], [24, 5, 5], [1, 10, 10], [20, 20, 20], [0, 1, 2], 1, 0.001, 1, False, True 2.0655343530768597 31.93492964167182 6.4233205797199 0.13217804652827314 2.0905656524487504 0.7876202301403303 
[1, 24, 48], [24, 15, 5], [1, 10, 10], [20, 20, 20], [0, 1, 2], 1, 0.001, 1, False, True 2.0072100600020755 29.41756863519503 6.120596340348242 0.18800783621078077 2.335525289255687 1.2855406377362952 
[1, 24, 48], [24, 5, 5], [1, 20, 20], [30, 30, 30], [0, 1, 2], 1, 0.001, 1, False, True 2.023193745425454 30.93545321278936 6.227916602573882 0.15305568279495907 1.9338212410601514 1.064146450495448 
[1, 24, 48], [24, 5, 5], [1, 10, 10], [30, 30, 30], [0, 1, 2], 1, 0.001, 1, False, True 2.082900328271919 29.633642928066674 7.179656790819064 0.20121649018618745 3.0920059722440607 1.5825016171987247 
[1, 24, 48], [24, 10, 5], [1, 20, 20], [20, 20, 20], [0, 1, 2], 1, 0.001, 1, False, True 2.017345220733572 30.27858889852493 6.145934060037843 0.03934452905727711 0.35201701627751997 0.20764213615805516 
[1, 24, 48], [24, 10, 5], [1, 20, 20], [30, 30, 30], [0, 1, 2], 1, 0.001, 1, False, True 1.9687861778876845 29.557947724172266 5.8669973514919365 0.19766142520402005 2.825970500110407 0.833286930429615 
[1, 24, 48], [24, 10, 5], [1, 10, 10], [30, 30, 30], [0, 1, 2], 1, 0.001, 1, False, True 1.9422614893082664 29.738264063120084 5.612490049377804 0.015133824806671706 0.9188918829193482 0.11598281346161565 
[1, 24, 48], [24, 20, 20], [1, 20, 20], [20, 20, 20], [0, 1, 2], 1, 0.001, 1, False, True 2.0518862002425724 30.973514569375283 6.409722223632872 0.16288429172920987 2.529568914595111 0.634458950965074 
[1, 24, 48], [24, 20, 20], [1, 20, 20], [30, 30, 30], [0, 1, 2], 1, 0.001, 1, False, True 1.957305699476489 28.946856811549875 5.816904774687143 0.05688536309832275 0.5435090360891804 0.2690563302876297 
[1, 24, 48], [24, 15, 5], [1, 20, 20], [30, 30, 30], [0, 1, 2], 1, 0.001, 1, False, True 2.1334353351620616 32.863161064197385 6.857178394415218 0.10004399602075137 1.298159498691922 0.6761110917251507 
[1, 24, 48], [24, 20, 5], [1, 10, 10], [20, 20, 20], [0, 1, 2], 1, 0.001, 1, False, True 1.973586763958964 29.508050325751118 5.943492216308613 0.10235081160725396 1.410308441053235 0.7160243337979955 
[1, 24, 48], [24, 20, 5], [1, 20, 20], [20, 20, 20], [0, 1, 2], 1, 0.001, 1, False, True 1.8860011948203599 28.8602695054461 5.51438318111538 0.08092934341065804 1.146113171482454 0.2748433580241061 
[1, 24, 48], [24, 15, 5], [1, 20, 20], [20, 20, 20], [0, 1, 2], 1, 0.001, 1, False, True 1.9329347201243594 29.489403061660855 5.720726537727752 0.12496899887329159 1.8949214414457836 0.5438073641617509 
[1, 24, 48], [24, 20, 5], [1, 10, 10], [30, 30, 30], [0, 1, 2], 1, 0.001, 1, False, True 2.1028983349325476 30.176563926642675 6.738842123425873 0.2017337754214935 3.252889109029472 1.296437816714606 
[1, 24, 48], [24, 20, 20], [1, 10, 10], [20, 20, 20], [0, 1, 2], 1, 0.001, 1, False, True 2.0378582973240147 31.172469285232765 6.398173811843159 0.1590459924310202 2.986467145541018 0.8531351911093841 
[1, 24, 48], [24, 20, 20], [1, 10, 10], [30, 30, 30], [0, 1, 2], 1, 0.001, 1, False, True 1.675300279121708 24.865264883081128 4.3196624725787665 0.12973337135205473 1.020929716552991 0.9051401014967518 
[1, 24, 48], [24, 20, 15], [1, 20, 20], [30, 30, 30], [0, 1, 2], 1, 0.001, 1, False, True 1.7977387459465748 27.69311208646229 4.9655947518149 0.061291782201663834 0.3665579036111493 0.40184369639667117 
[1, 24, 48], [24, 20, 15], [1, 20, 20], [20, 20, 20], [0, 1, 2], 1, 0.001, 1, False, True 2.1811984024252054 32.420793313336866 7.147527270938435 0.18620964170733034 2.7456946077060094 1.244653709751877 
[1, 24, 48], [24, 20, 15], [1, 10, 10], [30, 30, 30], [0, 1, 2], 1, 0.001, 1, False, True 1.9136229195459575 27.757743975358963 5.523929282011193 0.30084725072091517 4.069149398429586 1.7574211679279523 
[1, 24, 48], [24, 20, 15], [1, 10, 10], [20, 20, 20], [0, 1, 2], 1, 0.001, 1, False, True 2.1076319825456094 32.42410073255585 6.580920637522794 0.2801143965065328 3.1920579754478102 1.5609436837537627 
[1, 24, 48], [24, 20, 10], [1, 20, 20], [30, 30, 30], [0, 1, 2], 1, 0.001, 1, False, True 2.0038615921581235 30.20671919563846 5.910842380421381 0.13055392749096828 1.506292864923939 0.8620748506131367 
[1, 24, 48], [24, 20, 10], [1, 10, 10], [20, 20, 20], [0, 1, 2], 1, 0.001, 1, False, True 2.045478773061876 30.713860770325482 6.642598349521331 0.12298850573487395 1.6551067753679107 0.5489322138035354 
[1, 24, 48], [24, 20, 5], [1, 20, 20], [30, 30, 30], [0, 1, 2], 1, 0.001, 1, False, True 1.8942953012469739 28.803892802092268 5.350564474854746 0.1537990216693904 2.669451912718168 0.9525035800630249 
[1, 24, 48], [24, 20, 10], [1, 10, 10], [30, 30, 30], [0, 1, 2], 1, 0.001, 1, False, True 1.8884003796373252 28.17334545432051 5.400213625744205 0.046619270034396164 0.17382628596284921 0.3665811793752272 
[1, 24, 48], [24, 20, 10], [1, 20, 20], [20, 20, 20], [0, 1, 2], 1, 0.001, 1, False, True 2.060578111027954 30.852446926715796 6.509911897793529 0.07110545073533876 0.8784514649004374 0.44828130631547164 
[1, 24, 48], [24, 20, 20], [1, 10, 10], [30, 30, 30], [1, 2], 1, 0.001, 1, False, True 2.217866405858486 32.55360122642041 7.6018347509784965 0.22118375574805269 2.9965251574659506 1.4900307482022999 
[1, 24, 48], [24, 20, 20], [1, 20, 20], [20, 20, 20], [1, 2], 1, 0.001, 1, False, True 1.9897441692650315 30.45220161977582 6.117095918610168 0.10484751442054838 1.7337949826948267 0.5009239399978738 
[1, 24, 48], [24, 5, 5], [1, 10, 10], [30, 30, 30], [1, 2], 1, 0.001, 1, False, True 2.2066052026494787 32.621350695972616 7.231988477564129 0.1314333539277694 2.00826471663442 0.9269275798826081 
[1, 24, 48], [24, 20, 20], [1, 10, 10], [20, 20, 20], [1, 2], 1, 0.001, 1, False, True 1.896528774368818 28.6359283105533 5.653179155883063 0.2508606073730232 3.9475195114360337 1.2204200872665674 
[1, 24, 48], [24, 5, 5], [1, 10, 10], [20, 20, 20], [1, 2], 1, 0.001, 1, False, True 1.897494039201626 29.107688581980927 5.479833855852841 0.12478364971018742 2.086968400761002 0.565951571704021 
[1, 24, 48], [24, 20, 15], [1, 20, 20], [20, 20, 20], [1, 2], 1, 0.001, 1, False, True 2.111481012962759 31.9286541664768 6.913752254242954 0.16977005571000214 2.892629990259184 1.011474609443732 
[1, 24, 48], [24, 5, 5], [1, 20, 20], [20, 20, 20], [1, 2], 1, 0.001, 1, False, True 2.052242709613509 31.897164664255552 6.042818663817498 0.13984948315864723 3.015422074241028 0.4893926642370748 
[1, 24, 48], [24, 20, 15], [1, 20, 20], [30, 30, 30], [1, 2], 1, 0.001, 1, False, True 2.217663269600383 33.609082391976585 7.269353614233327 0.19357308133485213 2.0701232822346745 1.4864688721355466 
[1, 24, 48], [24, 5, 5], [1, 20, 20], [30, 30, 30], [1, 2], 1, 0.001, 1, False, True 2.0962902618710086 30.960425138384196 6.714434749690422 0.11292656619045764 1.479486870259452 0.797248071829487 
[1, 24, 48], [24, 15, 5], [1, 20, 20], [20, 20, 20], [1, 2], 1, 0.001, 1, False, True 2.113700484656901 31.741210038980892 6.708146416320308 0.12284404598612464 2.1178839261202005 0.5823173815720628 
[1, 24, 48], [24, 10, 5], [1, 10, 10], [20, 20, 20], [1, 2], 1, 0.001, 1, False, True 2.039510981862744 31.029110571512618 6.279295868818848 0.22988138105854516 3.8669380998838716 1.3945620920746005 
[1, 24, 48], [24, 15, 5], [1, 10, 10], [20, 20, 20], [1, 2], 1, 0.001, 1, False, True 1.9618342988882904 29.541281205096855 5.9264824279692645 0.20731791913219635 3.3262740437018734 1.0644130005449903 
[1, 24, 48], [24, 10, 5], [1, 20, 20], [30, 30, 30], [1, 2], 1, 0.001, 1, False, True 2.08683309984152 31.691686015859222 6.529544406205602 0.16986994740034528 2.5805466398647385 0.9329792198554835 
[1, 24, 48], [24, 10, 5], [1, 20, 20], [20, 20, 20], [1, 2], 1, 0.001, 1, False, True 1.9172494605114618 28.722367502880974 5.811917457681609 0.12476436427262737 1.668883966633456 0.696038590228664 
[1, 24, 48], [24, 10, 5], [1, 10, 10], [30, 30, 30], [1, 2], 1, 0.001, 1, False, True 2.02748485977451 30.908695133815012 6.224513419716357 0.09018711810238597 0.6785071046041206 0.5581845598096792 
[1, 24, 48], [24, 20, 5], [1, 10, 10], [30, 30, 30], [1, 2], 1, 0.001, 1, False, True 2.149214373998068 31.602587641399936 7.1804751282314525 0.2847964449918086 4.636839417824986 1.5198964746874324 
[1, 24, 48], [24, 15, 5], [1, 10, 10], [30, 30, 30], [1, 2], 1, 0.001, 1, False, True 2.1844827276413086 33.165650812431 7.243929729174151 0.12607541648268386 1.2392442067929004 0.9427996237846619 
[1, 24, 48], [24, 20, 5], [1, 20, 20], [20, 20, 20], [1, 2], 1, 0.001, 1, False, True 2.096267510860882 32.22119494701589 6.5719440636266 0.05944559255688815 1.0476993296201185 0.3267945611992663 
[1, 24, 48], [24, 20, 5], [1, 10, 10], [20, 20, 20], [1, 2], 1, 0.001, 1, False, True 2.0142080086179908 29.343712391346745 6.281444963187934 0.10604834877067981 1.1456588714420837 0.587819192146579 
[1, 24, 48], [24, 15, 5], [1, 20, 20], [30, 30, 30], [1, 2], 1, 0.001, 1, False, True 2.158004086492238 32.24004720467883 6.855018194271495 0.10505430125573689 1.6021310858279025 0.577732448267084 
[1, 24, 48], [24, 20, 15], [1, 10, 10], [30, 30, 30], [1, 2], 1, 0.001, 1, False, True 2.2873963471502066 33.862232299495304 7.9222140853767575 0.15713985246787995 1.3249985783808855 1.2781384540739689 
[1, 24, 48], [24, 20, 5], [1, 20, 20], [30, 30, 30], [1, 2], 1, 0.001, 1, False, True 2.0219198278530883 30.743992866440383 6.122480924027722 0.06206463621837535 1.3428439168677055 0.47195184011155117 
[1, 24, 48], [24, 20, 10], [1, 10, 10], [30, 30, 30], [1, 2], 1, 0.001, 1, False, True 1.8539020570202007 27.709111769649827 5.303228621742797 0.059988117794788895 2.0342642328419838 0.38225954290217246 
[1, 24, 48], [24, 20, 10], [1, 20, 20], [20, 20, 20], [1, 2], 1, 0.001, 1, False, True 2.2482953735937676 33.87470982709643 7.562020394527 0.01708464737298568 0.5198416899006353 0.26915039107940264 
[1, 24, 48], [24, 20, 15], [1, 10, 10], [20, 20, 20], [1, 2], 1, 0.001, 1, False, True 2.0977752340060696 31.22931298906165 6.590292315613866 0.0972078768116503 0.8908536244261455 0.7141167839735366 
[1, 24, 48], [24, 20, 10], [1, 20, 20], [30, 30, 30], [1, 2], 1, 0.001, 1, False, True 2.1499139341629214 31.796086729349167 7.0023105614136805 0.09138801410333953 1.079070305057579 0.5830313025433204 
[1, 24, 48], [24, 20, 10], [1, 10, 10], [20, 20, 20], [1, 2], 1, 0.001, 1, False, True 2.0437144169790877 31.166096126246284 6.263767009430855 0.05214101300612942 1.2742391447542258 0.26397715573057823 
[1, 24, 48], [24, 5, 5], [1, 20, 20], [20, 20, 20], [2], 1, 0.001, 1, False, True 1.8784022297503222 28.574461918993222 5.519595116340292 0.040988817708338704 0.5930869412821761 0.16604683170819037 
[1, 24, 48], [24, 5, 5], [1, 10, 10], [30, 30, 30], [2], 1, 0.001, 1, False, True 2.019534752379965 31.11513509633244 6.062744750039965 0.05288832990183232 0.22693592415969366 0.5111965696088497 
[1, 24, 48], [24, 5, 5], [1, 10, 10], [20, 20, 20], [2], 1, 0.001, 1, False, True 1.7671487794568144 26.527111654233362 4.826182886529087 0.262631288596379 2.702837552825063 1.078921170156813 
[1, 24, 48], [24, 5, 5], [1, 20, 20], [30, 30, 30], [2], 1, 0.001, 1, False, True 1.835687266966259 28.65435910347696 5.350819472254373 0.09823602588332804 1.093004937894538 0.7335221219061709 
[1, 24, 48], [24, 20, 10], [1, 20, 20], [20, 20, 20], [2], 1, 0.001, 1, False, True 1.9618327830952627 31.00821271279882 5.851488162922293 0.17607424149081036 3.183779818714692 1.0818366897269351 
[1, 24, 48], [24, 20, 10], [1, 10, 10], [20, 20, 20], [2], 1, 0.001, 1, False, True 1.906596063187829 27.824115082334185 5.558318788849443 0.2797086416617759 3.8746515276629645 1.1991976878084272 
[1, 24, 48], [24, 20, 10], [1, 10, 10], [30, 30, 30], [2], 1, 0.001, 1, False, True 1.8992346517672694 29.366854534637167 5.639516664865869 0.17630002881850806 2.875886204935565 1.0618209446099178 
[1, 24, 48], [24, 20, 15], [1, 10, 10], [20, 20, 20], [2], 1, 0.001, 1, False, True 2.0069652845876083 30.003630868571648 6.267955545166983 0.31307016003130617 4.719932033242195 1.5579970313083547 
[1, 24, 48], [24, 20, 15], [1, 20, 20], [30, 30, 30], [2], 1, 0.001, 1, False, True 2.072434638895922 31.759103538757646 6.4645355719470325 0.19106527385630886 3.1050605583596314 1.123616197836726 
[1, 24, 48], [24, 20, 15], [1, 20, 20], [20, 20, 20], [2], 1, 0.001, 1, False, True 1.8860720756153269 29.34279185279091 5.707243669399162 0.09790582325392092 1.447233353312386 0.6736577638623628 
[1, 24, 48], [24, 20, 15], [1, 10, 10], [30, 30, 30], [2], 1, 0.001, 1, False, True 2.2278079860602262 33.329031219133185 7.340100071662941 0.1473398782028659 2.838340129034318 0.8731025938883775 
[1, 24, 48], [24, 20, 20], [1, 10, 10], [20, 20, 20], [2], 1, 0.001, 1, False, True 1.9244910951151892 29.39756147019665 5.738620143707094 0.22378748375721857 3.652968866174239 1.1478022837186264 
[1, 24], [24, 5], [1, 10], [20, 20], [1], 1, 0.001, 1, False, True 2.0750994299296974 29.420276973590745 6.837452996893663 0.11415383591529926 1.3369284504316046 0.6892177337028893 
[1, 24], [24, 5], [1, 5], [20, 20], [1], 1, 0.001, 1, False, True 1.9413081973929096 26.956558083587037 6.32159546916754 0.16201999729077943 2.228463039890174 0.9814747123694596 
[1, 24], [24, 5], [1, 5], [30, 30], [1], 1, 0.001, 1, False, True 2.007438260923933 27.89820753648532 6.180263347592393 0.02782860112965017 0.708716823159101 0.5780250303343576 
[1, 24], [24, 5], [1, 10], [30, 30], [1], 1, 0.001, 1, False, True 2.211810847689156 31.39765913609864 7.524532767669498 0.08007880820530683 1.0443815952544522 0.5280310682947756 
[1, 24], [24, 10], [1, 10], [30, 30], [1], 1, 0.001, 1, False, True 2.3743628918158786 33.84611022787056 8.64739856221876 0.1313950826584334 1.4957050910329903 0.943257229501844 
[1, 24, 48], [24, 20, 10], [1, 20, 20], [30, 30, 30], [2], 1, 0.001, 1, False, True 1.9503457122930772 30.214704463985328 5.759704595017872 0.27537104210263463 3.5534617067285335 1.2461058930698223 
[1, 24, 48], [24, 20, 20], [1, 20, 20], [30, 30, 30], [1, 2], 1, 0.001, 1, False, True 2.2241874633011993 33.19914111879843 7.473210241382998 0.12512650943560183 1.7992360659418574 1.0288550682744406 
[1, 24, 48], [24, 20, 20], [1, 20, 20], [20, 20, 20], [2], 1, 0.001, 1, False, True 2.170099320124697 32.34674395796617 6.930430257978731 0.21797030799998648 2.6497672610672995 1.326041667306054 
[1, 24, 48], [24, 20, 20], [1, 20, 20], [30, 30, 30], [2], 1, 0.001, 1, False, True 1.9581965372656231 29.916940400250223 5.935861140835004 0.15773172911836117 2.2863119446105946 0.9819606828715384 
[1, 24], [24, 10], [1, 5], [30, 30], [1], 1, 0.001, 1, False, True 2.2500438741649744 31.83571296673458 7.969315683766742 0.19424386544408775 2.518117542420657 1.3696770092524022 
[1, 24, 48], [24, 20, 20], [1, 10, 10], [30, 30, 30], [2], 1, 0.001, 1, False, True 2.13980874824855 31.633965367650717 6.8231237965578115 0.18373265512286083 2.6969308273592123 1.1525432447422947 
[1, 24], [24, 20], [1, 5], [30, 30], [1], 1, 0.001, 1, False, True 2.0635266680684357 28.998416319830223 6.807740045066779 0.11169764852522958 1.6773759142275755 0.7775360698537981 
[1, 24], [24, 10], [1, 5], [20, 20], [1], 1, 0.001, 1, False, True 2.0384743425719165 29.04383364623779 6.424928811650585 0.11002334984946655 2.4242905148667555 0.45278426953281714 
[1, 24], [24, 10], [1, 10], [20, 20], [1], 1, 0.001, 1, False, True 2.034487643016985 29.414514628806085 6.479665474518208 0.061451528122278644 1.3640810648722292 0.15265394944595173 
[1, 24], [24, 20], [1, 5], [20, 20], [1], 1, 0.001, 1, False, True 2.1264414432010166 30.142584694801595 6.97905440993738 0.006543518316231502 0.6649713468055576 0.18880642524256785 
[1, 24], [24, 20], [1, 10], [20, 20], [1], 1, 0.001, 1, False, True 2.0178121795463895 29.03503254770972 6.588731768782444 0.16273098284114254 1.7311822068374692 0.8485308819472857 
[1, 24], [24, 20], [1, 10], [30, 30], [1], 1, 0.001, 1, False, True 2.294243787546401 32.595295683407684 8.241207703863525 0.08079700228528522 1.1808958670391063 0.4802075303703891 
[1, 24], [24, 15], [1, 5], [20, 20], [1], 1, 0.001, 1, False, True 1.95505790155105 28.130468478410247 6.111497362246752 0.08239829791448422 1.0189776521991079 0.493517919516388 
[1, 24], [24, 15], [1, 10], [20, 20], [1], 1, 0.001, 1, False, True 2.2257973694277027 31.911005733992706 7.784174735268195 0.20122663096216428 2.563274785008406 1.229827249605028 
[1, 24], [24, 15], [1, 5], [30, 30], [1], 1, 0.001, 1, False, True 1.9791949059124345 28.23680680191015 6.32147729079347 0.1006807240993195 1.67677515650206 0.3366619088836129 
[1, 24], [24, 15], [1, 10], [30, 30], [1], 1, 0.001, 1, False, True 2.284401227437236 32.417171209043964 8.255913956099493 0.10198296115532883 1.4455545369938576 0.6893910014703362 
[1, 24], [24, 5], [1, 5], [30, 30], [0, 1], 2, 0.001, 1, False, False 2.3731466488498776 32.29051412218044 8.97534670085426 0.09793219469630692 1.6650860189709977 0.7966474711102846 
[1, 24], [24, 5], [1, 10], [20, 20], [0, 1], 2, 0.001, 1, False, False 2.2250713852958546 30.71614714549841 8.00379713645618 0.2158835212954039 3.4071137452790206 1.1394414793087742 
[1, 24], [24, 5], [1, 5], [20, 20], [0, 1], 2, 0.001, 1, False, False 2.182871517870161 30.513991937293316 7.510105393685479 0.052209962839723484 0.7443478893992204 0.20847955886774103 
[1, 24], [24, 10], [1, 5], [20, 20], [0, 1], 2, 0.001, 1, False, False 2.1826557387701335 29.926445026149 7.733029792704859 0.1350562012718838 1.6281862324593501 0.8833231912109623 
[1, 24], [24, 5], [1, 10], [30, 30], [0, 1], 2, 0.001, 1, False, False 2.4867525982567003 33.964843208451676 9.967886349034387 0.08732683164700036 1.0137651961390481 0.7895194573562964 
[1, 24], [24, 15], [1, 10], [20, 20], [0, 1], 2, 0.001, 1, False, False 2.1964028800044346 30.693783542983017 7.947345485232197 0.19675326097955256 1.8353984452672576 1.1866670133644006 
[1, 24], [24, 10], [1, 10], [20, 20], [0, 1], 2, 0.001, 1, False, False 2.5481633546934632 36.20207880773632 9.961075404599404 0.16030845934746402 2.6632183489362453 1.0794470120627846 
[1, 24], [24, 10], [1, 5], [30, 30], [0, 1], 2, 0.001, 1, False, False 2.1497884189158127 29.200394134913054 7.294298719924751 0.029250833897073128 0.5013770227050117 0.0448555092410003 
[1, 24], [24, 15], [1, 5], [20, 20], [0, 1], 2, 0.001, 1, False, False 2.312246904791229 31.96185319037321 8.422161521214713 0.27386161396701697 4.259730671732066 1.7694189155501914 
[1, 24], [24, 10], [1, 10], [30, 30], [0, 1], 2, 0.001, 1, False, False 2.469190254131401 34.0822376374297 9.736368895883489 0.09980402758201878 0.9910151184913132 0.7472927927962527 
[1, 24], [24, 15], [1, 5], [30, 30], [0, 1], 2, 0.001, 1, False, False 2.1642116943788205 29.459458913445754 7.673082610299356 0.15755352353312957 2.2093914228872396 1.0453017436207748 
[1, 24], [24, 15], [1, 10], [30, 30], [0, 1], 2, 0.001, 1, False, False 2.6002757562117442 35.740168039657284 10.746763879685737 0.16377658837844355 2.5499268592994344 1.106850213481217 
[1, 24], [24, 5], [1, 10], [20, 20], [1], 2, 0.001, 1, False, False 2.418799982592463 34.715779445197306 8.928757642049009 0.21308027951224381 2.7150174726518 1.4080925200808367 
[1, 24], [24, 5], [1, 5], [30, 30], [1], 2, 0.001, 1, False, False 2.327383535148369 32.29138501370588 8.483837906659941 0.2561186385209332 3.401732353531354 1.8179074418110102 
[1, 24], [24, 5], [1, 5], [20, 20], [1], 2, 0.001, 1, False, False 2.4100087133546673 34.247976548876416 8.668436659031157 0.09283767676479855 1.475661331121805 0.7874120432432494 
[1, 24], [24, 20], [1, 5], [20, 20], [0, 1], 2, 0.001, 1, False, False 2.174396033302225 30.38747363252854 7.472057801896644 0.06319091958077071 1.361977276350691 0.6013392576007781 
[1, 24], [24, 20], [1, 10], [20, 20], [0, 1], 2, 0.001, 1, False, False 2.2139121479320303 30.58112687963838 8.093973170777616 0.16659945572718515 2.6285644144250675 0.9877097485275518 
[1, 24], [24, 5], [1, 10], [30, 30], [1], 2, 0.001, 1, False, False 2.361682752630225 33.64719196374059 8.651770848364754 0.05340982652522344 0.6003682085822056 0.576163194003441 
[1, 24], [24, 10], [1, 5], [20, 20], [1], 2, 0.001, 1, False, False 2.2314088884465115 32.31127308244243 7.852888600833388 0.14912721473387974 3.066631535940191 0.656257072917217 
[1, 24], [24, 20], [1, 5], [30, 30], [0, 1], 2, 0.001, 1, False, False 2.4898011635506045 34.07859869156645 9.825183463188772 0.1543051617258959 1.9590978169480182 1.1030396432580687 
[1, 24], [24, 10], [1, 5], [30, 30], [1], 2, 0.001, 1, False, False 2.430382391355104 33.94205349595071 8.965436382804405 0.12468171800454259 1.956142838850575 0.7180972975664303 
[1, 24], [24, 10], [1, 10], [20, 20], [1], 2, 0.001, 1, False, False 2.3065446293878336 33.94028227668384 8.171878592232312 0.05425797202616704 1.1563681798936067 0.3104231251616244 
[1, 24], [24, 10], [1, 10], [30, 30], [1], 2, 0.001, 1, False, False 2.443584251569377 34.89517193529057 8.976058896924103 0.09101291359470759 1.6130268507500443 0.6898496436483235 
[1, 24], [24, 20], [1, 10], [30, 30], [0, 1], 2, 0.001, 1, False, False 2.4151301221439128 32.9438239676115 9.253258960416959 0.08680523463178473 1.0014203352856008 0.7723689592421895 
[1, 24], [24, 15], [1, 5], [20, 20], [1], 2, 0.001, 1, False, False 2.2283179151791113 33.104669667286174 7.456882775578813 0.13460907174564138 2.4892783640038445 0.7785974400953435 
[1, 24], [24, 15], [1, 5], [30, 30], [1], 2, 0.001, 1, False, False 2.3639304227299163 33.315520034951966 8.433783972201784 0.16644065474466185 2.104251045532261 1.0150940267953614 
[1, 24], [24, 15], [1, 10], [30, 30], [1], 2, 0.001, 1, False, False 2.510066767174889 35.374440264206335 10.09444794055635 0.23854843094584632 3.6556144230099035 2.2185179014795033 
[1, 24], [24, 15], [1, 10], [20, 20], [1], 2, 0.001, 1, False, False 2.400618665306656 34.94962490464662 8.895598869385175 0.03276334187734598 0.2742865456246713 0.28227890727576094 
[1, 24], [24, 20], [1, 10], [20, 20], [1], 2, 0.001, 1, False, False 2.2320379345298367 31.78655600047325 7.928992596420802 0.09561343772927905 1.4181603650173866 0.7855191026999987 
[1, 24], [24, 20], [1, 5], [20, 20], [1], 2, 0.001, 1, False, False 2.395800221732093 34.31881698696416 8.592973332618252 0.07224128363786814 1.3489634964756112 0.48731176018147465 
[1, 24], [24, 20], [1, 5], [30, 30], [1], 2, 0.001, 1, False, False 2.1867638813400707 30.389029541980346 7.696913520072044 0.18595709436085506 2.6138131463595142 0.7531469430624316 
[1, 24], [24, 20], [1, 10], [30, 30], [1], 2, 0.001, 1, False, False 2.6885714409458963 38.17487738073668 11.037069635952193 0.11238256497676068 1.5182115880602476 0.778964787041192 
[1, 24, 48], [24, 5, 5], [1, 20, 20], [20, 20, 20], [1, 2], 2, 0.001, 1, False, False 1.909009798747246 28.47153439171996 5.547450913297585 0.11244594621608801 1.471372151918808 0.48239901996073703 
[1, 24, 48], [24, 5, 5], [1, 10, 10], [30, 30, 30], [1, 2], 2, 0.001, 1, False, False 2.167523045534337 31.679875804702288 6.9674650114279295 0.12065156008139948 1.0447579795369542 0.8188038837172196 
[1, 24, 48], [24, 10, 5], [1, 10, 10], [20, 20, 20], [0, 1, 2], 2, 0.001, 1, False, False 1.9889886347094068 30.268763900611564 6.264361840498025 0.343416647525856 4.515631052038741 1.645534823835447 
[1, 24, 48], [24, 5, 5], [1, 20, 20], [30, 30, 30], [1, 2], 2, 0.001, 1, False, False 2.0933812261455587 31.189444219960322 6.633137679708241 0.25570292460964733 3.606549126144554 1.2595727219214867 
[1, 24, 48], [24, 10, 5], [1, 10, 10], [20, 20, 20], [1, 2], 2, 0.001, 1, False, False 1.8194008136099136 27.744038664422323 5.019358131789818 0.0712118023506724 0.9175096587386763 0.2842866267916479 
[1, 24, 48], [24, 10, 5], [1, 10, 10], [30, 30, 30], [1, 2], 2, 0.001, 1, False, False 2.053889875886617 30.65394319727349 6.543370359701588 0.23777825798421656 3.6209932781232737 1.3517409428211813 
[1, 24, 48], [24, 5, 5], [1, 10, 10], [20, 20, 20], [0, 1, 2], 2, 0.001, 1, False, False 2.2167011339700333 33.04260828188888 7.213013061348867 0.13518753941033984 1.6045555813642307 0.8837880681461336 
[1, 24, 48], [24, 20, 20], [1, 10, 10], [20, 20, 20], [0, 1, 2], 2, 0.001, 1, False, False 1.8829186145078254 28.068017934516927 5.643134948588725 0.03123915052696882 1.0020356415085552 0.17899116279702387 
[1, 24, 48], [24, 5, 5], [1, 20, 20], [20, 20, 20], [0, 1, 2], 2, 0.001, 1, False, False 1.8992026636583939 28.483534312604018 5.798277757737381 0.08385026162329398 1.1439211499176565 0.5704897977626222 
[1, 24, 48], [24, 20, 15], [1, 20, 20], [20, 20, 20], [0, 1, 2], 2, 0.001, 1, False, False 1.8253455152459166 27.599237195847707 5.200446490071972 0.08806663944221305 1.2105064155429062 0.3578113551459796 
[1, 24, 48], [24, 5, 5], [1, 10, 10], [20, 20, 20], [1, 2], 2, 0.001, 1, False, False 1.8684924563668943 28.370504194636613 5.286032511541743 0.10658966430642654 1.265148297373491 0.4726431192297224 
[1, 24, 48], [24, 5, 5], [1, 20, 20], [30, 30, 30], [0, 1, 2], 2, 0.001, 1, False, False 1.9645788877374593 29.770208212335177 5.982036146509945 0.11217558612856475 1.8615005851810418 0.6556263643751709 
[1, 24, 48], [24, 20, 15], [1, 10, 10], [30, 30, 30], [0, 1, 2], 2, 0.001, 1, False, False 2.0819005307431024 31.08332009007427 6.66114635729652 0.24292728107216394 2.8035370699148707 1.5082245145887057 
[1, 24, 48], [24, 20, 15], [1, 10, 10], [20, 20, 20], [0, 1, 2], 2, 0.001, 1, False, False 2.110452273115516 31.220816142597652 6.457320219436088 0.14524883329159882 1.6815785561013024 0.6987501404969296 
[1, 24, 48], [24, 5, 5], [1, 10, 10], [30, 30, 30], [0, 1, 2], 2, 0.001, 1, False, False 2.1240497272047727 31.859808581012743 6.494098246220884 0.02170266194850995 1.022541269593552 0.3013632848070596 
[1, 24, 48], [24, 20, 15], [1, 20, 20], [30, 30, 30], [0, 1, 2], 2, 0.001, 1, False, False 2.078065210173803 31.057680469150444 6.7768562849773915 0.06477242256637257 0.7331463050139683 0.30665833791728364 
[1, 24, 48], [24, 20, 10], [1, 20, 20], [30, 30, 30], [0, 1, 2], 2, 0.001, 1, False, False 2.0398925291167362 30.592672849972008 6.533108532686401 0.12710780159594068 1.6450745525408537 0.6944843074658901 
[1, 24, 48], [24, 20, 10], [1, 20, 20], [20, 20, 20], [0, 1, 2], 2, 0.001, 1, False, False 1.9168274870280315 29.39505331116159 5.782547117847952 0.044602845118684564 0.27061825677120566 0.30352983658747296 
[1, 24, 48], [24, 20, 10], [1, 10, 10], [30, 30, 30], [0, 1, 2], 2, 0.001, 1, False, False 2.0979373018291807 31.51533163957443 6.727797538198747 0.12380496732547391 2.349364534572588 0.6625022846085203 
[1, 24, 48], [24, 15, 5], [1, 10, 10], [20, 20, 20], [1, 2], 2, 0.001, 1, False, False 1.8597423761462173 27.513229476594713 5.507458940721119 0.06461722595815689 1.1496343193672076 0.036491642207687844 
[1, 24, 48], [24, 10, 5], [1, 20, 20], [20, 20, 20], [1, 2], 2, 0.001, 1, False, False 1.9471594505356968 28.971050760560953 6.013661578774049 0.1570775642186736 2.563593857882776 1.11431322060967 
[1, 24, 48], [24, 10, 5], [1, 20, 20], [30, 30, 30], [1, 2], 2, 0.001, 1, False, False 1.9465860985012517 29.03698066591114 6.116638311513843 0.1331823718095488 2.3690491037026353 0.8708460214240331 
[1, 24, 48], [24, 15, 5], [1, 10, 10], [30, 30, 30], [1, 2], 2, 0.001, 1, False, False 2.050129627933105 30.462904301877856 6.338803997227185 0.08335670605528332 1.3129360179212035 0.5342924206501253 
[1, 24, 48], [24, 15, 5], [1, 20, 20], [20, 20, 20], [1, 2], 2, 0.001, 1, False, False 2.0716342870146036 30.39875826969808 6.699180233054278 0.04242637421604058 0.8802713074781041 0.44982626616215016 
[1, 24, 48], [24, 15, 5], [1, 10, 10], [30, 30, 30], [0, 1, 2], 2, 0.001, 1, False, False 2.0319658841799804 30.205510788200595 6.2208473016881065 0.05307652188164342 0.7356237409037054 0.47276529005991946 
[1, 24, 48], [24, 10, 5], [1, 20, 20], [20, 20, 20], [0, 1, 2], 2, 0.001, 1, False, False 1.9329807213335128 28.596479338196417 6.0107377265978705 0.13359065486920368 1.292511433272299 0.7127141048152336 
[1, 24, 48], [24, 20, 20], [1, 10, 10], [30, 30, 30], [0, 1, 2], 2, 0.001, 1, False, False 1.9451321721697845 29.692257304642897 5.659258308984426 0.0567766606487388 0.9389846217699112 0.3270054943589234 
[1, 24, 48], [24, 15, 5], [1, 20, 20], [30, 30, 30], [0, 1, 2], 2, 0.001, 1, False, False 1.9069224349395544 28.860079101859856 5.806816116340568 0.07122069135693014 1.3067503828215346 0.3167671995309371 
[1, 24, 48], [24, 15, 5], [1, 20, 20], [20, 20, 20], [0, 1, 2], 2, 0.001, 1, False, False 1.9478850327294184 29.308015611239146 5.784825571782547 0.08435575413997391 1.1107416204019316 0.38834729399562823 
[1, 24, 48], [24, 10, 5], [1, 10, 10], [30, 30, 30], [0, 1, 2], 2, 0.001, 1, False, False 2.032587132485652 30.616365877803762 6.236351545618766 0.003239979460892233 0.43426173014045444 0.23825951388188144 
[1, 24, 48], [24, 10, 5], [1, 20, 20], [30, 30, 30], [0, 1, 2], 2, 0.001, 1, False, False 2.0239988632224226 30.10132174082683 6.222783694813107 0.05933518695909866 0.9149442205187176 0.33088609854920703 
[1, 24, 48], [24, 20, 20], [1, 20, 20], [20, 20, 20], [0, 1, 2], 2, 0.001, 1, False, False 1.9970723437283329 29.880830874657182 6.198245781268306 0.15525105147027723 2.0299003445480284 0.7069561488855314 
[1, 24, 48], [24, 20, 20], [1, 20, 20], [30, 30, 30], [0, 1, 2], 2, 0.001, 1, False, False 2.0158723863393617 30.195456468652367 6.330650509615043 0.16141549333420815 2.364735194867167 0.975573307543793 
[1, 24, 48], [24, 5, 5], [1, 10, 10], [20, 20, 20], [2], 2, 0.001, 1, False, False 1.7778028279266973 27.430129705641004 5.143213816228247 0.15473308121324328 1.9870752255745667 0.7270096120454344 
[1, 24, 48], [24, 5, 5], [1, 10, 10], [30, 30, 30], [2], 2, 0.001, 1, False, False 2.1463601630181075 33.16752099947805 7.16552079357654 0.25418012519108457 3.9486303384871735 1.778432872765447 
[1, 24, 48], [24, 20, 5], [1, 10, 10], [20, 20, 20], [0, 1, 2], 2, 0.001, 1, False, False 2.226951814546353 32.765011866922436 7.381150011779336 0.023668585567077464 0.3175466191918188 0.3062130331149836 
[1, 24, 48], [24, 20, 5], [1, 10, 10], [30, 30, 30], [0, 1, 2], 2, 0.001, 1, False, False 2.209586739126179 33.33217849712839 7.1391040562785575 0.18860876320845676 2.2946027118341017 1.0417043229164387 
[1, 24, 48], [24, 20, 5], [1, 20, 20], [30, 30, 30], [0, 1, 2], 2, 0.001, 1, False, False 1.9938804558788739 29.360326556540205 6.216046977252336 0.0977193491138557 1.6206485852617223 0.7176724106654677 
[1, 24, 48], [24, 20, 10], [1, 10, 10], [20, 20, 20], [0, 1, 2], 2, 0.001, 1, False, False 1.8762102182471638 27.97530549262791 5.452987216490189 0.06804824463638745 0.9758234698506333 0.3911271801872593 
[1, 24, 48], [24, 20, 15], [1, 20, 20], [20, 20, 20], [2], 2, 0.001, 1, False, False 1.9069825445750244 28.836870381338954 5.73663317178363 0.127829172753497 1.7195513891106213 0.7508328239736064 
[1, 24, 48], [24, 20, 10], [1, 10, 10], [20, 20, 20], [2], 2, 0.001, 1, False, False 2.1462255042598204 31.501737844524566 6.884365998659284 0.10359126565777758 0.9391384135899149 0.5683057508416982 
[1, 24, 48], [24, 20, 5], [1, 20, 20], [20, 20, 20], [0, 1, 2], 2, 0.001, 1, False, False 1.94795704913774 29.196257216965126 5.795570763501529 0.09144287220057375 0.9599494639727769 0.31746304829424665 
[1, 24, 48], [24, 20, 15], [1, 20, 20], [30, 30, 30], [2], 2, 0.001, 1, False, False 1.7788005964209637 27.507887692113353 5.033447209461092 0.0983795889482733 0.7551892970545498 0.47035037269033436 
[1, 24, 48], [24, 20, 20], [1, 20, 20], [20, 20, 20], [2], 2, 0.001, 1, False, False 1.8084196236329502 27.548738446912605 5.263548528838414 0.057901314483219 1.2336276338429684 0.3942760916556748 
[1, 24, 48], [24, 20, 15], [1, 10, 10], [30, 30, 30], [2], 2, 0.001, 1, False, False 1.864349267148861 27.694812920821523 5.664307512744234 0.14453868305975429 2.4785604765545104 0.6901890376573886 
[1, 24, 48], [24, 20, 20], [1, 10, 10], [20, 20, 20], [2], 2, 0.001, 1, False, False 1.9078166366175369 29.47290568593927 5.6388651284117435 0.05088622116306704 1.3595793803711447 0.25732698299951196 
[1, 24, 48], [24, 20, 10], [1, 20, 20], [30, 30, 30], [2], 2, 0.001, 1, False, False 1.6842463718451286 26.551288338947174 4.759939996284598 0.11672032871862817 1.1738232964929693 0.5709941118870636 
[1, 24, 48], [24, 20, 20], [1, 10, 10], [30, 30, 30], [2], 2, 0.001, 1, False, False 1.893481428521099 28.775610411829348 5.560033496970447 0.09759329897908213 1.7403972924185052 0.44129182015350416 
[1, 24, 48], [24, 20, 20], [1, 20, 20], [30, 30, 30], [2], 2, 0.001, 1, False, False 1.7621747529961995 27.023975567290137 5.063958444546592 0.05582771775412908 0.8095834156656166 0.31178533326031316 
[1, 24, 48], [24, 5, 5], [1, 20, 20], [20, 20, 20], [2], 2, 0.001, 1, False, False 1.7768430119449343 26.912456211629245 5.191213358014179 0.032689179408230636 0.4927775854481803 0.37834643613264773 
[1, 24, 48], [24, 5, 5], [1, 20, 20], [30, 30, 30], [2], 2, 0.001, 1, False, False 1.9375374439068969 28.503435954314195 5.6967635796969525 0.0584895251270892 0.647735219715921 0.4301989708729636 
[1, 24, 48], [24, 15, 5], [1, 20, 20], [30, 30, 30], [1, 2], 2, 0.001, 1, False, False 1.9111866263741695 28.46246361661836 5.930296027940165 0.18964032928887353 2.9307797006977863 1.0393579774502195 
[1, 24, 48], [24, 20, 5], [1, 10, 10], [20, 20, 20], [1, 2], 2, 0.001, 1, False, False 2.560208893857068 37.72168419342109 9.769625195574864 0.24066361914982082 3.547674609726326 1.6838529748999675 
[1, 24, 48], [24, 20, 10], [1, 20, 20], [20, 20, 20], [2], 2, 0.001, 1, False, False 1.7863029898592722 27.444080101138898 5.277038164214819 0.08441528855391141 1.4058640634002337 0.4429435076394794 
[1, 24, 48], [24, 20, 10], [1, 10, 10], [20, 20, 20], [1, 2], 2, 0.001, 1, False, False 1.8718671621202871 28.429905302747787 5.414416936615264 0.20750424705361004 2.4681197576200176 0.8717514219000331 
[1, 24, 48], [24, 20, 5], [1, 20, 20], [30, 30, 30], [1, 2], 2, 0.001, 1, False, False 2.016167570505705 29.608776507393404 6.381968995288317 0.1808779063897552 1.803999210519965 0.8527069705561293 
[1, 24, 48], [24, 20, 10], [1, 10, 10], [30, 30, 30], [2], 2, 0.001, 1, False, False 1.864819805096421 28.375561710887776 5.495798876618949 0.2946873601483103 3.900968831681412 1.6432021632195688 
[1, 24, 48], [24, 20, 15], [1, 10, 10], [20, 20, 20], [2], 2, 0.001, 1, False, False 2.072219776017246 31.02260081730063 6.3200070887801045 0.18779107594403133 2.434403972743961 1.0796492367498831 
[1, 24, 48], [24, 20, 5], [1, 10, 10], [30, 30, 30], [1, 2], 2, 0.001, 1, False, False 2.0050852674576967 29.519197412975945 6.1692420358002265 0.24690072964626594 2.83900914652066 1.1341917366564789 
[1, 24, 48], [24, 20, 5], [1, 20, 20], [20, 20, 20], [1, 2], 2, 0.001, 1, False, False 2.0473371353000402 30.16537933943567 6.5936292385067405 0.01473648677239039 0.49840053421897357 0.45477776066174935 
[1, 24, 48], [24, 20, 20], [1, 10, 10], [30, 30, 30], [1, 2], 2, 0.001, 1, False, False 1.8858983879770943 28.607481259729692 5.776902170565592 0.20739296700021786 2.670150294373858 1.1042541224048361 
[1, 24, 48], [24, 20, 20], [1, 20, 20], [20, 20, 20], [1, 2], 2, 0.001, 1, False, False 1.9637580934084122 28.877256229929397 6.132291931533533 0.22240174984030758 2.4557289447831154 1.1591326713091161 
[1, 24, 48], [24, 20, 20], [1, 20, 20], [30, 30, 30], [1, 2], 2, 0.001, 1, False, False 2.0197099911531917 30.44155591468122 6.413816961034477 0.14529276249375075 1.7966967609307358 0.667404470612378 
[1, 24, 48], [24, 20, 20], [1, 10, 10], [20, 20, 20], [1, 2], 2, 0.001, 1, False, False 2.3622699569151906 35.284389971473765 8.17503523267334 0.11035914254119482 1.4164318475129964 0.7054725051497401 
[1, 24, 48], [24, 20, 10], [1, 10, 10], [30, 30, 30], [1, 2], 2, 0.001, 1, False, False 2.0062282396549427 28.97198641776121 5.9837469555054605 0.03912206237554064 0.669753805282956 0.3396363116805905 
[1, 24, 48], [24, 20, 15], [1, 20, 20], [20, 20, 20], [1, 2], 2, 0.001, 1, False, False 1.725679140613863 25.832402810601675 4.994437296650877 0.1338401946083218 1.690545541086275 0.6301395677237008 
[1, 24, 48], [24, 20, 15], [1, 10, 10], [20, 20, 20], [1, 2], 2, 0.001, 1, False, False 1.7589752206233913 27.374628765274597 4.837480951298182 0.030796245728103622 0.4293761102370834 0.2524303954223302 
[1, 24, 48], [24, 20, 10], [1, 20, 20], [20, 20, 20], [1, 2], 2, 0.001, 1, False, False 1.769852135068289 26.91790005390199 5.099979843141803 0.1427584910428148 1.8293011946636863 0.8425049616490234 
[1, 24, 48], [24, 20, 15], [1, 10, 10], [30, 30, 30], [1, 2], 2, 0.001, 1, False, False 2.076523406589749 30.371894340522044 6.836009129903327 0.23964737374135187 3.482110767507205 1.4020412239712565 
[1, 24, 48], [24, 20, 15], [1, 20, 20], [30, 30, 30], [1, 2], 2, 0.001, 1, False, False 1.9379665538668631 28.917137972168447 5.967257638047765 0.17374138086078908 1.833163586926921 0.8600861704210646 
[1, 24, 48], [24, 20, 10], [1, 20, 20], [30, 30, 30], [1, 2], 2, 0.001, 1, False, False 2.1313988385791034 31.436833534841046 7.238649410627793 0.21409069706503728 2.411090241601357 1.4324454631229169 
[1, 24, 48], [24, 15, 5], [1, 10, 10], [20, 20, 20], [0, 1, 2], 2, 0.001, 1, False, False 2.004220440355992 30.064616157331468 6.158671418725093 0.21073213807612354 2.4951978378046284 0.9358423629529515 
