lags time_steps dense_nodes lstm_nodes processed scales                        epochs l2 learning_rate mean_mae mean_mape mean_mse                         std mae std_mape std_mse 
[1, 12, 24, 48], [24, 5, 5, 5], [1, 5, 5, 5], [5, 5, 5, 5], [0, 1, 2, 3], 1, 0.001, 512, False, True 2.6606239315860525 47.99197668614469 10.656527635489866 1.309846986932384 12.7863577597817 11.143139772314505 
[1, 12, 24, 48], [24, 5, 5, 5], [1, 5, 5, 5], [5, 5, 5, 5], [0, 1, 2, 3], 5, 0.001, 512, False, True 2.1587775342014655 41.10165279753715 5.667825224554589 0.1613303464228925 0.7855350935885276 0.510948607700727 
[1, 12, 24, 48], [24, 5, 5, 5], [1, 5, 5, 5], [10, 10, 10, 10], [0, 1, 2, 3], 1, 0.001, 512, False, True 2.6133982347828093 48.62105305247043 10.541108735591054 1.1268278373084006 9.80831151835433 9.135855765733575 
[1, 12, 24, 48], [24, 5, 5, 5], [1, 5, 5, 5], [10, 10, 10, 10], [0, 1, 2, 3], 5, 0.001, 512, False, True 1.9774759811363012 41.90187345222505 5.071542302345428 0.021238053577043354 0.29094142548961827 0.008916650829151473 
[1, 12, 24, 48], [24, 5, 5, 5], [1, 10, 10, 10], [5, 5, 5, 5], [0, 1, 2, 3], 1, 0.001, 512, False, True 3.6115690841367125 64.44611905871287 24.835495166257086 3.1286359814846434 44.784149588939805 38.804145193183345 
[1, 12, 24, 48], [24, 5, 5, 5], [1, 10, 10, 10], [5, 5, 5, 5], [0, 1, 2, 3], 5, 0.001, 512, False, True 2.317273280684388 41.16344699054053 6.907496865621823 0.35760743199158024 0.5559743462204587 2.354320713537056 
[1, 12, 24, 48], [24, 5, 5, 5], [1, 10, 10, 10], [10, 10, 10, 10], [0, 1, 2, 3], 1, 0.001, 512, False, True 3.3047993819049934 54.77434639681051 16.319793320166564 1.6316646512907336 15.693029957603006 13.78249487396532 
[1, 12, 24, 48], [24, 5, 5, 5], [1, 10, 10, 10], [10, 10, 10, 10], [0, 1, 2, 3], 5, 0.001, 512, False, True 1.9868628008546376 41.7619391348688 5.071001925079972 0.017973958979412043 0.17849864730351145 0.013207632258591182 
[1, 12, 24, 48], [24, 10, 5, 5], [1, 5, 5, 5], [5, 5, 5, 5], [0, 1, 2, 3], 1, 0.001, 512, False, True 5.468863770617515 95.4834460049558 42.31137529536814 2.9209892334198493 48.309532453379795 32.15152401877708 
[1, 12, 24, 48], [24, 10, 5, 5], [1, 5, 5, 5], [5, 5, 5, 5], [0, 1, 2, 3], 5, 0.001, 512, False, True 1.965558452797295 42.025531124478576 5.0659751293914255 0.012204124242678619 0.17631751423845304 0.0035753755940956763 
