lags time_steps dense_nodes lstm_nodes processed scales                        epochs l2 learning_rate mean_mae mean_mape mean_mse                         std mae std_mape std_mse 
[1, 24], [24, 5], [1, 10], [20, 20], [0, 1], 1, 0.001, 1, False, True 7.430909814790788 80.35566355894953 68.43374870867484 0.761801365748748 12.386500447462033 12.079388035229027 
[1, 24], [24, 5], [1, 10], [30, 30], [0, 1], 1, 0.001, 1, False, True 8.845675272047865 89.1964766799576 101.70393973247701 0.9861171448491496 8.393759470942438 26.373155986455536 
[1, 24], [24, 5], [1, 5], [20, 20], [0, 1], 1, 0.001, 1, False, True 8.53071430246777 88.47346074653582 90.22347051660667 1.7155224114038046 21.553838903699493 29.89875226759016 
[1, 24], [24, 5], [1, 5], [30, 30], [0, 1], 1, 0.001, 1, False, True 9.468644700370108 97.45692707353055 117.1890397352136 1.1898524189632993 10.036831753365973 37.50625652029286 
[1, 24], [24, 10], [1, 5], [20, 20], [0, 1], 1, 0.001, 1, False, True 7.072543658590358 84.04086546739904 65.75981795940851 2.0143949668886902 14.517787358825915 26.159480149227623 
[1, 24], [24, 10], [1, 5], [30, 30], [0, 1], 1, 0.001, 1, False, True 9.254728222255492 109.61149877298739 99.75463833910025 0.27699430799647745 4.348459010174749 5.834221421027133 
[1, 24], [24, 10], [1, 10], [20, 20], [0, 1], 1, 0.001, 1, False, True 8.015924807696999 80.85070967477283 81.59379094808708 0.7417786796664704 8.326138184292885 15.67543544878277 
[1, 24], [24, 15], [1, 5], [30, 30], [0, 1], 1, 0.001, 1, False, True 9.056522656956481 108.6533698936236 113.50290176744159 3.355608179121272 30.0871425466405 55.97687198955333 
[1, 24], [24, 15], [1, 10], [30, 30], [0, 1], 1, 0.001, 1, False, True 8.099090411213952 88.67266122774363 79.82736183645063 1.3479496421879469 15.706759224651611 25.357416530124375 
[1, 24], [24, 15], [1, 10], [20, 20], [0, 1], 1, 0.001, 1, False, True 7.736434034216734 76.80783102067159 76.3339989689852 0.4160550334229416 3.56809954738526 8.456093969125439 
[1, 24], [24, 15], [1, 5], [20, 20], [0, 1], 1, 0.001, 1, False, True 7.2018254663510675 72.98840414284003 64.21369316649854 0.4022712882780235 6.079653968862994 5.469427533248296 
[1, 24], [24, 20], [1, 5], [30, 30], [0, 1], 1, 0.001, 1, False, True 10.232142329967962 119.36254816902364 126.06444738330369 1.835989247731052 20.79013283828896 43.15614966935804 
[1, 24], [24, 20], [1, 5], [20, 20], [0, 1], 1, 0.001, 1, False, True 6.216709068464116 70.52626242009745 57.136694016537085 1.626177822896013 7.152164369335536 19.77925512725698 
[1, 24], [24, 10], [1, 10], [30, 30], [0, 1], 1, 0.001, 1, False, True 8.831702973673776 89.66057132019377 96.27225529596535 0.5810173026652138 9.94242357115601 9.507413279745833 
[1, 24], [24, 20], [1, 10], [20, 20], [0, 1], 1, 0.001, 1, False, True 6.639868445332265 67.30113580693492 56.779672946127164 0.2549779871737989 2.339926685280651 4.640422371768456 
[1, 24], [24, 20], [1, 10], [30, 30], [0, 1], 1, 0.001, 1, False, True 9.825730684930372 101.56618250734238 119.86154469560314 1.5400440107424993 20.126274820324 34.509347422028135 
[1, 24], [24, 5], [1, 5], [20, 20], [1], 1, 0.001, 1, False, True 5.819760623908842 61.86346734788805 42.10569941145266 0.875564624417853 12.88706097523244 8.835468194631737 
[1, 24], [24, 5], [1, 10], [30, 30], [1], 1, 0.001, 1, False, True 4.4940678052862895 45.30158840152877 29.471308233741837 1.337143617189634 13.386424441571695 14.802487691837719 
[1, 24], [24, 10], [1, 10], [20, 20], [1], 1, 0.001, 1, False, True 4.304369237505038 44.72979651196346 29.721428284436428 1.6585964832621314 20.29260215349592 19.501759972985848 
[1, 24], [24, 15], [1, 5], [30, 30], [1], 1, 0.001, 1, False, True 5.006856011128467 52.58111658568493 40.28125364596731 2.9066105993690345 33.71374286315704 37.568744831214104 
[1, 24], [24, 20], [1, 5], [20, 20], [1], 1, 0.001, 1, False, True 5.523993153511374 59.485263192604606 39.42979925015492 1.2515015835446677 14.060795615373811 15.104481274685037 
[1, 24], [24, 20], [1, 10], [30, 30], [1], 1, 0.001, 1, False, True 4.479972226746139 46.295232681158744 29.457608708775997 1.2024104500053983 11.223968018247168 16.325927548573013 
[1, 24], [24, 5], [1, 5], [30, 30], [1], 1, 0.001, 1, False, True 5.20027732765647 53.01605336655559 36.57891384530124 0.7466184789374597 3.966382648678222 11.350097959529249 
[1, 24], [24, 10], [1, 10], [30, 30], [1], 1, 0.001, 1, False, True 5.609896896696752 55.112112849355405 47.22020139146085 1.8187670116038561 18.522588946607083 24.449689448173874 
[1, 24], [24, 10], [1, 5], [20, 20], [1], 1, 0.001, 1, False, True 4.692799189172824 47.30115372058284 31.069576241378353 0.5335031060140383 7.476243442175124 6.036302729206536 
[1, 24, 48], [24, 5, 5], [1, 10, 10], [20, 20, 20], [1, 2], 1, 0.001, 1, False, True 2.5734186966937993 29.78245215613143 10.64869355683362 0.7415788316436087 8.270614904811607 5.36924960879158 
[1, 24], [24, 15], [1, 10], [20, 20], [1], 1, 0.001, 1, False, True 3.7532046557852516 39.504701214368275 19.984215081572724 0.17894861634052045 1.4460485399990592 2.568936004908735 
[1, 24], [24, 20], [1, 5], [30, 30], [1], 1, 0.001, 1, False, True 6.254223002227783 72.63310013396956 47.844364909728434 0.637173620083196 7.389644958680488 7.35515858525874 
[1, 24, 48], [24, 5, 5], [1, 20, 20], [30, 30, 30], [1, 2], 1, 0.001, 1, False, True 3.1518967620338554 40.07956503204403 13.959834022503523 0.3819555266396006 0.49814209029829515 1.7637271921863593 
[1, 24, 48], [24, 10, 5], [1, 20, 20], [20, 20, 20], [1, 2], 1, 0.001, 1, False, True 2.641633379818113 36.34034019230907 11.43106213682943 0.8196340986828506 13.305312296703256 5.99496882704868 
[1, 24, 48], [24, 15, 5], [1, 10, 10], [30, 30, 30], [1, 2], 1, 0.001, 1, False, True 3.040800727986628 44.47819936271906 16.457326967605663 0.6903703435201595 10.038534681838991 7.083344252969833 
[1, 24, 48], [24, 20, 20], [1, 10, 10], [20, 20, 20], [0, 1, 2], 1, 0.001, 1, False, True 2.4295607930670187 32.156157908766346 9.914353233510829 0.1164594027452965 6.003532865709406 1.1495733223321274 
[1, 24], [24, 5], [1, 10], [20, 20], [1], 1, 0.001, 1, False, True 5.0376440105338895 49.7631062405185 37.590984212042855 1.2257013657034814 12.508941337920367 16.18382386012481 
[1, 24, 48], [24, 20, 20], [1, 20, 20], [30, 30, 30], [0, 1, 2], 1, 0.001, 1, False, True 5.598117880530103 76.17383554837052 45.34744535066981 1.4643444798493954 18.466800826225555 23.06373599844251 
[1, 24, 48], [24, 20, 15], [1, 10, 10], [30, 30, 30], [0, 1, 2], 1, 0.001, 1, False, True 3.041234595770085 45.274311916656806 18.35697296361319 1.3804692332526622 21.884383106713422 15.180466335156101 
[1, 24, 48], [24, 20, 10], [1, 20, 20], [20, 20, 20], [0, 1, 2], 1, 0.001, 1, False, True 2.703798865996026 36.43466252741271 11.188404922273316 0.6135326938100397 6.978629858274161 4.2816655071318825 
[1, 24, 48], [24, 5, 5], [1, 10, 10], [20, 20, 20], [0, 1, 2], 1, 0.001, 1, False, True 5.699011271029573 67.59298667393429 56.454047659446864 3.328202931877608 30.491836963879354 57.033257912579124 
[1, 24], [24, 10], [1, 5], [30, 30], [1], 1, 0.001, 1, False, True 5.279862767894735 55.508932638052215 36.0927583151373 1.250033507180006 14.385285876170906 14.50895229119283 
[1, 24], [24, 15], [1, 5], [20, 20], [1], 1, 0.001, 1, False, True 5.471596460942076 57.09364199785731 38.74728505871264 0.16205403225056692 2.617442008084945 1.6422305446060042 
[1, 24, 48], [24, 20, 5], [1, 20, 20], [30, 30, 30], [0, 1, 2], 1, 0.001, 1, False, True 7.476091029143167 94.41475163772407 89.11946848669818 3.8310171363106797 42.50695102149358 78.83935490706448 
[1, 24], [24, 15], [1, 10], [30, 30], [1], 1, 0.001, 1, False, True 4.665419070953848 47.96452204183478 28.699989859240905 0.3863148971499503 3.770132800386576 5.2418885829223925 
[1, 24, 48], [24, 20, 5], [1, 10, 10], [20, 20, 20], [0, 1, 2], 1, 0.001, 1, False, True 7.591708570662284 99.68827541085734 91.53835949560857 4.36676401516966 51.58748166136862 81.96571200047968 
[1, 24], [24, 20], [1, 10], [20, 20], [1], 1, 0.001, 1, False, True 5.64124811851178 58.497851669204145 46.19817075742466 1.8134736614308165 20.983408434851466 27.968457610654426 
[1, 24, 48], [24, 5, 5], [1, 20, 20], [30, 30, 30], [0, 1, 2], 1, 0.001, 1, False, True 5.262489668790389 70.05937923911263 47.382868871480646 2.7761632337916424 33.58675032583941 45.14585939587212 
[1, 24, 48], [24, 10, 5], [1, 20, 20], [20, 20, 20], [0, 1, 2], 1, 0.001, 1, False, True 2.6220266006059116 37.50860943795703 10.5483287453418 0.5201550382514345 6.444296926083834 3.937156436015358 
[1, 24, 48], [24, 15, 5], [1, 10, 10], [30, 30, 30], [0, 1, 2], 1, 0.001, 1, False, True 2.8638473553789985 42.69971937774323 14.061500147089276 0.9832299069825704 15.545445321518025 7.710112409561996 
[1, 24, 48], [24, 5, 5], [1, 10, 10], [30, 30, 30], [1, 2], 1, 0.001, 1, False, True 4.197388484018545 52.14504504894757 29.60157510196132 1.943269656143659 16.871545817338966 23.477928524758067 
[1, 24, 48], [24, 10, 5], [1, 10, 10], [20, 20, 20], [1, 2], 1, 0.001, 1, False, True 2.9359216184251835 43.294850906530286 13.162147331466366 0.253129247407539 3.312964288761931 1.0894504839204897 
[1, 24, 48], [24, 15, 5], [1, 20, 20], [20, 20, 20], [1, 2], 1, 0.001, 1, False, True 3.06050043600025 45.76741479307341 17.247835483471075 0.9663959736212562 16.792282938347483 9.7278278128178 
[1, 24, 48], [24, 10, 5], [1, 20, 20], [30, 30, 30], [1, 2], 1, 0.001, 1, False, True 2.7310063673666227 41.41522881552613 12.114350122738498 0.2881423488954355 4.152758249624145 2.355730022712612 
[1, 24, 48], [24, 20, 15], [1, 10, 10], [30, 30, 30], [1, 2], 1, 0.001, 1, False, True 3.8165841180969173 46.994186838074825 22.542099160341923 1.3014582823244374 17.61895583958261 13.978640867980411 
[1, 24, 48], [24, 20, 5], [1, 10, 10], [20, 20, 20], [1, 2], 1, 0.001, 1, False, True 4.973186842241772 56.90249445290374 36.933230130854135 2.6004320452237644 29.33516840048963 32.054082158514 
[1, 24, 48], [24, 20, 10], [1, 20, 20], [20, 20, 20], [1, 2], 1, 0.001, 1, False, True 2.6036030261604877 39.50330681276863 11.544501246308306 0.2829269529032861 4.635761114255002 2.288660226652465 
[1, 24, 48], [24, 20, 5], [1, 20, 20], [30, 30, 30], [1, 2], 1, 0.001, 1, False, True 2.5141625532949416 35.22127764392584 11.015641890861495 0.8901112010167899 12.289916989332294 7.698020472036077 
[1, 24, 48], [24, 20, 20], [1, 10, 10], [30, 30, 30], [0, 1, 2], 1, 0.001, 1, False, True 3.2306328851781365 35.5549178426914 18.902280012317842 2.1447926370306707 25.19129749298374 19.974609441084958 
[1, 24, 48], [24, 20, 15], [1, 20, 20], [20, 20, 20], [0, 1, 2], 1, 0.001, 1, False, True 3.3841411914883395 39.64045524069663 18.418480065200797 1.8177883964306427 19.26924393958891 15.505505038439267 
[1, 24, 48], [24, 5, 5], [1, 10, 10], [20, 20, 20], [2], 1, 0.001, 1, False, True 2.8073086181724514 41.34587181702909 12.869083718266461 0.570553892642657 9.40320357548413 5.1883511654501016 
[1, 24, 48], [24, 5, 5], [1, 20, 20], [30, 30, 30], [2], 1, 0.001, 1, False, True 3.0625440257290997 47.028329500472545 16.261905218982804 0.25407648865299876 3.2742623154168813 2.3012492751170006 
[1, 24, 48], [24, 20, 20], [1, 10, 10], [20, 20, 20], [2], 1, 0.001, 1, False, True 3.000214202681349 32.59510965010858 14.468929322643875 1.4420644242674872 12.091720630100546 12.482996488543096 
[1, 24, 48], [24, 20, 15], [1, 10, 10], [30, 30, 30], [2], 1, 0.001, 1, False, True 2.3181335967448025 31.627329338900196 8.572682910423582 0.43846722245000314 7.197967135501261 3.2110544612946725 
[1, 24, 48], [24, 20, 10], [1, 20, 20], [20, 20, 20], [2], 1, 0.001, 1, False, True 3.7242736361644884 54.80919206882291 21.50815820109936 0.24852005182335526 4.540664684644592 5.307750264055441 
[1, 24, 48], [24, 5, 5], [1, 10, 10], [30, 30, 30], [0, 1, 2], 1, 0.001, 1, False, True 8.608922620985174 107.63388113505432 138.79904741314905 6.397974551987645 69.3909645745244 164.55668616976746 
[1, 24, 48], [24, 5, 5], [1, 20, 20], [20, 20, 20], [1, 2], 1, 0.001, 1, False, True 2.786414668074361 39.209579559302774 12.552795696270792 0.7462128811442611 12.793304751212755 5.732393688450319 
[1, 24, 48], [24, 20, 10], [1, 20, 20], [30, 30, 30], [0, 1, 2], 1, 0.001, 1, False, True 6.319441072470336 81.70321950749742 60.24490232300089 1.8773094239810604 7.25733078426161 27.49861758232542 
[1, 24, 48], [24, 10, 5], [1, 10, 10], [30, 30, 30], [1, 2], 1, 0.001, 1, False, True 4.680633673535798 51.467877390074705 32.3514153255388 1.8747377490183286 18.44387789855103 21.773351040526826 
[1, 24, 48], [24, 20, 10], [1, 10, 10], [20, 20, 20], [0, 1, 2], 1, 0.001, 1, False, True 2.254424020675597 30.626410768863064 7.900416269962965 0.3842714435165555 7.602263126148577 2.36028342927477 
[1, 24, 48], [24, 20, 15], [1, 20, 20], [20, 20, 20], [1, 2], 1, 0.001, 1, False, True 2.53102067877297 37.517407299298675 10.237657586239948 0.045188049938499224 1.129870512336979 0.7579093218360275 
[1, 24, 48], [24, 20, 5], [1, 10, 10], [30, 30, 30], [0, 1, 2], 1, 0.001, 1, False, True 2.878357161050317 37.71973108059873 13.614281692810584 0.9620924706434782 17.043718462852414 8.211019779375022 
[1, 24, 48], [24, 20, 10], [1, 10, 10], [20, 20, 20], [1, 2], 1, 0.001, 1, False, True 3.448248368901787 48.799865985843724 20.548359926897902 1.0991434673064093 18.100900309481926 12.885928542283995 
[1, 24, 48], [24, 15, 5], [1, 20, 20], [30, 30, 30], [1, 2], 1, 0.001, 1, False, True 4.113019661006898 56.38451228603006 37.20116880124933 3.1071936728659155 42.1801473355414 43.96011920379599 
[1, 24, 48], [24, 20, 10], [1, 20, 20], [30, 30, 30], [1, 2], 1, 0.001, 1, False, True 2.383928782244524 33.181278904005325 8.756318500045571 0.30831315138723303 2.3918475704728483 1.5154305839863973 
[1, 24, 48], [24, 20, 5], [1, 10, 10], [30, 30, 30], [1, 2], 1, 0.001, 1, False, True 3.135773567827764 38.064423994843594 15.542642297334789 0.7394321084234184 1.1747944712970486 5.898973213549708 
[1, 24, 48], [24, 15, 5], [1, 10, 10], [20, 20, 20], [1, 2], 1, 0.001, 1, False, True 2.488243226900144 34.873732391122275 9.797262141718027 0.7889090293904195 13.033330293028206 4.970320577395928 
[1, 24, 48], [24, 10, 5], [1, 10, 10], [20, 20, 20], [0, 1, 2], 1, 0.001, 1, False, True 4.540094092136456 58.85964988552373 32.29343454561971 1.5203979778259291 7.938500907022221 14.880499179925147 
[1, 24, 48], [24, 20, 20], [1, 10, 10], [20, 20, 20], [1, 2], 1, 0.001, 1, False, True 4.735395989277296 58.164907057344415 34.84002035217351 2.2593556078797863 21.594010032006423 29.557136049618993 
[1, 24, 48], [24, 20, 20], [1, 20, 20], [30, 30, 30], [1, 2], 1, 0.001, 1, False, True 3.1243689694062424 36.90195550883749 15.272464240786036 1.3394214714514785 11.345759488179432 10.615911871618488 
[1, 24, 48], [24, 5, 5], [1, 10, 10], [30, 30, 30], [2], 1, 0.001, 1, False, True 2.294606036830831 32.504685905033206 8.632464896791499 0.11674952859276558 2.796365313721171 1.1637169120044681 
[1, 24, 48], [24, 20, 20], [1, 10, 10], [30, 30, 30], [2], 1, 0.001, 1, False, True 2.481328121434759 35.796371130801326 9.272264354189533 0.5373737126131864 7.325727822772643 3.532113155965486 
[1, 24, 48], [24, 20, 10], [1, 10, 10], [20, 20, 20], [2], 1, 0.001, 1, False, True 2.491092397410561 34.13006296341487 9.376015046917013 0.20650162384868054 3.4555808621762134 1.3286273908728927 
[1, 24, 48], [24, 20, 15], [1, 20, 20], [20, 20, 20], [2], 1, 0.001, 1, False, True 2.643964470757379 39.18340679084192 11.3994196723132 0.19244143864635543 2.592315813736542 1.6095593206386454 
[1, 24, 48], [24, 20, 10], [1, 20, 20], [30, 30, 30], [2], 1, 0.001, 1, False, True 2.8146344362861577 41.972369896722775 12.475373575733329 0.15887643282603855 1.417385438546773 0.6269064376200734 
[1, 24, 48], [24, 20, 20], [1, 20, 20], [30, 30, 30], [2], 1, 0.001, 1, False, True 4.042226999142655 59.15163432043264 23.737548566015366 0.6892045375637398 7.982164518024593 5.635330936887269 
[1, 24, 48], [24, 15, 5], [1, 20, 20], [20, 20, 20], [0, 1, 2], 1, 0.001, 1, False, True 3.8114235770233247 48.81932041315494 21.855266610211867 1.0187948154924416 3.4610482628304204 7.5806577235332355 
[1, 24, 48], [24, 10, 5], [1, 20, 20], [30, 30, 30], [0, 1, 2], 1, 0.001, 1, False, True 2.9449380394209315 43.58575714897142 15.011295105328493 0.389062443308846 5.632119030567316 3.9437792232491575 
[1, 24, 48], [24, 5, 5], [1, 20, 20], [20, 20, 20], [2], 1, 0.001, 1, False, True 3.2498671815351208 46.613895233154786 16.14388491939125 0.668775646672253 10.825630495418855 6.463866133221338 
[1, 24, 48], [24, 20, 20], [1, 20, 20], [20, 20, 20], [0, 1, 2], 1, 0.001, 1, False, True 3.293909984137173 45.926046917737466 16.87392380663216 0.2672276486576176 0.6511374110359205 0.24224567240995834 
[1, 24, 48], [24, 20, 20], [1, 20, 20], [20, 20, 20], [2], 1, 0.001, 1, False, True 3.2169117828762093 48.28862820411726 17.517390269841194 0.27365639822937493 4.485209672859333 2.421659563028233 
[1, 24, 48], [24, 20, 10], [1, 10, 10], [30, 30, 30], [2], 1, 0.001, 1, False, True 2.1766140505947447 30.255602605524064 8.212571919911108 0.5151283559937195 10.675255173690331 3.228778263881781 
[1, 24, 48], [24, 20, 15], [1, 20, 20], [30, 30, 30], [1, 2], 1, 0.001, 1, False, True 1.9399072330307074 26.143845063702518 5.887901991263642 0.11943354552229835 4.961943776168939 0.9131627829581725 
[1, 24, 48], [24, 20, 15], [1, 10, 10], [20, 20, 20], [2], 1, 0.001, 1, False, True 2.089114817135312 23.319972279129402 6.856461551822055 0.45061685145833724 5.112558994133952 2.3610662921995047 
[1, 24, 48], [24, 20, 15], [1, 20, 20], [30, 30, 30], [2], 1, 0.001, 1, False, True 2.70334912535769 34.91838255689507 10.710717207211614 0.8676004037782774 5.982006944787855 4.767988538694806 
[1, 24, 48], [24, 20, 5], [1, 20, 20], [20, 20, 20], [1, 2], 1, 0.001, 1, False, True 2.2766877184311554 27.04903462842176 7.516889493625167 0.5143444106167785 4.254625640018887 2.83914422726641 
[1, 24, 48], [24, 20, 15], [1, 10, 10], [20, 20, 20], [1, 2], 1, 0.001, 1, False, True 2.1626688228161246 30.922683966226685 7.699303687220012 0.20682976250887533 3.6072991824531964 1.4228223100275958 
[1, 24, 48], [24, 20, 15], [1, 20, 20], [30, 30, 30], [0, 1, 2], 1, 0.001, 1, False, True 11.297886628328166 141.50422753127626 229.7835028822266 8.503383438416003 95.21108238521377 261.1979440207797 
[1, 24, 48], [24, 20, 10], [1, 10, 10], [30, 30, 30], [1, 2], 1, 0.001, 1, False, True 3.6265231852316195 41.446922757462495 22.31151386149723 1.9740841631177164 19.497189281232746 20.006518825861953 
[1, 24, 48], [24, 20, 20], [1, 10, 10], [30, 30, 30], [1, 2], 1, 0.001, 1, False, True 3.102062127490838 38.460491015287076 15.219628812777293 0.769489889197303 5.694246071210174 6.487334016666322 
[1, 24, 48], [24, 20, 15], [1, 10, 10], [20, 20, 20], [0, 1, 2], 1, 0.001, 1, False, True 3.906527444865141 45.71925581876109 26.219772645993014 2.635546843975336 28.225429203395304 28.238814141508282 
[1, 24, 48], [24, 20, 10], [1, 10, 10], [30, 30, 30], [0, 1, 2], 1, 0.001, 1, False, True 4.897026157075609 72.71495746780892 41.5880973552579 2.092163856563769 28.4636552562949 25.08256763733988 
[1, 24, 48], [24, 5, 5], [1, 20, 20], [20, 20, 20], [0, 1, 2], 1, 0.001, 1, False, True 3.0892551071114007 45.542987269554544 16.093320251932067 0.824965280197363 12.456991055695521 6.903166771208765 
[1, 24, 48], [24, 20, 5], [1, 20, 20], [20, 20, 20], [0, 1, 2], 1, 0.001, 1, False, True 2.782969280863526 38.324982699550986 12.33100847763226 0.3554105908612217 9.033806895884878 2.8950052012571352 
[1, 24, 48], [24, 10, 5], [1, 10, 10], [30, 30, 30], [0, 1, 2], 1, 0.001, 1, False, True 7.206371870373065 77.54293680089606 88.70081181567463 4.692113233146517 48.04226817331632 89.15344433009858 
[1, 24, 48], [24, 20, 20], [1, 20, 20], [20, 20, 20], [1, 2], 1, 0.001, 1, False, True 2.73687787456093 38.511922830358806 10.878653184241578 0.54245992553615 6.694112535115344 3.3208137802932187 
[1, 24, 48], [24, 15, 5], [1, 10, 10], [20, 20, 20], [0, 1, 2], 1, 0.001, 1, False, True 2.869460628029925 40.90478940349533 13.743636800052919 0.7813440327017401 7.723396620344908 5.783986328156357 
[1, 24, 48], [24, 15, 5], [1, 20, 20], [30, 30, 30], [0, 1, 2], 1, 0.001, 1, False, True 3.168482667732018 43.24064946564953 15.583903516228075 0.7695681349905894 4.114628541328722 4.114097944181913 
