layers lag time_steps epochs l2 learning_rate mean_mae                         mean_mape mean_mse std mae std_mape std_mse 
[15], 24, 1, 1, 0.001, 0.05, 1, False 2.161760647046483 30.735509789248624 6.542898899372639 0.31379090594261155 3.7754477474789034 1.4147843134808662 
[15], 36, 1, 1, 0.001, 0.05, 1, False 2.756598559656629 38.033096068102985 9.797699596236079 0.25769424423361054 4.8381499360721945 0.9030375088490713 
[10], 1, 1, 1, 0.001, 0.05, 1, False 3.887550679790891 52.65743408348738 18.311794414701485 0.3936667360386624 1.6559488854314839 3.925048260451789 
[10], 12, 1, 1, 0.001, 0.05, 1, False 3.712023667096057 56.932644067992754 17.121586296257252 0.13760023730148827 1.9140757680583302 1.0583602143586424 
[10], 24, 1, 1, 0.001, 0.05, 1, False 2.169421690826615 31.284681393692125 6.740063826001136 0.31461101120110796 3.254797494376084 2.5589934368638385 
[15], 1, 1, 1, 0.001, 0.05, 1, False 4.023407345323789 53.39521342620328 19.35792008425956 0.12151704163922311 0.45656773300019854 1.484043259785892 
[15], 12, 1, 1, 0.001, 0.05, 1, False 3.633266625736185 58.37996784040444 16.76122575480706 0.194219146396741 1.785841780805174 1.6020705975252558 
[10], 36, 1, 1, 0.001, 0.05, 1, False 2.2243954813901197 30.264964233414307 7.023896802955977 0.2972028266700069 3.9628208079440617 1.554940290558271 
[5], 1, 1, 1, 0.001, 0.05, 1, False 3.9115509189044437 53.47873992103195 18.841768510240712 0.5659589859738146 3.0907343906585902 5.87386679372767 
[5], 36, 1, 1, 0.001, 0.05, 1, False 2.7560256262603047 37.75719841590185 9.622969915629321 0.24627459349792105 3.2063803640813724 1.3507474379194007 
[5], 24, 1, 1, 0.001, 0.05, 1, False 2.1491378255119478 32.866696768339764 5.665582363857606 0.23853490939952715 4.282584783344996 0.6280257334258232 
[20], 12, 1, 1, 0.001, 0.05, 1, False 3.6008306713291884 54.55259093985953 16.145355373150082 0.23914469335097643 2.657719930835197 2.2735716274657918 
[20], 1, 1, 1, 0.001, 0.05, 1, False 4.239209035963371 52.57124755778631 22.73881357738558 0.15931144047037551 0.5699356436250566 2.3357392122504326 
[20], 24, 1, 1, 0.001, 0.05, 1, False 1.9700077984757993 28.22276116707612 6.256441810339477 0.4158394575736176 6.122814527093255 1.8929795672571237 
[5], 12, 1, 1, 0.001, 0.05, 1, False 3.500888474922869 53.131079583435906 15.447657773423131 0.5191124914121491 4.17090897642421 4.192561290191937 
[20], 36, 1, 1, 0.001, 0.05, 1, False 1.8892329634063774 25.384456620310743 5.38424049613698 0.23033291850260837 2.78873377464136 1.1069104607923093 
[15], 36, 15, 5, 0.001, 0.05, 1, False 1.6221852840510784 23.31735032094322 4.349317381726119 0.05421186761645286 0.8340117989232657 0.2152384020830112 
[15], 24, 1, 5, 0.001, 0.05, 1, False 1.5957818811000495 20.855993895332087 4.434252276329656 0.1102222214056931 1.0346242230126932 0.24423726032170512 
[15], 36, 1, 5, 0.001, 0.05, 1, False 1.6209937727561705 21.28536841133118 4.1314468502303106 0.05572050732208732 0.6085409069188887 0.009212926915342336 
[15], 24, 15, 5, 0.001, 0.05, 1, False 1.722280964800329 24.44790915337333 5.083438818190231 0.045040118928958116 0.15051894571477742 0.2885123324698787 
[15], 12, 15, 5, 0.001, 0.05, 1, False 2.034516024927574 30.42037178639239 6.861326375716614 0.12099376504685654 4.030825879482966 0.42921091541753065 
[20], 12, 1, 5, 0.001, 0.05, 1, False 2.7773199018642862 45.94429040029737 10.118492763879104 0.18538616259831522 2.4048770257742116 1.6382600273666872 
[15], 1, 1, 5, 0.001, 0.05, 1, False 3.011636213785797 49.703165585588 11.808347341479363 0.4940571064269103 0.7828370125421775 2.905149269255849 
[10], 36, 1, 5, 0.001, 0.05, 1, False 2.120281204864107 28.363357744131935 6.183820862543321 0.20823829368615043 3.698084027399013 0.8246853732551128 
[20], 1, 1, 5, 0.001, 0.05, 1, False 2.973275297197203 49.930084879977926 10.68399665119158 0.14834096431146365 0.8923446381301628 0.9696307971982063 
[10], 1, 1, 5, 0.001, 0.05, 1, False 3.6881701573246612 51.26858698766754 16.057057942014193 0.12102930701563404 0.8187237860749513 1.2289284261151876 
[15], 12, 1, 5, 0.001, 0.05, 1, False 3.122357157438442 50.47831486957447 13.326439776032435 0.6426732516986597 8.447608761877675 4.603528434096662 
[20], 24, 1, 5, 0.001, 0.05, 1, False 1.5461531419100034 20.788815847287164 4.0449369110979845 0.10876651970955413 1.415130885417292 0.4842559939322192 
[20], 24, 15, 5, 0.001, 0.05, 1, False 1.6260595319240734 22.930640663723768 4.809375290874734 0.04252778787230162 0.6006385306087398 0.2233053464363183 
[30], 12, 1, 1, 0.001, 0.05, 1, False 3.637899393643494 56.21907938958618 17.799379853406755 0.5924849700949183 7.501497121059409 6.193211162311965 
[30], 1, 1, 1, 0.001, 0.05, 1, False 4.20784707195298 52.712324724105606 22.2336070115922 0.17721839678435614 0.1768070228159042 2.722590047008446 
[15], 24, 5, 10, 0.001, 0.05, 1, False 1.501513439734225 21.144539793996174 3.6570748722974478 0.12503268450306704 1.2080205939907105 0.24268500392870362 
[5], 1, 1, 5, 0.001, 0.05, 1, False 4.608889079454389 61.319564542255875 28.178540237260233 1.2507099318953216 9.280374796790673 12.789120052587474 
[15], 1, 15, 5, 0.001, 0.05, 1, False 2.0628837371038067 34.729260495493385 5.414301213066882 0.04036972926673686 1.0583716383372066 0.07533888431922213 
[10], 36, 15, 5, 0.001, 0.05, 1, False 1.6852357693706397 24.151712021607068 4.520565468378186 0.028535341700107547 0.5168662803536896 0.11258055496162264 
[10], 24, 15, 5, 0.001, 0.05, 1, False 1.6085218636388028 22.470307289928744 4.5770291908150655 0.04453716229884771 0.7383585772461603 0.28242193459747733 
[15], 36, 5, 10, 0.001, 0.05, 1, False 1.6603118222620754 23.753835550835934 4.836632161851628 0.10952690065954819 1.3121087411005792 0.6981022551191847 
[5], 36, 15, 5, 0.001, 0.05, 1, False 1.9574843187161068 27.469512921230464 6.176166874211987 0.22112911783391945 2.6301340801684456 1.4417255784885923 
[10], 12, 1, 5, 0.001, 0.05, 1, False 2.8865093236616644 48.93121896554067 11.67575790429963 0.7179575937025412 10.219667427392778 5.195502050370598 
[15], 24, 10, 1, 0.001, 0.05, 1, False 1.8156516274299335 27.476172220577805 5.268762373730901 0.055245718456291566 1.6255237514020229 0.29818267986314834 
[5], 24, 1, 5, 0.001, 0.05, 1, False 1.5287694857214336 22.18967427170701 3.6103424738837417 0.11109337581020193 1.7217899839564368 0.49429258851328506 
[20], 1, 5, 10, 0.001, 0.05, 1, False 2.293773335701338 38.90856411238831 6.44975363633007 0.02954023862588595 0.4810768620601145 0.044495534924395945 
[10], 24, 1, 5, 0.001, 0.05, 1, False 1.4880169312159222 20.57733190428493 3.963239577922169 0.05578727274014737 0.6236388413421993 0.2777779545377157 
[5], 36, 1, 5, 0.001, 0.05, 1, False 1.587316446399523 22.064398774447824 3.9900669545083685 0.12707037244013084 2.6472249014956444 0.4631510417845361 
[15], 1, 5, 10, 0.001, 0.05, 1, False 2.2442228049177815 38.31784219777365 6.329411961402795 0.032455065245074556 0.29897014109783787 0.03529529217111733 
[10], 1, 15, 5, 0.001, 0.05, 1, False 2.4331614474179566 40.249128360991385 7.119111824704157 0.24366616993743725 3.917474112139305 1.1150821708294347 
[20], 24, 5, 10, 0.001, 0.05, 1, False 1.4915821449279232 20.801198140665957 3.7486943280883707 0.08324573356965334 1.0453630378842098 0.2575509387744832 
[15], 36, 10, 1, 0.001, 0.05, 1, False 1.960900328287648 28.196092391614954 6.390668723232732 0.04126319135872022 0.8998473482195386 0.157215384213441 
[5], 12, 1, 5, 0.001, 0.05, 1, False 2.7195133436747176 45.86432722217759 10.277044531832702 0.22642974323065412 3.865303516752564 1.3573133058300282 
[10], 12, 15, 5, 0.001, 0.05, 1, False 2.0826645332630034 31.804038492793794 6.580624929828741 0.03878760867060077 2.280285817158776 1.1239205430313473 
[10], 36, 5, 10, 0.001, 0.05, 1, False 1.7036417651438602 24.288986443225998 4.799893328540922 0.087924659900359 1.427577080501586 0.3338906532893896 
[20], 36, 1, 5, 0.001, 0.05, 1, False 1.6049270967435507 21.077591863327754 4.097199076521996 0.06561884603627226 0.7148398809112634 0.31034310376590346 
[15], 12, 5, 10, 0.001, 0.05, 1, False 2.082335547895895 33.27802767370314 5.823025153269629 0.057124178101043886 1.5718142605936563 0.1965828812472912 
[5], 24, 15, 5, 0.001, 0.05, 1, False 1.8225444032914109 27.799547564868092 5.13197652410727 0.1065862097123841 1.704317549880014 0.4840023207899638 
[5], 1, 15, 5, 0.001, 0.05, 1, False 2.5421762149367066 43.38644962221603 7.764047280027157 0.1908308458592243 1.7591442684609575 0.928315828370714 
[20], 1, 10, 1, 0.001, 0.05, 1, False 2.670054321487745 42.19565167221388 8.265982095389091 0.025027891548811205 0.24249548084646133 0.15516965317307868 
[10], 24, 5, 10, 0.001, 0.05, 1, False 1.426362517979686 20.09384416708046 3.605814649988847 0.14513550125662195 1.9374185730189688 0.5614865539725101 
[20], 1, 15, 5, 0.001, 0.05, 1, False 2.1124095807196923 35.142181323582804 5.5647012647271765 0.014767508435686097 0.7512941941027417 0.04354876200857253 
[30], 12, 1, 5, 0.001, 0.05, 1, False 3.1019883631383647 50.53589335917598 13.400927687006018 0.38049025727667024 4.341805267060171 3.4370952038753124 
[15], 1, 10, 1, 0.001, 0.05, 1, False 2.693523045063571 42.645923032077064 8.506886762211609 0.11373277038019032 0.8071882082827467 0.763108961502157 
[30], 1, 1, 5, 0.001, 0.05, 1, False 2.503544491784716 45.76270133780688 8.195771733216091 0.07709962080723946 0.9863083689001184 0.3225703443134473 
[20], 24, 10, 1, 0.001, 0.05, 1, False 1.7711070919478378 26.213467589225562 5.393175798772863 0.039942803180933455 1.0450093963735354 0.24008888911901852 
[30], 1, 15, 5, 0.001, 0.05, 1, False 2.100642054403821 34.295780332000156 5.556981677630066 0.01353621256862491 0.39710554101724804 0.08560068053301867 
[30], 12, 15, 5, 0.001, 0.05, 1, False 1.845900308113131 26.26982718846352 5.968514182597484 0.08158285056772437 1.712650749047602 0.3155162971496695 
[5], 1, 5, 10, 0.001, 0.05, 1, False 2.5290219107366823 43.56955278568396 7.855217887333499 0.23037215445530054 2.0462149123747086 1.1491146427266739 
[10], 36, 10, 1, 0.001, 0.05, 1, False 1.9880709532579335 30.398685550359065 6.098396398266452 0.14846729875186482 1.7013763036586584 1.2241690640583203 
[20], 12, 15, 5, 0.001, 0.05, 1, False 2.0120337695435238 30.501404564037784 6.179080693574978 0.029909391089130308 1.4232735016334364 0.45916133217173477 
[15], 24, 1, 10, 0.001, 0.05, 1, False 1.5767465831022018 20.956274797355835 4.13152938143009 0.055375210165338556 0.4819033759698644 0.16868494089042987 
[10], 1, 5, 10, 0.001, 0.05, 1, False 2.391100676606099 40.93453203405145 6.870479100872156 0.09768040622638431 1.6504371993134856 0.5171363232298865 
[15], 12, 10, 1, 0.001, 0.05, 1, False 2.176316724207114 35.710595138296206 5.779497915187268 0.04400096448277727 0.3884656386540479 0.1404397377679282 
[15], 36, 1, 10, 0.001, 0.05, 1, False 1.6374018182426138 21.74085984232173 4.154737591363868 0.0889196907703752 1.110373433417346 0.37909447383414113 
[30], 24, 1, 1, 0.001, 0.05, 1, False 2.0420121186378375 28.13926541839383 5.962081025598077 0.20163469916484644 2.198394381387162 0.9752966288526908 
[10], 24, 10, 1, 0.001, 0.05, 1, False 2.02803758462822 30.511907278537024 5.84628009827193 0.12003736551286512 1.8528320741056374 0.5926677803531163 
[20], 36, 15, 5, 0.001, 0.05, 1, False 1.6578960296594432 23.81936329920633 4.954755544773001 0.06928134165367866 0.9403343649789941 0.33867012428891435 
[5], 1, 10, 1, 0.001, 0.05, 1, False 2.759513747981853 43.63116821416361 9.104478530132413 0.21409463265732934 0.7158748511768186 1.3539793804037374 
[15], 24, 5, 1, 0.001, 0.05, 1, False 1.864903749946367 27.370975584034884 5.67325416763947 0.0694112996162885 1.210753772143156 0.37450984991776876 
[15], 24, 10, 5, 0.001, 0.05, 1, False 1.710842194263306 23.875435502089243 4.75859110488335 0.011675073334294196 0.47371552810791295 0.09206212385434175 
[20], 12, 1, 10, 0.001, 0.05, 1, False 3.108068781087382 50.085343926607884 13.85649883534908 0.31611720988017317 4.400693049891318 3.3571889104105437 
[20], 24, 1, 10, 0.001, 0.05, 1, False 1.489875860505358 19.732698237439333 3.8221588555603456 0.11554050462868094 1.5271555159729273 0.04018154867057641 
[15], 36, 15, 10, 0.001, 0.05, 1, False 1.7168961745790308 24.87323452253953 4.932591880442552 0.07011714308086545 0.6949848558948387 0.215768250307995 
[20], 1, 1, 10, 0.001, 0.05, 1, False 1.9214599951273865 37.19905027581486 6.708657757444526 0.031723843882097584 0.43980684705094014 0.28955365358518864 
[10], 1, 10, 1, 0.001, 0.05, 1, False 2.5986019048425884 43.13806688768653 8.038440035208945 0.024795714681187058 0.35654822514422824 0.13400074118926367 
[30], 1, 5, 10, 0.001, 0.05, 1, False 2.3123670866919888 39.08944765807207 6.513896482335896 0.043306148177764715 0.7870226432584918 0.12019511331418331 
[15], 36, 10, 5, 0.001, 0.05, 1, False 1.6600735925827863 23.77092376868671 4.605181528898421 0.05209798224187304 1.0559323893448145 0.2882803673640181 
[15], 36, 5, 1, 0.001, 0.05, 1, False 2.0463205379882345 29.4141120814683 6.535559612082499 0.013599460155691584 0.41638561494175885 0.3040173943200925 
[30], 12, 5, 10, 0.001, 0.05, 1, False 2.1373891648181065 32.32566136497085 6.262112462978816 0.0362347511729195 0.6823875085537803 0.2812074593572906 
[15], 24, 15, 10, 0.001, 0.05, 1, False 1.5691844702111901 21.94328321710319 4.505675913567825 0.0238147094613285 0.2678423400685701 0.16558335938790067 
[5], 24, 5, 10, 0.001, 0.05, 1, False 1.5588686499468707 21.42055578702038 3.9270231585589186 0.20972269662375234 3.206099012174909 0.6731268977388563 
[15], 12, 15, 10, 0.001, 0.05, 1, False 1.9365272406212706 29.285675255211455 5.965611816365496 0.1251940360628223 3.0052975919734526 0.15068919640984094 
[5], 36, 5, 10, 0.001, 0.05, 1, False 1.7101564402933478 24.40117724121765 4.772206206006142 0.0962115494460731 1.2440478235063073 0.37355678919153734 
[30], 1, 10, 1, 0.001, 0.05, 1, False 2.6750810095971382 41.21082691904874 8.262813737882063 0.005657688461171356 0.26430731715646233 0.09429473642991078 
[15], 1, 1, 10, 0.001, 0.05, 1, False 2.229741569132441 42.60318876852441 7.241342539983132 0.15258992382855702 1.902556787016754 0.5318212121321846 
[5], 12, 5, 10, 0.001, 0.05, 1, False 2.04497149353502 36.89819704484182 5.9465056715963485 0.06337234803456276 1.80999331310078 0.2175063465484935 
[10], 36, 1, 10, 0.001, 0.05, 1, False 1.4237389291809113 19.173439207727885 3.5229144104101366 0.09447783045401989 0.6807136759919302 0.4229066535811809 
[15], 36, 20, 1, 0.001, 0.05, 1, False 1.969064619074817 29.127527062625912 6.451262599628392 0.112787276989233 2.1584524579408875 0.5634979719625105 
[10], 12, 5, 10, 0.001, 0.05, 1, False 2.065631339630043 36.20003500805213 5.700758968369471 0.018488186127362832 0.2988135237952835 0.20858646670414294 
[15], 12, 1, 10, 0.001, 0.05, 1, False 2.869903934974637 46.90732523948168 11.417640836279354 0.41262237817775477 5.273915779908276 2.8816948988723294 
[30], 12, 10, 1, 0.001, 0.05, 1, False 2.147727810329309 33.63683048537501 5.79373680637778 0.0749602632489057 1.7054932138884171 0.17143160227427512 
[20], 24, 15, 10, 0.001, 0.05, 1, False 1.6190749457037006 22.91340957578656 4.814925340359303 0.03609143200663218 0.44577405115217533 0.19236451455311057 
[20], 12, 5, 1, 0.001, 0.05, 1, False 2.2782989763620276 37.55820183167413 6.476146364326072 0.24840739037753434 5.027192767572138 1.0230041544347483 
[20], 1, 5, 1, 0.001, 0.05, 1, False 2.9599202113915926 45.58639158434869 10.016408465825359 0.036169991208931725 0.6271539166494786 0.2901249912700421 
[20], 1, 10, 5, 0.001, 0.05, 1, False 2.33943359254411 39.46976892182339 6.446450450114166 0.01879536747013178 0.44358131852555277 0.08965618161282458 
[20], 24, 5, 1, 0.001, 0.05, 1, False 1.563611306346677 22.423755653358374 4.316283406225945 0.15737216597247217 2.8832543199189766 0.6267696498084923 
[20], 24, 10, 5, 0.001, 0.05, 1, False 1.5024058999355745 21.41065893176395 4.133511790664682 0.03604425799290922 0.20190249948430428 0.375648792232672 
[15], 24, 20, 1, 0.001, 0.05, 1, False 1.7734403127321487 26.105728332591315 5.229236599657384 0.11369804884418924 2.247016505324192 0.6387051558538278 
[10], 1, 1, 10, 0.001, 0.05, 1, False 2.7270325567573312 45.98969875798966 9.431292766521556 0.4786140068403 3.8042995059955147 2.3951645509994157 
[30], 36, 1, 1, 0.001, 0.05, 1, False 1.7673589014551707 23.698105412310017 4.70697670030313 0.31893560595307946 4.526138582018649 1.1422420180356148 
[5], 1, 1, 10, 0.001, 0.05, 1, False 3.3747508347655333 50.83353227541361 13.676309170031615 0.34456234585431605 0.927252650548625 2.8505898910305665 
[15], 12, 20, 1, 0.001, 0.05, 1, False 2.171315541325344 34.73113944397191 6.43492362702138 0.11388388292375505 3.538120091484215 0.5577427940213098 
[15], 1, 10, 5, 0.001, 0.05, 1, False 2.3931038491565872 40.50364981566747 6.694280421583851 0.09196788599796102 0.2575418461623949 0.3576752572450208 
[15], 1, 5, 1, 0.001, 0.05, 1, False 2.9049761146513955 46.238415830904934 9.603357371810896 0.07236867137173697 0.6050197417838182 0.488383119054783 
[10], 36, 5, 1, 0.001, 0.05, 1, False 1.759977314690197 26.29866974783367 4.763192714281225 0.11482754743824139 2.696010258245781 0.3937784584365654 
[5], 36, 10, 1, 0.001, 0.05, 1, False 2.1300598554175214 36.165355551879195 6.042151682153823 0.27845554872081946 5.448551584149314 1.106920195919033 
[5], 24, 10, 1, 0.001, 0.05, 1, False 1.990944306690384 32.52042953668326 5.511761006960703 0.1566707153983671 3.2805431738002633 0.5636307595498681 
[10], 36, 10, 5, 0.001, 0.05, 1, False 1.816051860326142 25.72165364919513 5.5243653240129476 0.08720821674838054 0.8765096832675718 0.3174701463970171 
[15], 12, 5, 1, 0.001, 0.05, 1, False 2.1030645879951337 35.95962077685934 5.649888773293822 0.06546555017590085 1.7821293713913349 0.3089470328253899 
[5], 12, 10, 1, 0.001, 0.05, 1, False 2.2526648203255957 40.42830500645372 6.389144954791219 0.047475550732430975 0.4757090600913025 0.012806921991891287 
[10], 12, 10, 1, 0.001, 0.05, 1, False 2.273581300054987 40.81188136440496 6.6803983547895855 0.04318603479282282 1.985544162955066 0.3722392629772301 
[20], 24, 20, 1, 0.001, 0.05, 1, False 1.9153487493111578 27.39393610456204 5.657511280841194 0.08474406627036553 2.4662215703351262 0.2038444062330111 
[15], 12, 10, 5, 0.001, 0.05, 1, False 2.0530874531854084 34.398288237873395 5.472280614808425 0.07079469669278834 1.7948628128598196 0.3210388613058486 
[30], 24, 1, 5, 0.001, 0.05, 1, False 1.5126566387643965 19.944359152602896 4.035243916053016 0.0924576210965178 1.3878557363264141 0.06320454692508935 
[5], 1, 5, 1, 0.001, 0.05, 1, False 2.96093658492383 48.260546233202156 10.258622248950791 0.13557773066822168 1.131334866968355 1.02642208825274 
[20], 36, 5, 10, 0.001, 0.05, 1, False 1.6732413521657383 23.90546119305117 4.813441193891801 0.061077763321075965 0.7841515791166336 0.2736953442823349 
[15], 24, 5, 5, 0.001, 0.05, 1, False 1.4869700478734795 21.13461754914 4.0576283622568585 0.0677896389507855 1.4089950353135687 0.3002372200096191 
[30], 12, 1, 10, 0.001, 0.05, 1, False 2.401222300805428 40.35342551727668 8.307487089407937 0.06561494055697806 1.2875877892304735 0.7172720034853102 
[10], 24, 10, 5, 0.001, 0.05, 1, False 1.559166152257886 21.89532114599406 4.0993167420195435 0.06194519924731306 1.0094206890903539 0.21028372725995143 
[10], 1, 5, 1, 0.001, 0.05, 1, False 2.9444383752428824 47.29886022548103 9.925993484613942 0.06735070469400724 0.639360248087665 0.43507017956441957 
[30], 1, 1, 10, 0.001, 0.05, 1, False 2.0481669808151546 36.67066217340449 6.565022477050778 0.07878936292121881 0.6371653776135718 0.39369873999334454 
[15], 36, 5, 5, 0.001, 0.05, 1, False 1.6394273138984488 23.220290278205983 4.779048414732212 0.06552489222833166 1.1019126515933386 0.2510505528906957 
[30], 36, 1, 5, 0.001, 0.05, 1, False 1.7999980333778598 23.905815095139243 4.556522370417969 0.06684691569306478 0.684298034844708 0.36691325190479496 
[15], 1, 15, 10, 0.001, 0.05, 1, False 2.1553431989694083 37.254089047908025 5.869752139846341 0.07903873677586833 0.7888120377378856 0.3084312160438735 
[10], 36, 15, 10, 0.001, 0.05, 1, False 1.708177589224996 24.697287965552686 4.9377544287252135 0.015364658742324388 0.7149323342275568 0.17594430561687383 
[20], 36, 10, 1, 0.001, 0.05, 1, False 1.8763476673582637 26.802173512740435 5.733085791036211 0.2057452634200001 3.167873590640883 0.9803816447485836 
[30], 12, 5, 1, 0.001, 0.05, 1, False 2.313941299625569 37.2408790676594 6.329536456965134 0.056617364675368 0.8815079378634457 0.3000330029226659 
[10], 24, 15, 10, 0.001, 0.05, 1, False 1.640037549735495 23.66151934127925 4.431211204306499 0.06655441476348502 0.8916248115201492 0.3900469549999587 
[30], 1, 5, 1, 0.001, 0.05, 1, False 2.850032902274419 44.13580101435545 9.238768544869094 0.049371023462844076 0.2904322347620091 0.3437846527893747 
[30], 1, 10, 5, 0.001, 0.05, 1, False 2.359015690286954 38.91163943144847 6.533289218629939 0.0364155204504119 0.3520194233674163 0.12306036764328385 
[10], 1, 10, 5, 0.001, 0.05, 1, False 2.4020795894303806 40.95731723579308 6.806850017961779 0.10148671455179763 0.6613792224629861 0.29670276794250033 
[5], 1, 10, 5, 0.001, 0.05, 1, False 2.6105561433704914 43.73805576056398 8.061097459501392 0.05786984222882193 0.5625422280377644 0.24678224736166296 
[20], 1, 5, 5, 0.001, 0.05, 1, False 2.4979635414150025 41.58963844093594 7.289217187249206 0.06273309673761533 0.3998665895543242 0.29917481216545344 
[30], 24, 15, 5, 0.001, 0.05, 1, False 1.5826523358623186 22.51265036434309 4.599211909775374 0.015934353476838813 0.09886368489691533 0.06655478959052186 
[20], 12, 5, 5, 0.001, 0.05, 1, False 2.1162015301416868 34.38784429955738 6.008294220888238 0.05357092250195376 1.1668982340253582 0.43666324346968893 
[5], 36, 1, 10, 0.001, 0.05, 1, False 1.4892561100699284 20.763657693749277 3.9452639358344777 0.15415514485025866 0.7765201984378466 0.8691229126732475 
[20], 24, 5, 5, 0.001, 0.05, 1, False 1.5575078874136563 22.238683855652308 4.1639669449964885 0.1283604890845861 1.943889313422423 0.6935671809571475 
[10], 12, 1, 10, 0.001, 0.05, 1, False 2.6900049197660003 44.72634499532514 10.224131564510236 0.43661029375237115 6.144697833318106 3.5523068052089153 
[15], 36, 20, 5, 0.001, 0.05, 1, False 1.7106189436658663 24.60334804448701 4.942381169918515 0.09074509545207081 1.165190234372419 0.38629167969388933 
[5], 24, 1, 10, 0.001, 0.05, 1, False 1.412144640922822 18.979706385280245 3.515397071799722 0.06733208316551093 0.8055150237633508 0.10772883541132848 
[20], 36, 1, 10, 0.001, 0.05, 1, False 1.6704951331571296 22.122146603183264 4.221903057544021 0.0616259908652029 0.5433702475631996 0.05285110449438617 
[15], 1, 20, 1, 0.001, 0.05, 1, False 2.4448861110265607 39.57702811340918 6.869998812010735 0.13527713765339525 1.9641574745556114 0.7736724278937398 
[30], 12, 10, 5, 0.001, 0.05, 1, False 1.983345704774062 30.977535681546712 5.474356326738518 0.031579976989634 0.5392165437474754 0.34273849604105155 
[10], 24, 1, 10, 0.001, 0.05, 1, False 1.4710836618793788 19.975509838670906 3.8096912350864023 0.08380647514761308 1.1388317798167025 0.2752495875088801 
[15], 24, 10, 10, 0.001, 0.05, 1, False 1.5115037391100217 21.224997885846662 4.201145289665408 0.06589384233228113 0.8656553783381948 0.2115129339036817 
[10], 36, 20, 1, 0.001, 0.05, 1, False 1.9806791317545709 30.339141034883912 6.112571218773108 0.09593002052476012 1.3152487409970541 0.6595712305156805 
[5], 12, 1, 10, 0.001, 0.05, 1, False 2.356503704762845 41.931887804975865 8.1273089362085 0.1421680017813202 2.885615269632746 0.7579649988640174 
[30], 12, 15, 10, 0.001, 0.05, 1, False 1.5563200771877612 21.965765623023216 4.4987545651259 0.11602761949877899 1.7871478532395086 0.5868012321523216 
[30], 1, 15, 10, 0.001, 0.05, 1, False 2.1171340643945666 34.64836056483107 5.540462118361819 0.015320550874485011 0.5014337974776154 0.03673236435124798 
[15], 24, 20, 5, 0.001, 0.05, 1, False 1.545296962228086 21.97255537140916 4.279122817636569 0.016088579313862764 0.20140131624722626 0.2504073038841685 
[10], 24, 20, 1, 0.001, 0.05, 1, False 1.7988169038461315 26.684351811762014 4.9114066291949285 0.05551444750593397 0.5816674371122984 0.5537873699076513 
[15], 36, 10, 10, 0.001, 0.05, 1, False 1.6635242246505284 24.05043314898373 4.648056638015475 0.04687344929878633 1.3086372297571454 0.27984081493391355 
[30], 24, 5, 10, 0.001, 0.05, 1, False 1.558299176884746 21.969930271329062 3.661665586919222 0.07081817604962763 0.8764360764747201 0.0895967060578167 
[15], 12, 20, 5, 0.001, 0.05, 1, False 2.1007094826135373 32.29121255817778 6.526713924362668 0.06441803691470963 1.1292416771338447 0.29494438123594036 
[15], 1, 5, 5, 0.001, 0.05, 1, False 2.496986165780712 41.200560184167934 7.401170214354941 0.1852137748421754 1.2637401281669947 0.7684262672227714 
[10], 36, 5, 5, 0.001, 0.05, 1, False 1.6146312633805255 23.225683501091268 4.46321741443984 0.18309867660106496 2.2942478868641425 0.6247364410969748 
[15], 12, 5, 5, 0.001, 0.05, 1, False 2.091945590672118 35.3649061783213 5.794839389512387 0.01810928574560543 0.42654726984604374 0.11475059830286474 
[5], 36, 5, 1, 0.001, 0.05, 1, False 2.17751793552328 36.054403804426386 7.006326278363827 0.1938799697611386 1.3859987587231917 1.2398615465716707 
[20], 36, 5, 1, 0.001, 0.05, 1, False 1.658948342729774 23.38335156006744 4.869080638670966 0.018573464717389136 0.3337554825313007 0.23843988921279974 
[20], 24, 20, 5, 0.001, 0.05, 1, False 1.5647390097172724 22.173903163632527 4.382838138267275 0.06481938059630654 0.8601284932043191 0.20646938483816243 
[10], 12, 5, 1, 0.001, 0.05, 1, False 2.3182630991218267 41.423381617404196 7.3306790903523735 0.2003944001298539 3.2807172215336937 1.258840251013446 
[5], 36, 15, 10, 0.001, 0.05, 1, False 1.7445121423237853 25.433882638334925 4.6970165414677405 0.030600235579119082 0.9149856920768659 0.1825210430439228 
[15], 24, 15, 1, 0.001, 0.05, 1, False 1.8887218593516286 27.86845337467294 5.774391138339062 0.037007369525455816 0.49774377283721954 0.07469411995187747 
[5], 24, 5, 1, 0.001, 0.05, 1, False 1.806798184166352 28.656415442164164 4.87882729713601 0.17780080304620258 4.660113686551911 1.1036926338634334 
[30], 12, 20, 1, 0.001, 0.05, 1, False 2.0901673781375094 31.121765847452608 6.696475582073334 0.0464146314843911 0.8897963126535994 0.09048994211078522 
[30], 1, 20, 1, 0.001, 0.05, 1, False 2.607807890105027 39.95430259785895 7.848156180549253 0.022895555283280543 0.46379117771826933 0.16006457775759106 
[20], 1, 10, 10, 0.001, 0.05, 1, False 2.2695280652631213 37.94577919993938 6.270978720870944 0.024067567421703913 0.42171173757568503 0.06815852312425792 
[10], 24, 5, 1, 0.001, 0.05, 1, False 1.973083336127025 30.29507106375993 5.569443956168722 0.16645310602135413 2.775558318655432 0.585230204234722 
[15], 36, 15, 1, 0.001, 0.05, 1, False 1.920771923599144 27.675476981398955 6.283240851612795 0.07131738227911913 2.033373022954351 0.6930377088433306 
[30], 24, 10, 1, 0.001, 0.05, 1, False 1.8418907045904132 26.979405604247674 5.6730360976133865 0.10121152235138227 1.6221915860463483 0.419029007661302 
[20], 24, 10, 10, 0.001, 0.05, 1, False 1.5228996118461644 21.431685982121095 4.267408570681951 0.015199297834064875 0.4178368471963842 0.1615949548781748 
[5], 12, 5, 1, 0.001, 0.05, 1, False 2.6941378045413233 46.004382974319206 9.209260328130505 0.3206422836403536 2.2961539512423075 1.7772881154047069 
[30], 36, 5, 10, 0.001, 0.05, 1, False 1.7283447010304644 24.754796482579177 4.921733562370182 0.09559873943133473 1.3993467727439306 0.44490320403000433 
[5], 1, 5, 5, 0.001, 0.05, 1, False 2.568438672005302 41.70456391838331 7.666700070047978 0.16227766035546476 2.5083519880991334 0.9164647114405778 
[10], 1, 5, 5, 0.001, 0.05, 1, False 2.494786419319334 42.786673626611616 7.526634774284351 0.14870931108426144 0.5762297820039105 0.6417428317005099 
[30], 12, 5, 5, 0.001, 0.05, 1, False 2.1368058840985653 32.79055523901962 5.9282528058411375 0.03500382006177938 0.3683770573616502 0.28855401314482293 
[5], 36, 10, 5, 0.001, 0.05, 1, False 1.7590905959683436 25.33729593664967 4.798582139094813 0.06484087157114776 0.8535754309769783 0.21062745168367297 
[30], 36, 1, 10, 0.001, 0.05, 1, False 1.9530376079043856 25.69979598222768 5.259649863964806 0.1383562381057526 1.6425959245233066 0.6373261567397435 
[10], 12, 10, 5, 0.001, 0.05, 1, False 1.9713790764549266 34.41747239246922 5.2892022112625 0.06315376780537064 1.450179434931253 0.1879912269194847 
[5], 24, 10, 5, 0.001, 0.05, 1, False 1.860769452051156 26.15497338587363 5.483143617562374 0.14691894519281487 2.0395857650578657 0.6299109425918061 
[30], 36, 10, 1, 0.001, 0.05, 1, False 1.8595423518162633 27.412708290185236 5.500626272487316 0.2388215478394882 4.310524226263269 1.1255358326322298 
[5], 36, 20, 1, 0.001, 0.05, 1, False 2.0472365460048123 32.11040827565655 5.927605511755342 0.09583779769725773 0.4831880840406936 0.6944864674916321 
[10], 1, 15, 10, 0.001, 0.05, 1, False 2.1131528998345686 36.83096759583334 5.93150185091714 0.1530399875865203 3.55430777883987 0.514437973547821 
[30], 1, 5, 5, 0.001, 0.05, 1, False 2.4124461567788216 39.64940899160269 6.804406398443027 0.03223155343114316 0.574975873866234 0.12884320840314373 
[5], 12, 10, 5, 0.001, 0.05, 1, False 2.038168309408206 37.446331669692434 6.03342091381101 0.04027203497780005 1.8774998585039928 0.21842179469618334 
[20], 1, 15, 1, 0.001, 0.05, 1, False 2.6198146128406123 41.44831388541039 7.904824713424376 0.094469375422158 1.32945428531289 0.5679371587254912 
[20], 36, 15, 10, 0.001, 0.05, 1, False 1.6568845705025728 23.793943400375923 4.730358972501443 0.021002975772314806 0.5853016791333313 0.08891281602503445 
[20], 24, 15, 1, 0.001, 0.05, 1, False 1.6969467598324022 24.38494877784632 5.04316796413658 0.029228848341558693 1.2092601928604783 0.3287593107002047 
[10], 12, 15, 10, 0.001, 0.05, 1, False 1.9852843996413327 28.87727226639653 6.462475216492991 0.11707719633654128 2.1525978047713012 0.6285884235006732 
[20], 36, 10, 5, 0.001, 0.05, 1, False 1.6039864639993067 22.616842016798255 4.697016646687353 0.02478142609432489 0.6349674417016823 0.08619257915588617 
[30], 36, 5, 1, 0.001, 0.05, 1, False 1.6111511741730349 22.750967446588646 4.593144413575786 0.05505969057882293 0.7779836292574454 0.18911634703467742 
[20], 1, 15, 10, 0.001, 0.05, 1, False 2.086592635401973 35.32698182417405 5.495249841946303 0.014347392691651238 0.43602058182742714 0.06681076254910791 
[5], 24, 15, 10, 0.001, 0.05, 1, False 1.7201558831596258 24.245220182897153 4.511882913735974 0.131553667414754 2.140288559208292 0.4884388512787467 
[5], 12, 15, 5, 0.001, 0.05, 1, False 2.0890852164339133 35.812308553365355 6.381665390571549 0.1277012146505262 4.968104842884052 0.4245327647149919 
[5], 1, 15, 10, 0.001, 0.05, 1, False 2.135123609792855 36.58996619193554 5.87523745181329 0.27598475407629725 4.979895749238282 1.072076315097122 
[30], 36, 15, 5, 0.001, 0.05, 1, False 1.7323136142351558 24.931285606868826 5.310884656835893 0.022177026642548975 0.508974530319701 0.09373203285518762 
[10], 1, 20, 1, 0.001, 0.05, 1, False 2.5626086478018095 42.4399638226237 7.63869117780256 0.07322918362371046 0.6405080416286894 0.35757357471564716 
[20], 36, 20, 1, 0.001, 0.05, 1, False 1.9163147160852398 28.010599294563793 6.2715136595371535 0.09597305521961162 2.109317579892456 0.47237810306121497 
[15], 1, 10, 10, 0.001, 0.05, 1, False 2.2334295973181724 37.698102622815576 6.15751937260292 0.020472640813252858 0.452798050844931 0.059336673613972116 
[30], 24, 1, 10, 0.001, 0.05, 1, False 1.5481356089865723 20.586991254067552 3.9635104497485814 0.06954853178125171 0.8472803974429381 0.08975639672876018 
[10], 36, 10, 10, 0.001, 0.05, 1, False 1.6717305657419341 24.158991791298035 4.550745743622625 0.041997948441250745 0.28799742437612375 0.18124903188617364 
[10], 12, 20, 1, 0.001, 0.05, 1, False 2.1695711839806155 36.83535560727714 6.254405206794771 0.05056102402067558 0.6606195133959779 0.46225165879351227 
[15], 1, 20, 5, 0.001, 0.05, 1, False 2.067926588902871 36.01278478141802 5.329941733305869 0.11485196267051966 2.6237042959366677 0.5498813760812571 
[10], 36, 20, 5, 0.001, 0.05, 1, False 1.791104133378852 25.844242266304107 5.041912912503437 0.12235776369595536 1.6205223903742558 0.6770739385507117 
[10], 24, 20, 5, 0.001, 0.05, 1, False 1.7770400848722565 25.26215997652254 5.015622701530337 0.07511534658797095 0.5031044086444402 0.1988658826879069 
[20], 12, 15, 10, 0.001, 0.05, 1, False 1.7891389099260169 25.663499646429006 5.413882366857358 0.07755453420987464 0.7891016594734223 0.49431838567416964 
[15], 12, 10, 10, 0.001, 0.05, 1, False 2.057375522482175 33.05625316061667 5.831847375978266 0.01117183031822113 0.08755731829268287 0.04864068443666899 
[10], 24, 10, 10, 0.001, 0.05, 1, False 1.5431572624585694 21.845269545396874 4.11360847651637 0.06306764961640729 1.6265543170706365 0.19911797246709712 
[20], 36, 5, 5, 0.001, 0.05, 1, False 1.6265039321035148 23.597644528112895 4.438300245405344 0.05287112322588793 1.125160306552959 0.30435547961358317 
[30], 36, 10, 5, 0.001, 0.05, 1, False 1.6385334595968881 22.83219706579273 4.737004839516331 0.09294243853906856 1.2378886065089447 0.4488441446085285 
[20], 1, 20, 1, 0.001, 0.05, 1, False 2.6532095670700073 41.11993920639015 8.105514451796974 0.04427213584711606 0.6595391646502756 0.28576325711960643 
[15], 1, 15, 1, 0.001, 0.05, 1, False 2.557644677562294 41.21344506041786 7.747427454788927 0.1676403184353748 1.336435928238086 0.9357741549108916 
[30], 24, 5, 1, 0.001, 0.05, 1, False 1.5356536625574035 21.50080445468986 4.43668233190373 0.0887749981869962 1.465714447848622 0.23317936694471875 
[5], 24, 20, 1, 0.001, 0.05, 1, False 2.1913898699882406 35.239127006903544 6.273423658314511 0.46657889598285923 9.64567721438008 2.0884803654220847 
[5], 1, 20, 1, 0.001, 0.05, 1, False 2.498810457134688 43.096368097114045 7.469564016921642 0.08227507877233113 0.6750017578751609 0.4189029230374279 
[10], 36, 15, 1, 0.001, 0.05, 1, False 2.0219134095228384 30.462839856277416 6.267178456947176 0.1179972694245441 2.6124896353878593 0.5350922417105867 
[30], 12, 20, 5, 0.001, 0.05, 1, False 1.9153716294715804 28.606697337638398 6.02533657495924 0.0555341520883771 0.5979839686194963 0.26858630355541024 
[30], 1, 20, 5, 0.001, 0.05, 1, False 1.9751350235331941 32.62382244647858 4.794788583837448 0.023998669200002192 0.5939768356353977 0.10016488902414758 
[30], 1, 10, 10, 0.001, 0.05, 1, False 2.2989463371673113 38.007170319878306 6.342026934799237 0.01624893168711292 0.3618556054355123 0.04906144846692793 
[5], 36, 5, 5, 0.001, 0.05, 1, False 1.5427857360216202 21.90669525664185 4.1202612834098735 0.10858131179676016 1.5238354892163612 0.4750253867892563 
[10], 12, 5, 5, 0.001, 0.05, 1, False 1.93815033359936 33.13637270763721 5.3780667520525505 0.027859327051623417 0.35324246991462344 0.20083574552027164 
[30], 24, 10, 5, 0.001, 0.05, 1, False 1.5314987547971584 21.68980236475186 4.381255232809338 0.02373038148175669 0.4535911246420643 0.19599759206621598 
[15], 12, 15, 1, 0.001, 0.05, 1, False 2.104348720596344 33.6100221169888 5.6628759174666135 0.030650528987449445 0.9763259764749846 0.11551120258997305 
[5], 24, 5, 5, 0.001, 0.05, 1, False 1.4915554553753247 20.679956929062698 3.9740687041797975 0.12002429816471324 0.9731958129353284 0.892495603763035 
[10], 24, 15, 1, 0.001, 0.05, 1, False 2.056437232745466 30.98225249722708 6.373080609700408 0.08289330429700989 2.1361316811894286 0.4210902056596405 
[20], 24, 20, 10, 0.001, 0.05, 1, False 1.6042256790109806 22.93902798120301 4.637335643462987 0.0564369875695103 0.7574276676347168 0.27835228315695504 
[10], 24, 5, 5, 0.001, 0.05, 1, False 1.4882073510645164 21.529942014742364 3.8162729473661154 0.15580640233283036 2.685351989265646 0.6227311258803889 
[30], 36, 5, 5, 0.001, 0.05, 1, False 1.6769957742343349 23.767919247100007 4.603787418257682 0.012895229825936043 0.5416969841680304 0.19600547634820692 
[20], 12, 20, 1, 0.001, 0.05, 1, False 2.1539060478133183 32.99043830177833 6.261807803217777 0.10394701514457864 2.0413959123309677 0.4360484725215697 
[5], 12, 5, 5, 0.001, 0.05, 1, False 1.9832511094985186 35.866131251220935 5.9140371749947205 0.0662880810530116 1.484326116904421 0.25288421124436883 
[30], 12, 10, 10, 0.001, 0.05, 1, False 2.042188635647849 31.93623323870514 5.653016850891285 0.05447838725745527 1.244920633076695 0.19163112898908163 
[30], 1, 15, 1, 0.001, 0.05, 1, False 2.5996489623078594 40.59999357677635 7.714740113150032 0.05852729540220867 0.7879892968422912 0.3564858415256061 
[20], 12, 5, 10, 0.001, 0.05, 1, False 2.1515151787825206 33.309156811354704 6.251720514302384 0.05359500500499128 1.158020976633621 0.10289338526968801 
[15], 36, 20, 10, 0.001, 0.05, 1, False 1.6709360646635847 24.389703601328517 4.768069887583394 0.016515057265203678 0.35522543235390175 0.17861095916964495 
[30], 12, 15, 1, 0.001, 0.05, 1, False 2.024128992827954 30.23261323923516 5.828793991008653 0.07614556132734385 1.8632587762328974 0.10149319099437648 
[15], 12, 20, 10, 0.001, 0.05, 1, False 1.9788171450848935 29.66778770340822 5.901022370196202 0.17263769712061594 3.6236582649837636 1.3504392285313567 
[10], 1, 10, 10, 0.001, 0.05, 1, False 2.2510137954933778 39.682787291081326 6.368666653463439 0.029729087490542545 1.272650933957602 0.2585232075932328 
[15], 24, 20, 10, 0.001, 0.05, 1, False 1.640455289053972 23.512835732937447 4.712662812627188 0.019901533420383866 0.2578296782887367 0.13395929458988673 
[5], 36, 20, 5, 0.001, 0.05, 1, False 1.7956726531808573 26.70017116855068 4.98637886561989 0.14492886218137982 2.3138502458103063 0.8309746035019947 
[20], 12, 10, 1, 0.001, 0.05, 1, False 2.1522747769675874 35.2580839349097 5.624409815838824 0.0884893930750063 1.0954562642099608 0.3825780753880269 
[5], 1, 10, 10, 0.001, 0.05, 1, False 2.399966579178969 41.89807035674218 6.996644731382272 0.1237936738930411 0.8253185653077734 0.4423101804440679 
[30], 24, 15, 10, 0.001, 0.05, 1, False 1.5519037056645308 21.948684573338387 4.340163178612241 0.06377493597215271 0.9292416503524289 0.2302234912226923 
[10], 1, 20, 5, 0.001, 0.05, 1, False 2.21746484014999 39.65204438081373 6.185690829083689 0.19682415257857283 2.891119864703538 0.7880868690137482 
[10], 1, 15, 1, 0.001, 0.05, 1, False 2.5717427894197127 42.35189487353605 7.763329245740603 0.091582637284828 0.43481408637058555 0.4010045171363841 
[20], 36, 20, 5, 0.001, 0.05, 1, False 1.606622587316842 22.611275915354767 4.646672398449335 0.031029888759810616 0.5084528540593145 0.07275329157275122 
[5], 1, 15, 1, 0.001, 0.05, 1, False 2.553626903160302 43.28680808936585 7.711632649736663 0.03887288467112564 0.9180698410113003 0.27444743065128574 
[10], 12, 20, 5, 0.001, 0.05, 1, False 2.146637543966925 34.03445370310271 6.543676266616902 0.024452537978688422 0.4475883376527167 0.1773352473737951 
[30], 24, 20, 1, 0.001, 0.05, 1, False 1.8418744948796102 27.002685249971293 5.7310353739029205 0.02827814490306696 0.8521126515671248 0.11692322637285445 
[30], 24, 5, 5, 0.001, 0.05, 1, False 1.5231631073893774 21.578211644627213 3.782140446157174 0.10250431750929076 1.402822900424361 0.40266086121203165 
[30], 36, 10, 10, 0.001, 0.05, 1, False 1.6760907914696468 23.858575692195746 4.884696722735246 0.024391088284805112 0.6781261891157242 0.19388230814425114 
[5], 24, 20, 5, 0.001, 0.05, 1, False 1.7198133967954805 25.025169233269988 4.600245535433798 0.05051656694669103 0.9656275402821431 0.4512705199218021 
[20], 36, 10, 10, 0.001, 0.05, 1, False 1.6192047435376378 23.276655429022252 4.554071787825721 0.053320746268268826 0.7392300037005958 0.33147107681204757 
[5], 36, 10, 10, 0.001, 0.05, 1, False 1.5834974476998604 22.97783414714351 3.995873689663592 0.1915750043149759 3.1242955447028375 0.6693325523936982 
[10], 12, 10, 10, 0.001, 0.05, 1, False 2.0861425674623915 35.402206098677446 5.914504730050456 0.029557257325766303 1.0726512946005566 0.17936308470810775 
[30], 1, 20, 10, 0.001, 0.05, 1, False 2.070342280743299 34.952308394007126 5.350199642318891 0.030655679669656814 1.2062468471573706 0.2319634984528309 
[15], 1, 20, 10, 0.001, 0.05, 1, False 2.0286968110336194 35.80639035596842 5.279724347068229 0.03720244833359695 0.7987589930809716 0.16781160637958215 
[5], 1, 20, 5, 0.001, 0.05, 1, False 2.593949799915707 44.49482946345902 8.17480761805022 0.08317464958280708 0.6261382813949312 0.2588601253316486 
[5], 24, 10, 10, 0.001, 0.05, 1, False 1.599257973360795 22.539225711990643 4.1408807664759 0.15111661191841266 2.4533147441116276 0.3782673032684261 
[30], 36, 15, 1, 0.001, 0.05, 1, False 1.811147112475225 25.825969399142597 5.550466822688019 0.10524898083565179 1.4006575922767388 0.36445929498339297 
[20], 1, 20, 5, 0.001, 0.05, 1, False 2.038300268765953 35.77300451005208 5.2949689680859535 0.009814508383555678 1.2797832036783592 0.18908419779555866 
[10], 36, 20, 10, 0.001, 0.05, 1, False 1.7163750665676263 24.832292898396293 4.929723523989561 0.10783194557944414 1.7692271499230865 0.5165849365086064 
[10], 24, 20, 10, 0.001, 0.05, 1, False 1.6541369230727903 22.824845594485286 4.984623547258341 0.05556753944385872 0.9943086957745998 0.45393511237658035 
[20], 36, 15, 1, 0.001, 0.05, 1, False 1.7994820528974136 25.718425241912453 5.523309468991971 0.017169052103590345 0.7473087275275532 0.08088068393644168 
[30], 12, 20, 10, 0.001, 0.05, 1, False 1.924715295613364 29.309707428947448 5.671965064368158 0.2678698644416917 4.882326867576193 0.9660190330551899 
[5], 12, 10, 10, 0.001, 0.05, 1, False 2.165468701975489 36.27700769192276 6.309053844906008 0.04859809124731178 2.3620304160795627 0.4760670307741061 
[5], 36, 15, 1, 0.001, 0.05, 1, False 2.3364006255787833 37.79920977228044 7.612479657938823 0.28189145734073545 5.083646404362381 1.3323658507083074 
[10], 12, 15, 1, 0.001, 0.05, 1, False 2.116132127672986 34.73435573537748 6.161336501788394 0.1579830167830432 5.180969339071287 0.16787022605998467 
[20], 12, 20, 5, 0.001, 0.05, 1, False 2.052729108957229 32.003613760487006 5.962209313045764 0.13032392266737258 2.6495197940746444 0.30016388003989614 
[5], 24, 15, 1, 0.001, 0.05, 1, False 2.1498703789517832 34.943654880288285 7.163964047394984 0.27308561878114973 4.835381019916326 1.860218190752245 
[20], 12, 10, 5, 0.001, 0.05, 1, False 1.9863862574100495 31.94196681040259 5.283225608525847 0.030502962396424096 0.6892527691417559 0.2243596647507102 
[5], 12, 15, 10, 0.001, 0.05, 1, False 2.0855557309670583 35.276913395064184 6.358543531456923 0.030184055490653082 3.308362865381005 0.4869869117064794 
[30], 36, 15, 10, 0.001, 0.05, 1, False 1.7116393001474168 24.842063224286292 5.070453040957258 0.026154469083766757 0.47197811621007246 0.11420066288834164 
[5], 12, 15, 1, 0.001, 0.05, 1, False 2.19509431693565 40.243362038059466 6.416994315050214 0.17708299587990978 1.8583010142954939 0.4976226850357137 
[5], 12, 20, 1, 0.001, 0.05, 1, False 2.2490258710251916 40.48133659415689 6.5912164683405114 0.0457140937652197 1.3321751653913547 0.2005362720077883 
[30], 24, 10, 10, 0.001, 0.05, 1, False 1.5351996297706612 21.45167822172064 4.302720825172288 0.0373560180637557 0.5935364074085361 0.11748598582090398 
[30], 24, 20, 5, 0.001, 0.05, 1, False 1.6097597203113967 22.5945590301022 4.8913894973853465 0.02560530999547114 0.29775849351964934 0.11743103645007849 
[30], 36, 20, 1, 0.001, 0.05, 1, False 1.8103339923614703 25.938173580842104 5.553421777412823 0.05198499526726216 1.1741231854716112 0.4400585260663111 
[30], 24, 15, 1, 0.001, 0.05, 1, False 1.767928840992627 25.75332706172841 5.438014316680262 0.11046564206514659 1.4694763054496496 0.6077929606160049 
[5], 24, 20, 10, 0.001, 0.05, 1, False 1.5844314027577637 22.8157788930864 3.925021966993203 0.15935426767749916 2.269471267295161 0.4926615128607278 
[5], 36, 20, 10, 0.001, 0.05, 1, False 1.7629497546357686 26.084026069647177 4.669274836906415 0.23382234249612924 3.628528641414504 0.9660735102818643 
[10], 1, 20, 10, 0.001, 0.05, 1, False 1.9864988885543964 36.3342718098723 5.436184912400595 0.03146738291822598 0.26873373774978015 0.019594933718077856 
[10], 12, 20, 10, 0.001, 0.05, 1, False 2.144053115662084 32.730239109744 6.539266676628569 0.07353786396933668 1.49779539429299 0.9070020759279445 
[20], 36, 20, 10, 0.001, 0.05, 1, False 1.71424304763614 24.606766308978425 5.005143307127505 0.05469893694804469 0.9161606985543926 0.48874432648637056 
[5], 12, 20, 5, 0.001, 0.05, 1, False 2.158310211532646 38.50916869729576 6.164990356415266 0.03112549594856844 0.1696387206602966 0.03384828570730553 
[30], 36, 20, 5, 0.001, 0.05, 1, False 1.6993513561440288 24.390341553466914 5.095534230128497 0.07692463333328625 1.1262988929638482 0.4852021876207899 
[20], 12, 10, 10, 0.001, 0.05, 1, False 2.0406651878522504 32.11051812423748 5.823963870970239 0.08255779457476378 1.5307648816902364 0.314618088323361 
[5], 1, 20, 10, 0.001, 0.05, 1, False 2.173122010711167 41.09050080597095 6.576260813479642 0.13439920380635542 2.533432518460413 0.732020692462584 
[20], 1, 20, 10, 0.001, 0.05, 1, False 2.0743009975111044 35.99063847687403 5.4411666572047865 0.026356066479158308 0.7934215148388806 0.1599000039647937 
[20], 12, 15, 1, 0.001, 0.05, 1, False 2.105277148799764 32.30138372660819 6.043017919297089 0.10093983017876355 3.0669486404906126 0.3446814676650253 
[30], 24, 20, 10, 0.001, 0.05, 1, False 1.5601721990715574 21.941526774066514 4.547841581644345 0.031237188271777412 0.46593859776078217 0.193969933700613 
[20], 12, 20, 10, 0.001, 0.05, 1, False 1.8743394571873877 27.975045836314255 5.705396403827998 0.24262724530002505 4.431675109224782 1.1156111067480108 
[5], 12, 20, 10, 0.001, 0.05, 1, False 2.1024721006552376 32.21776117247102 6.537026466521792 0.09813210568788981 2.6669235238443907 0.6357988074816464 
[30], 36, 20, 10, 0.001, 0.05, 1, False 1.705800681616421 24.3443683410178 5.133486339752678 0.03051192540357183 0.21757986926776948 0.300317605748826 
