layers lag time_steps epochs l2 learning_rate mean_mae                         mean_mape mean_mse std mae std_mape std_mse 
[5], 24, 1, 1, 0.001, 0.05, 1, False 3.2862957726025734 58.35932899512458 15.702690933099825 0.6931717066788491 1.571863011202681 4.013536160165405 
[10], 12, 1, 1, 0.001, 0.05, 1, False 3.828228614105049 66.01398566942873 20.614434308063647 0.7530103955336107 2.0204207772262106 6.09919039176764 
[15], 24, 1, 1, 0.001, 0.05, 1, False 3.307857455263189 68.21202224271337 14.14806442991825 0.37586685451743185 5.30404445137387 2.2926741065192067 
[15], 36, 1, 1, 0.001, 0.05, 1, False 4.3115890088680855 81.59713069328068 24.428083050558737 0.9227869241312041 9.47920251524501 8.13722847257162 
[15], 1, 1, 1, 0.001, 0.05, 1, False 3.466103231530912 58.837691453928024 20.51557090723567 0.2986658865075923 1.1676789482842276 2.2085979921932792 
[20], 1, 1, 1, 0.001, 0.05, 1, False 3.7481098565169506 58.22577086833122 22.86937412056926 0.0627868295422084 0.2852582473203008 0.4133456115573611 
[15], 12, 1, 1, 0.001, 0.05, 1, False 4.1283195301062525 72.77508053175147 27.23704888572587 1.9877233228158875 14.931666608476686 20.275578237570368 
[10], 36, 1, 1, 0.001, 0.05, 1, False 3.592940102659027 77.04899922072684 18.400784131916023 0.9895096300133716 6.486748368302605 7.801728116557066 
[10], 1, 1, 1, 0.001, 0.05, 1, False 3.855064259348781 60.14802028817652 23.78402151638687 0.526713019422411 1.508827263982516 4.546305464282384 
[10], 24, 1, 1, 0.001, 0.05, 1, False 3.0041189137311584 67.80132094859106 14.403687905666104 0.30407905720059036 8.274993148067326 1.0944304139274805 
[5], 36, 1, 1, 0.001, 0.05, 1, False 2.943850685324934 66.80738241398397 12.79123005302816 0.12309824875516268 2.4408164587196692 0.46799588186459645 
[30], 24, 1, 1, 0.001, 0.05, 1, False 4.514150151254984 91.97840742834826 25.309867641147964 0.22093532828375884 3.207841827935491 2.074210224931174 
[30], 36, 1, 1, 0.001, 0.05, 1, False 4.232382272672516 89.84385990461158 23.20496722064763 0.08070257022641121 1.544041577899359 1.472838929245333 
[20], 24, 1, 1, 0.001, 0.05, 1, False 3.8502006560089757 78.58128096269918 18.66107411798626 0.18679280169693227 5.550557832353697 2.3658172059398717 
[30], 1, 1, 1, 0.001, 0.05, 1, False 3.4498060804101875 57.047640291625214 20.597059409173138 0.07759045888386056 0.28652589699687964 0.5047786034980781 
[30], 12, 1, 1, 0.001, 0.05, 1, False 5.166074324391471 95.38049205929137 32.724332397314164 0.4587833996495025 4.986639518508148 4.914002115327096 
[20], 12, 1, 1, 0.001, 0.05, 1, False 3.643963927176729 77.24479730726073 19.527045569013943 0.9316603784965131 9.9549060631979 7.194909103274916 
[20], 36, 1, 1, 0.001, 0.05, 1, False 5.1842948744953095 99.66349715152006 43.5528093784952 2.457831940983682 30.816347973136878 39.265824757613956 
[5], 12, 1, 1, 0.001, 0.05, 1, False 3.2963065803206213 72.07610888196514 16.485706001170108 0.05859041797796885 7.564057599366085 0.5554054586533866 
[5], 1, 1, 1, 0.001, 0.05, 1, False 3.9673352313055488 59.97235484462076 25.062011564419752 0.7553911298700369 2.2589022769926244 7.137859998199379 
[10], 24, 1, 5, 0.001, 0.05, 1, False 4.391999057252327 83.21438030687064 24.79107243892736 0.9377215443563194 5.89955616163513 9.144330472998282 
[5], 24, 1, 5, 0.001, 0.05, 1, False 3.3718790848817055 71.76994096745727 14.490915831102408 0.2913409985745349 1.0647566923516723 1.4902343343386981 
[10], 24, 15, 5, 0.001, 0.05, 1, False 1.939137919937019 63.78170659143375 8.754386895605691 0.17226752919848445 1.1821351171515866 0.42793506179763263 
[10], 12, 1, 5, 0.001, 0.05, 1, False 5.279138884987655 92.03569824868636 33.86653454915105 0.24957239256174737 3.139505350199799 2.6977718081165825 
[30], 12, 15, 5, 0.001, 0.05, 1, False 1.958428832833414 56.87686777177536 7.9520559878595725 0.051426692758714324 1.3144625421658862 0.4235163259854321 
[30], 24, 1, 5, 0.001, 0.05, 1, False 4.071696055514082 88.81927674553418 21.259006835317567 0.3844652678136531 6.815162140033156 3.384365832309665 
[30], 36, 15, 5, 0.001, 0.05, 1, False 1.9970518063201945 60.99418595474259 7.4532961580788415 0.044592147933821144 1.567243128184931 0.4088813176956364 
[5], 12, 15, 5, 0.001, 0.05, 1, False 2.0474195187980384 59.52296738406127 8.523640438330574 0.09101805272588842 0.22216877337772337 0.3477136381491799 
[30], 36, 1, 5, 0.001, 0.05, 1, False 5.399646370439075 100.7839043573473 37.63726154714256 0.7696529848449793 8.406807922517794 9.636473816041788 
[30], 24, 15, 5, 0.001, 0.05, 1, False 1.8571602771886522 62.67160365996639 8.290703391074304 0.0773050892766005 1.1224264440035985 0.2927309296081063 
[5], 24, 15, 5, 0.001, 0.05, 1, False 2.0768644693066123 55.47452549753691 7.248562045438873 0.3609626202067962 4.720946667993308 1.4749095302767012 
[10], 1, 15, 5, 0.001, 0.05, 1, False 4.410098971730029 101.49760070167268 23.42149485786474 0.08260478530497196 2.6197993741609626 0.7078912435730756 
[10], 12, 15, 5, 0.001, 0.05, 1, False 2.0331274152147 57.06418680228993 7.772021501668426 0.09416819895846194 1.9912714775353846 0.8808503704494178 
[15], 36, 1, 5, 0.001, 0.05, 1, False 6.3448800704314765 101.81409006214288 49.19698720349959 1.2061400004303666 6.366089479278589 17.88863720051366 
[15], 24, 1, 5, 0.001, 0.05, 1, False 3.1370354853915394 76.41138858493413 14.640506153133254 0.2886496932890862 4.958716633285231 1.510112876733768 
[15], 1, 1, 5, 0.001, 0.05, 1, False 4.18279051753106 103.54915141514972 22.705528446154464 0.4391117125105682 12.123065360494538 4.591044786894689 
[15], 24, 15, 5, 0.001, 0.05, 1, False 1.9021520155275031 63.88158653742406 8.622696461596716 0.010375666418156114 1.3156539443610893 0.4855845342526327 
[20], 1, 1, 5, 0.001, 0.05, 1, False 3.4138294520822385 78.16495839835203 16.354388077562596 0.3195902206983208 11.620488231708801 1.9430917960218772 
[10], 36, 1, 5, 0.001, 0.05, 1, False 4.656604010103856 94.87459966169196 27.375352495765924 0.7268097673007957 11.186366697008204 8.754877689508213 
[15], 1, 15, 5, 0.001, 0.05, 1, False 4.2975499611071974 96.02067943583468 22.007044948926374 0.0655235855338877 2.3099768958475804 0.5994192260034586 
[15], 12, 1, 5, 0.001, 0.05, 1, False 6.37148874574093 105.48441717375609 53.62056804976914 0.7006148728639651 10.239367691498222 10.816659011942779 
[15], 36, 15, 5, 0.001, 0.05, 1, False 1.9247558882839424 60.324916043012244 7.350685770096049 0.06054006522937964 1.1086529658333812 0.28637454087548225 
[10], 24, 5, 10, 0.001, 0.05, 1, False 1.9008000071332969 59.00235563395506 7.627167719163169 0.13171428458153994 3.2975924965402976 0.5176305003416384 
[10], 1, 1, 5, 0.001, 0.05, 1, False 3.6417022555445633 85.32333686581539 19.045674850308888 0.6880385138420356 22.08885794186387 5.897927511505415 
[20], 1, 15, 5, 0.001, 0.05, 1, False 4.227577055066273 94.26590101237427 21.437903371969536 0.07088495886766277 2.2872895003784186 0.6602306482856825 
[30], 1, 1, 5, 0.001, 0.05, 1, False 4.400741133714717 107.88241002107408 24.02101602816695 0.24451072291547185 6.2885635101197535 2.451363576366502 
[20], 24, 1, 5, 0.001, 0.05, 1, False 4.670755336832696 97.36931562955847 28.513071807710414 0.672116035895489 5.4771375760917635 5.888424768767549 
[30], 12, 1, 5, 0.001, 0.05, 1, False 5.006364771650449 94.00115223316969 32.12573718423592 0.31394417680662734 1.3932640743723295 3.163784532188083 
[5], 36, 1, 5, 0.001, 0.05, 1, False 3.2945765098332664 75.76163262983083 15.124032590204072 0.2818461249976561 2.7443476400447633 1.3343510879667069 
[15], 12, 15, 5, 0.001, 0.05, 1, False 2.0312200848220123 58.53319627775721 8.378831845744559 0.06746550099589449 2.2011325429956496 0.5287328226168084 
[20], 12, 1, 5, 0.001, 0.05, 1, False 5.3499019152678855 97.91958277365727 35.29073374775806 0.5387647780445006 5.942375440226833 6.860321156549553 
[10], 36, 15, 5, 0.001, 0.05, 1, False 1.894433621786259 58.0522547692712 6.946366227670976 0.20140500603289452 4.118015088105971 0.9107443179707438 
[20], 36, 1, 5, 0.001, 0.05, 1, False 4.871614498369768 100.89228529232582 30.921244409076838 0.9807555642773277 14.838178366692107 10.287105634863487 
[5], 1, 1, 5, 0.001, 0.05, 1, False 4.113552945548737 63.58803742874622 25.350743726642182 0.6172102079757047 5.0065686772036475 7.179670283623731 
[5], 12, 1, 5, 0.001, 0.05, 1, False 6.363465483209413 100.36614120548366 53.305388511176666 1.6331465377838221 13.986461749958865 25.117084018032283 
[20], 24, 15, 5, 0.001, 0.05, 1, False 1.906298473215214 64.61741876733063 8.867490707875568 0.08003682379916527 1.343267843138827 0.32933701815930394 
[20], 12, 15, 5, 0.001, 0.05, 1, False 1.8763201644023262 55.0843487800913 7.254080755709442 0.056423506920157344 1.8195982422173231 0.6113169918969824 
[30], 1, 15, 5, 0.001, 0.05, 1, False 3.9221226171003996 85.70941617551104 18.802414261886508 0.12233727617714663 2.6576968668401766 0.9155080746348121 
[20], 36, 15, 5, 0.001, 0.05, 1, False 2.0366855008941553 61.701563069383106 7.734147115676958 0.04287572934734945 3.3523062688366783 0.7978423833861586 
[10], 24, 10, 1, 0.001, 0.05, 1, False 1.9952782464524113 55.97861967617688 7.40537962202928 0.10559885638518952 0.6025789245997876 0.3104269145087181 
[5], 36, 15, 5, 0.001, 0.05, 1, False 1.8835464116875773 60.97709264178198 7.4948896574367145 0.1369821801617236 3.128492975119798 0.704696081979908 
[30], 36, 5, 10, 0.001, 0.05, 1, False 1.9470423706013846 59.09542909105168 7.179187303525428 0.12083887799116347 1.9876643663587978 0.5041367388724726 
[30], 24, 5, 10, 0.001, 0.05, 1, False 1.8123790633692236 57.20330212991548 7.477255714339678 0.059910313071022236 1.085257801203685 0.401454622952669 
[5], 12, 5, 10, 0.001, 0.05, 1, False 3.627883239697527 90.40887537305714 17.151817175062302 0.055171626475350954 6.907660203789528 1.2639301096023654 
[5], 1, 15, 5, 0.001, 0.05, 1, False 4.380639287436174 102.48761241541358 23.3763143452022 0.08541665530127193 2.3234254337021163 0.12214259783777441 
[5], 24, 5, 10, 0.001, 0.05, 1, False 1.9987334334981386 58.86233136995213 7.822975290283625 0.03849680312302879 1.9145847330130992 0.4366582644256819 
[10], 12, 5, 10, 0.001, 0.05, 1, False 3.1756949392733755 79.58503376433373 13.664789960858082 0.08255222274379206 4.612973856648169 0.9053430584295814 
[10], 1, 5, 10, 0.001, 0.05, 1, False 4.921463722590771 106.62188539706257 27.874415426170586 0.19003213020804358 6.081193823989112 1.9242129683234062 
[15], 12, 5, 10, 0.001, 0.05, 1, False 3.1722100574661183 80.57910744938042 13.711477525495916 0.11793129048570568 1.207413119799334 0.6618198816475379 
[10], 36, 5, 10, 0.001, 0.05, 1, False 1.9943057147130645 63.03321481389954 8.33461565795958 0.0979826555131744 4.729961496918087 1.450189246172546 
[20], 1, 5, 10, 0.001, 0.05, 1, False 4.494455768471515 92.7784387094902 23.846224021427776 0.27477016080279976 5.107940498463992 2.5854721292517007 
[15], 24, 5, 10, 0.001, 0.05, 1, False 1.7878260465131868 54.59274693624881 6.882509629899238 0.08864377740466632 1.731424671224923 0.6256356789142005 
[30], 36, 10, 1, 0.001, 0.05, 1, False 2.042275154963136 65.71303864546546 8.985378039355075 0.13893799142308053 2.2071531712345918 0.6524071283453045 
[5], 12, 10, 1, 0.001, 0.05, 1, False 3.6535141240253495 89.957006549337 17.070128475878295 0.1965669342020811 2.421376145483028 1.1689264856874277 
[30], 24, 10, 1, 0.001, 0.05, 1, False 2.0327149557053215 63.66619511998774 8.575520184262734 0.13619084211487953 3.439956751312905 0.8622941196093128 
[5], 24, 10, 1, 0.001, 0.05, 1, False 2.021550958696753 56.56494777385503 7.630528596155276 0.0952513838711474 4.258893537153875 0.7631984003175987 
[15], 36, 5, 10, 0.001, 0.05, 1, False 1.9623767813012283 61.882162477397 7.989957412108279 0.1089822082631845 0.8302038422828657 0.4229362699855672 
[15], 1, 5, 10, 0.001, 0.05, 1, False 4.929489353830341 96.98129811248715 29.36407064342896 0.19974419615052655 6.855302451208626 1.5940848364394524 
[10], 12, 10, 1, 0.001, 0.05, 1, False 2.823368377583447 73.8324145425866 11.89144175326055 0.2489578502800903 3.2448712372676813 1.0797058758698344 
[10], 1, 10, 1, 0.001, 0.05, 1, False 3.977142548919828 97.041971154727 19.649389375524663 0.02327100521967732 1.5118888705065652 0.6359772502718604 
[10], 36, 10, 1, 0.001, 0.05, 1, False 1.8425764336388692 59.23757152524684 7.419613698259806 0.021267760039240777 1.0096657407241063 0.29874319649596154 
[15], 12, 10, 1, 0.001, 0.05, 1, False 2.6812950535022004 71.35475972238392 11.036467630348971 0.05116986025409444 0.982455647397675 0.2210606009898793 
[20], 1, 10, 1, 0.001, 0.05, 1, False 3.921338661056426 94.31435130785638 18.700969883768195 0.015335344273027835 0.7758829423850061 0.2588405206953786 
[20], 12, 5, 10, 0.001, 0.05, 1, False 3.1118075516626793 79.55262150663047 13.31650001949007 0.006789757228463511 1.152661094961718 0.23493800371168683 
[10], 24, 1, 10, 0.001, 0.05, 1, False 4.746819273615039 82.37125628366293 28.083484720289206 0.7165498724240977 4.29609025037752 7.827126017252407 
[20], 36, 5, 10, 0.001, 0.05, 1, False 1.9619428220860382 60.8666590852244 7.744322377076789 0.10450356605366647 2.695615903518199 0.5181909357015503 
[15], 24, 10, 1, 0.001, 0.05, 1, False 2.0293197739593407 60.61741792249896 8.478526720220819 0.1452959742644109 7.213699722270189 1.2480881684546412 
[30], 1, 5, 10, 0.001, 0.05, 1, False 4.117125439912909 86.26231694144325 20.34755580257594 0.09130379455540194 0.9196741239186191 0.888197428650121 
[5], 24, 1, 10, 0.001, 0.05, 1, False 3.7630623343062184 78.44627813620866 18.189337871158695 0.6362535502921521 8.795161267116747 5.647110195174379 
[15], 36, 10, 1, 0.001, 0.05, 1, False 2.1225483872134383 67.23040048393524 9.081565117508163 0.06912970295203308 3.496476018922377 0.9957569822207368 
[30], 12, 5, 10, 0.001, 0.05, 1, False 2.952830085206639 75.2255746464911 12.199541038386945 0.06597389085348294 2.316379330080246 0.5256710397726699 
[15], 1, 10, 1, 0.001, 0.05, 1, False 3.941765393571998 94.80841443819241 18.90868729688961 0.023990493111105137 1.2521006546124647 0.2939787783709827 
[20], 24, 5, 10, 0.001, 0.05, 1, False 1.739344927382276 55.63188507300905 7.069255608095655 0.09260929567355247 1.480983493435614 0.4988971108457681 
[30], 24, 1, 10, 0.001, 0.05, 1, False 4.341301242330142 93.00528930461327 24.293898431609886 0.3685096984578235 4.528546511641477 3.8310713758606485 
[10], 24, 5, 1, 0.001, 0.05, 1, False 2.0816815089710334 56.62674054519507 7.597960756822084 0.16970853607446465 4.797902043682071 1.0165296288099877 
[30], 36, 1, 10, 0.001, 0.05, 1, False 5.3697725346104965 107.51249219564653 35.31240710131872 0.23990012846289638 7.7073808106712045 3.0001580404818746 
[5], 36, 5, 10, 0.001, 0.05, 1, False 1.9723012520000334 57.78431027743372 7.006995251875385 0.31643163560192794 3.3613003515790085 0.7819829964110012 
[10], 24, 10, 5, 0.001, 0.05, 1, False 1.8775081552910031 60.12079331566556 7.586753067672795 0.07796823961725188 2.307423425424773 0.6163939878084609 
[20], 12, 10, 1, 0.001, 0.05, 1, False 2.6302630193393544 70.29220551127474 11.074878322110202 0.07723315611962371 2.7025646535684804 0.5159385907504211 
[5], 1, 5, 10, 0.001, 0.05, 1, False 4.350656371156651 106.33267089388755 23.677261336932105 0.3654630125488811 7.209187947478247 3.665248278156403 
[20], 36, 10, 1, 0.001, 0.05, 1, False 2.210374881413386 66.85288747555249 9.354310554088192 0.1775804705803856 2.9551569082673836 0.4470129949261291 
[5], 24, 5, 1, 0.001, 0.05, 1, False 2.0769453955883233 56.91655033297306 7.795659743929648 0.2033228441486221 5.839782908453395 1.2578389447722518 
[30], 1, 10, 1, 0.001, 0.05, 1, False 3.8808330717738033 93.72850872382617 18.522835018758254 0.006976369784352625 0.4742461804654704 0.15558760813148642 
[10], 12, 1, 10, 0.001, 0.05, 1, False 4.1469535507464395 87.55964836778321 22.688500334778116 0.3052663040471425 4.970538793269007 2.050166632635291 
[20], 24, 10, 1, 0.001, 0.05, 1, False 1.9182749105789874 59.69860426038425 8.076669257738912 0.16172040783408287 3.385239779551399 1.0631566334315274 
[30], 12, 10, 1, 0.001, 0.05, 1, False 2.4574617735489652 66.46819975433067 10.411682333575417 0.03926127830335437 1.2281784607808537 0.12892100736272888 
[5], 36, 10, 1, 0.001, 0.05, 1, False 1.902002313750348 61.40870544580735 8.253416127133379 0.2186601242684857 6.3017806813903725 1.6726539957280697 
[30], 24, 5, 1, 0.001, 0.05, 1, False 2.0953774639163854 57.160231570224425 8.026829486664266 0.0314092845327131 0.7840569892124409 0.10345580020044805 
[5], 1, 10, 1, 0.001, 0.05, 1, False 3.9708010157570244 96.44164068449321 19.275937337456128 0.06166410280098673 1.2331274411608222 0.527123830203931 
[30], 36, 15, 10, 0.001, 0.05, 1, False 1.8911424327848687 59.62475663761314 7.196299564688544 0.055070842672523414 1.177522845608492 0.2712008601742219 
[30], 36, 5, 1, 0.001, 0.05, 1, False 2.2653791282188007 67.97489523613405 9.988143318971241 0.212287749206388 5.662042672378545 1.937332732331192 
[30], 24, 15, 10, 0.001, 0.05, 1, False 1.8448329754829131 61.958553936464796 8.172105191022652 0.024080686686078896 0.6188935671549236 0.4044698207295062 
[30], 12, 15, 10, 0.001, 0.05, 1, False 1.862982680010437 54.16801663538008 7.033410393652292 0.022381010066616438 1.7930851418090834 0.4960689877238397 
[30], 24, 10, 5, 0.001, 0.05, 1, False 1.8631588158266688 60.352408549570214 7.577467222237687 0.11303805812908355 1.7386859609255545 0.3143781574700132 
[30], 36, 10, 5, 0.001, 0.05, 1, False 1.863098507343481 60.4703493717552 7.697010125157537 0.112833460681798 4.479930371099367 1.09615019542441 
[15], 1, 1, 10, 0.001, 0.05, 1, False 5.979798321515598 141.36953874655214 44.58935609346917 0.6813825848179343 14.668964734507023 10.075590025340198 
[5], 12, 10, 5, 0.001, 0.05, 1, False 2.9932194492331266 82.63951529161575 13.6100057261769 0.285847159671699 5.161966785703615 1.7200323396494206 
[15], 24, 1, 10, 0.001, 0.05, 1, False 5.436598598059909 103.50681045173735 35.79298144345528 0.24565031627520592 3.7884797849676453 3.7622999380599635 
[10], 36, 1, 10, 0.001, 0.05, 1, False 3.8211767086772137 77.6522768132058 17.398878988931415 0.4266224807269838 2.9816123597321895 2.9708984529922042 
[5], 24, 10, 5, 0.001, 0.05, 1, False 1.959094189945608 59.702017001168066 7.9104894758153845 0.04149335672333261 2.198570082067259 0.44342128715992296 
[15], 36, 1, 10, 0.001, 0.05, 1, False 4.819355845342269 93.27861193056077 28.679688502695058 0.4518284707536788 2.1851930719136567 5.052242227344672 
[10], 12, 5, 1, 0.001, 0.05, 1, False 3.5053525554913065 86.10749854724435 15.958184495129517 0.14907096303730522 4.0797725226716635 0.9534279761648824 
[20], 1, 1, 10, 0.001, 0.05, 1, False 5.98342612253985 143.83097570144912 44.932801716844345 0.4265681148041263 9.72162202662725 6.742739583498015 
[15], 12, 1, 10, 0.001, 0.05, 1, False 4.245396869264098 87.1313806618533 25.13077727735271 0.2063452867463037 6.198304077374433 1.979546858248606 
[10], 24, 15, 10, 0.001, 0.05, 1, False 1.7314299049614756 58.788021096834996 7.4535415480713425 0.033530369443306125 0.8983147109066146 0.23999444415137222 
[30], 36, 20, 1, 0.001, 0.05, 1, False 2.002421796959997 63.094313195987546 8.034272406193637 0.026764214719216715 1.6009574453775384 0.408351943861909 
[20], 12, 1, 10, 0.001, 0.05, 1, False 4.7447588659814315 91.00962186161784 30.812625115139998 0.38439657984537023 5.544725637273364 4.6661328281679975 
[30], 24, 20, 1, 0.001, 0.05, 1, False 2.0722964797513908 64.2761256079631 8.526010218267624 0.20494756804216072 5.414041988168543 1.3122781895405542 
[30], 12, 20, 1, 0.001, 0.05, 1, False 2.1229906795339457 58.24981724188323 8.60746431302663 0.01051983941504763 0.36973626469491405 0.059145877305640276 
[30], 1, 1, 10, 0.001, 0.05, 1, False 6.122158046294419 138.16249939800824 44.745732831237774 0.15161140005474347 1.4702602488129077 1.859393671983505 
[10], 1, 10, 5, 0.001, 0.05, 1, False 4.376924109320949 96.13787317438901 22.638922698297165 0.16306271751786494 3.561436261329027 0.9985085645385001 
[10], 12, 10, 5, 0.001, 0.05, 1, False 2.5098137011958497 71.87564074779367 10.900725308517659 0.09510290276518174 1.0712366095243813 0.345366214848326 
[30], 12, 1, 10, 0.001, 0.05, 1, False 5.419098995097575 100.02831608430984 39.251051656347315 0.5796248893323315 10.163030621551423 6.377850704425079 
[20], 24, 1, 10, 0.001, 0.05, 1, False 4.924674629144634 100.96056138841118 30.404364367906464 0.2818035640804519 5.198393735130825 2.376289343257407 
[5], 12, 15, 10, 0.001, 0.05, 1, False 2.359542584764185 66.49027189757975 9.457829725728976 0.4186019585792106 10.038933795739291 2.2221079819063405 
[10], 12, 15, 10, 0.001, 0.05, 1, False 1.9455288527188481 57.339597728337594 7.450193018073109 0.05824948412875282 4.447437292513882 1.1523324026118802 
[5], 24, 15, 10, 0.001, 0.05, 1, False 1.6814355816830089 55.570443787773634 6.860507768163321 0.014091074266880117 1.7452316271876238 0.15706987384425156 
[10], 1, 15, 10, 0.001, 0.05, 1, False 3.8951849084140533 89.03808531177968 18.609904352511098 0.2206186730093102 2.8160828034694854 1.639133500784088 
[20], 36, 1, 10, 0.001, 0.05, 1, False 5.409517894395523 110.26930913242289 37.14601686709798 0.44916737367955695 9.54528569816523 4.4124924524480535 
[20], 1, 10, 5, 0.001, 0.05, 1, False 3.9774979525349203 86.97693940298514 18.80206497001198 0.11893470557629282 2.167507462339171 0.9582148754187015 
[15], 12, 10, 5, 0.001, 0.05, 1, False 2.6214765730348453 73.26305988183624 11.369784695743027 0.08331352924926066 1.2596389130462367 0.3589985974131385 
[10], 36, 10, 5, 0.001, 0.05, 1, False 1.8756566228517502 63.34950716707792 8.693912061871528 0.0679084030655502 1.172984281533853 0.3210619074581919 
[15], 1, 5, 1, 0.001, 0.05, 1, False 3.9044861517570637 93.94434408483768 18.566620124535618 0.03681621429982548 1.6548680872974912 0.4142588941770678 
[10], 1, 1, 10, 0.001, 0.05, 1, False 4.729554816604488 116.66125189258838 28.138250642859564 0.519027544445918 13.50141765172912 6.236732951510064 
[15], 24, 5, 1, 0.001, 0.05, 1, False 2.0770793783133503 57.38552435517673 8.00847307138879 0.07330519808866708 1.6907044639318238 0.19439052012206445 
[10], 24, 20, 1, 0.001, 0.05, 1, False 1.9815992362693782 56.17289653819079 7.311623286889563 0.05300367411459003 0.7608844470585217 0.3737120775769371 
[10], 36, 5, 1, 0.001, 0.05, 1, False 2.0557569413721835 62.17944305599761 8.170500327099733 0.12222036897083813 5.586491415691419 1.4959238936631283 
[15], 36, 5, 1, 0.001, 0.05, 1, False 2.002319954642681 62.19250119800824 8.086825654792293 0.19093377666661276 2.1240751419513 0.5607372554513145 
[20], 1, 5, 1, 0.001, 0.05, 1, False 3.8994966982139485 93.3543128700298 18.53617583221472 0.006276200623217874 0.20285075729446655 0.050138328810110946 
[10], 24, 5, 5, 0.001, 0.05, 1, False 2.0404026709462477 55.73619114112153 6.978069138540985 0.08742712715930034 1.1931364729576492 0.33121382283813516 
[5], 36, 1, 10, 0.001, 0.05, 1, False 3.670112148378932 79.88325232293967 17.544728127937315 0.72644305487597 6.784114279167599 5.258164347971447 
[15], 1, 10, 5, 0.001, 0.05, 1, False 4.208701582252979 93.51927866253489 20.84864611483575 0.23517186072175914 5.594177767689919 1.9454123833148356 
[15], 12, 5, 1, 0.001, 0.05, 1, False 3.264157685744404 80.67553424368623 14.855256912460028 0.1276467419939048 1.2094807534708212 0.9797103951661741 
[15], 24, 10, 5, 0.001, 0.05, 1, False 1.9291495676807777 61.63417372667923 7.790981952470709 0.10314970765735933 2.5215475110873258 0.56210662377312 
[5], 1, 1, 10, 0.001, 0.05, 1, False 3.235955494414602 72.86106887869859 14.85732059514995 0.19985777761771956 9.258360106103304 0.7578187985324931 
[20], 12, 5, 1, 0.001, 0.05, 1, False 3.1623224801763343 78.01653814485574 13.496782145661598 0.12890986532945994 3.4642492650259435 0.8051683224769929 
[15], 36, 10, 5, 0.001, 0.05, 1, False 1.950449166684929 62.79600770325195 8.305232007906403 0.10704232686435776 2.6491455568515234 0.7261176401714842 
[30], 1, 5, 1, 0.001, 0.05, 1, False 3.931025737261883 94.6715668836739 18.913711015689053 0.05085612708048389 1.7698080183016727 0.5510893428344568 
[5], 12, 1, 10, 0.001, 0.05, 1, False 4.146106492740068 87.46374289295825 23.231405499408613 0.29240294658626326 8.748009033587758 2.763768189393764 
[5], 24, 5, 5, 0.001, 0.05, 1, False 1.8821277727200478 54.59229659846773 7.001204942528034 0.12702872414075192 1.0177175057218806 0.4138878479113782 
[5], 12, 20, 1, 0.001, 0.05, 1, False 3.1584324990226715 77.49244723967492 13.626873935678146 0.3719521117295367 7.57405605200588 2.1011677538289026 
[5], 24, 20, 1, 0.001, 0.05, 1, False 2.209376129590803 61.10531514957554 8.627506073799658 0.10267870973453426 0.5616258522421712 0.17800239290226644 
[10], 1, 20, 1, 0.001, 0.05, 1, False 3.9679626106250065 97.2543940024779 19.65422512290524 0.07175462133249988 2.276900181670989 0.9354439772010824 
[10], 12, 20, 1, 0.001, 0.05, 1, False 2.8638308516531086 75.16066395814188 12.001300489692767 0.20713163751709812 5.122826514863596 1.1626091222658104 
[15], 1, 15, 10, 0.001, 0.05, 1, False 3.965515393384353 88.38196574347252 19.12354706735742 0.11742898227815783 2.1002579676216073 0.9440716118532919 
[30], 12, 5, 1, 0.001, 0.05, 1, False 3.0709796823699165 77.29257809814547 13.267721961910633 0.030402189654088394 0.6565364738774189 0.292501820920909 
[20], 24, 5, 1, 0.001, 0.05, 1, False 2.1499649767384486 57.79444292882283 8.423349067420173 0.08554501552040215 1.9903554631881988 1.1328321689030847 
[20], 36, 5, 1, 0.001, 0.05, 1, False 2.4615868739869993 70.2916200653468 10.587539349212689 0.3582447502799358 3.6189999117948703 1.161099913879623 
[15], 24, 15, 10, 0.001, 0.05, 1, False 1.8490398691829155 61.13903694174103 7.84344692255695 0.08772782143683629 1.1458429940742436 0.0906835842877505 
[30], 36, 5, 5, 0.001, 0.05, 1, False 2.0971813098768943 62.59431009851301 8.21086600883011 0.1208351441892324 1.5337890525177742 0.4535176008969506 
[30], 24, 5, 5, 0.001, 0.05, 1, False 2.136897327371493 60.20142825583381 8.144096302369995 0.302464578699413 6.103967184325751 1.708942534741034 
[15], 36, 15, 10, 0.001, 0.05, 1, False 1.7701076655062258 57.77094438954652 7.090355987345911 0.07049791549690458 2.896089994048755 0.7863478977268872 
[20], 12, 10, 5, 0.001, 0.05, 1, False 2.353140672420462 65.4900237330926 9.814176189587256 0.19572759554191368 5.081366617932777 0.8691625758815781 
[10], 1, 5, 1, 0.001, 0.05, 1, False 3.98084979524353 97.27443266741085 19.564654280420466 0.0745192850263384 3.073624925788112 0.9955744426666743 
[20], 1, 15, 10, 0.001, 0.05, 1, False 3.711307462166857 83.88480754046414 17.123455478439794 0.027747468623027637 0.8662270957502056 0.21976328953883853 
[20], 36, 10, 5, 0.001, 0.05, 1, False 2.037677610396511 62.337128302027004 7.8562071038671855 0.02890258261623362 2.4387032500051578 0.6546802394432645 
[30], 1, 10, 5, 0.001, 0.05, 1, False 3.785779893501766 80.84213455135392 17.50980541691759 0.24810792986424257 3.042394495897175 1.8231279696718994 
[10], 36, 15, 10, 0.001, 0.05, 1, False 1.7712580742176487 58.79678028792443 7.418259001445314 0.04686019493161585 4.467760533354331 1.278142324238294 
[5], 36, 5, 1, 0.001, 0.05, 1, False 2.464555551051335 67.03927862444942 9.657975279978674 0.16636752959407247 4.590938953143899 1.1084356114923068 
[15], 12, 15, 10, 0.001, 0.05, 1, False 1.9033375823870304 54.84005659265216 7.144992431261001 0.018282656110114717 1.2095078210435435 0.2851030514485973 
[5], 1, 5, 1, 0.001, 0.05, 1, False 3.9183362147046465 95.42415614588585 18.92936133579248 0.08045462233116846 3.0240167928273536 0.9777166162647912 
[5], 12, 5, 1, 0.001, 0.05, 1, False 3.357825472930239 85.80300837069176 15.669843680196104 0.1570604492836258 4.224500899643406 1.0008369980228258 
[20], 24, 10, 5, 0.001, 0.05, 1, False 1.7954457479011678 59.2425932070933 7.448221514171087 0.0957038446468493 3.9448261772413953 0.9947750407615074 
[30], 12, 10, 5, 0.001, 0.05, 1, False 2.3272777213542555 64.66173460302964 9.870608425919782 0.14437510868103592 3.151493676423616 0.3659431641547564 
[15], 1, 20, 1, 0.001, 0.05, 1, False 3.751613735980182 90.5731245896388 17.177290882807483 0.03695778969832015 1.7996389497662653 0.4190405898038462 
[5], 36, 10, 5, 0.001, 0.05, 1, False 2.0039332384864488 64.35046935370205 8.419948709080671 0.04294930727120381 1.3435903103963938 0.4183172267761546 
[15], 24, 20, 1, 0.001, 0.05, 1, False 1.9206723164042667 58.54438279806177 8.23539228231038 0.12457535218051208 8.319267814643409 2.13967129280971 
[20], 12, 15, 10, 0.001, 0.05, 1, False 1.9270499559326304 55.77334192336905 7.501269314386004 0.0359719076244484 1.2448447466707326 0.5458485347564656 
[15], 36, 20, 1, 0.001, 0.05, 1, False 1.9918891618614671 64.62701759412046 8.546014507150119 0.13446673503913384 3.510504097025413 0.9594199822333973 
[5], 1, 10, 5, 0.001, 0.05, 1, False 4.062432528183693 96.66530826206217 20.214890520815526 0.05227856132977287 2.9624256016214328 0.48085500598972086 
[20], 36, 15, 10, 0.001, 0.05, 1, False 1.9488964950286405 62.91484310397497 8.229918399763179 0.12131957010761876 3.456046163875594 0.8581961897481012 
[20], 1, 20, 1, 0.001, 0.05, 1, False 3.749114992359171 90.20772164832941 17.188312148896518 0.020761300663537947 1.2850964916270189 0.3106459627574967 
[10], 12, 5, 5, 0.001, 0.05, 1, False 3.310343673190585 87.48040666289184 15.333601746700054 0.2232370372130165 7.05828209255969 2.033108298939304 
[20], 24, 15, 10, 0.001, 0.05, 1, False 1.801514388544968 61.071608727876686 8.013944887157521 0.02696270415819578 3.265622676225363 1.1300416035402565 
[30], 12, 20, 5, 0.001, 0.05, 1, False 2.084960280772713 58.03562848890374 8.365411118286424 0.04004837122313357 0.8257742176763754 0.2068359252553464 
[30], 1, 15, 10, 0.001, 0.05, 1, False 3.7070275642736643 82.28029008648751 17.057781399127766 0.027580523862014022 0.6510822697359596 0.20409648337478703 
[30], 36, 20, 5, 0.001, 0.05, 1, False 2.0203266046009953 62.06899761154991 7.651530719108593 0.11441296249317394 2.648061077646889 0.6672053313769969 
[10], 36, 20, 1, 0.001, 0.05, 1, False 1.9475779886702422 64.73907894776029 8.565195228982006 0.05679984308572379 2.7585010319880685 0.6354524028975619 
[30], 24, 20, 5, 0.001, 0.05, 1, False 1.8784156358697348 60.98990648797741 7.641006094977855 0.04190421034100533 2.0286989303349143 0.6080240183590657 
[15], 12, 20, 1, 0.001, 0.05, 1, False 2.6590268333477005 69.61464925477738 10.628871458641633 0.17129157597942068 2.797309975810629 0.6953506822441773 
[5], 1, 15, 10, 0.001, 0.05, 1, False 4.260911760810349 98.75282827161232 22.469469967443203 0.2598302823637003 8.162746618584112 2.5575606516684397 
[5], 36, 15, 10, 0.001, 0.05, 1, False 1.7546974921219605 59.38811202358454 8.022958748301704 0.21207891779233567 8.482764147318147 2.3152586588498285 
[15], 24, 5, 5, 0.001, 0.05, 1, False 1.730698788817972 54.531683788661006 6.777134788859612 0.09558995437122918 3.122485622881002 0.7565336573156612 
[30], 24, 10, 10, 0.001, 0.05, 1, False 1.8765349734574557 62.326063270940985 8.297989391464805 0.06227839047441586 3.1224498399279668 0.9099234553807132 
[15], 1, 5, 5, 0.001, 0.05, 1, False 4.414653314705249 101.71102135347208 23.281181092581253 0.24875666303863667 4.783986506112726 1.9838452007165441 
[20], 12, 20, 1, 0.001, 0.05, 1, False 2.3584125188075835 62.22903051180574 9.163957955451412 0.3150260700337505 7.121780698788444 1.625753792156683 
[10], 24, 20, 5, 0.001, 0.05, 1, False 1.8465152034122088 61.084918734273316 7.755221500450747 0.0996886865519886 0.7500474884140773 0.257132346637671 
[10], 24, 10, 10, 0.001, 0.05, 1, False 1.7265380591568018 56.85886044904881 7.010262200452537 0.08280498686982327 3.04068988605349 0.8512095458554866 
[30], 36, 10, 10, 0.001, 0.05, 1, False 1.8553491577609542 58.21101931489164 6.8979508501084394 0.11758463101373502 2.7103963093048833 0.47714222382527277 
[20], 36, 20, 1, 0.001, 0.05, 1, False 2.115799956803244 64.23027606550768 8.329179983619667 0.010884385909825297 2.475991932281265 0.6881894423202085 
[10], 36, 5, 5, 0.001, 0.05, 1, False 2.144743535243389 64.89865053701716 8.841102835189838 0.09859359083609734 2.2801036566355055 0.6517694540722495 
[20], 24, 20, 1, 0.001, 0.05, 1, False 1.8796520717545517 61.248311520550914 7.878515185231038 0.04524272956262007 1.4846821113713962 0.5180110743387677 
[20], 1, 5, 5, 0.001, 0.05, 1, False 4.600052699701929 101.07901020393813 25.041247034121824 0.3357862319090686 3.533243329768735 2.9030518342076967 
[30], 1, 20, 1, 0.001, 0.05, 1, False 3.7694896671852027 91.10073694847132 17.626549295860254 0.03653338225107062 1.1623776158376262 0.4604792147780657 
[15], 12, 5, 5, 0.001, 0.05, 1, False 3.108199503686693 77.41387845380184 12.953519530121731 0.10784326688464 2.24203199242264 0.6852715016021252 
[15], 36, 5, 5, 0.001, 0.05, 1, False 2.060770695114991 63.55006037689797 8.4841505843931 0.11281469808894884 1.7926181154892629 0.22126942695489019 
[5], 1, 20, 1, 0.001, 0.05, 1, False 3.7832457035848943 91.66436557390342 17.451210510953633 0.0687624514789898 2.09223270323996 0.6533301048225615 
[5], 24, 20, 5, 0.001, 0.05, 1, False 1.9225594692760044 59.32024006002117 7.756139217601536 0.17588022586553995 6.894382028970301 1.3749475799751616 
[5], 12, 20, 5, 0.001, 0.05, 1, False 2.363489604210137 62.68474596712625 9.222230624051063 0.3162596113065157 7.272491768631184 1.6358935765299751 
[5], 24, 10, 10, 0.001, 0.05, 1, False 1.8189452372422377 58.231940907327356 7.27486558762324 0.14250927291624155 0.5796846777422854 0.04807914932151759 
[20], 12, 5, 5, 0.001, 0.05, 1, False 2.9757571748768297 75.09069756041077 12.349475015718284 0.02901114077113477 0.6897045997160764 0.1916547376319247 
[30], 1, 5, 5, 0.001, 0.05, 1, False 4.460356164475282 93.46244253415881 23.364319708073868 0.10713563698940849 1.3113216689846883 1.2193508336950882 
[5], 36, 20, 1, 0.001, 0.05, 1, False 2.250941512099019 63.30574658125958 9.269610473693419 0.09788202675270523 1.3842350781903545 0.2864206378497496 
[5], 12, 10, 10, 0.001, 0.05, 1, False 2.906710068771133 79.44436707071088 13.236626312492879 0.5184679139797587 11.01607598946362 2.7610329046752256 
[10], 24, 15, 1, 0.001, 0.05, 1, False 2.2023509265785974 60.903946881485986 8.736391284763378 0.25691168119054497 2.211954640927197 0.7858283124602242 
[30], 24, 15, 1, 0.001, 0.05, 1, False 2.100675734239458 66.87051865509613 9.10079416135225 0.050960324889594205 2.7654882175794824 0.9584853574739971 
[30], 12, 5, 5, 0.001, 0.05, 1, False 3.032715811394155 76.91750830199267 12.612468547850012 0.08720937378530219 1.2565951501781643 0.41927264007254084 
[20], 24, 5, 5, 0.001, 0.05, 1, False 1.8471696476865977 57.60480100607584 7.794414034023756 0.15175335052070704 3.4523187416143024 1.052034427253284 
[20], 36, 5, 5, 0.001, 0.05, 1, False 1.9966828885246757 61.35454765592493 7.7072837732842565 0.18625302488791567 2.5773432763226976 0.6786026411749931 
[30], 36, 15, 1, 0.001, 0.05, 1, False 2.0956730586166183 65.31138677189774 8.666271122603424 0.07588456264656636 2.107125507049267 0.508409580850876 
[10], 12, 20, 5, 0.001, 0.05, 1, False 2.3140010568416787 64.64162554639672 9.34178504710674 0.08349585171593876 1.62005292472965 0.1254600032083583 
[10], 1, 20, 5, 0.001, 0.05, 1, False 4.378488679326796 99.9032107842097 23.009769860919715 0.19093600810810632 4.091691881982937 1.8307756779308015 
[10], 1, 5, 5, 0.001, 0.05, 1, False 4.695996916197516 108.94162595740319 27.097331518908646 0.624716948176102 6.8620060235310385 6.384298025218887 
[5], 36, 5, 5, 0.001, 0.05, 1, False 2.077307888717149 66.13901564442337 9.37826432050968 0.1608394848007675 3.4797697011573203 1.231280973820097 
[5], 1, 5, 5, 0.001, 0.05, 1, False 4.154261113896415 102.92718574540216 21.77421928902881 0.04387132148501013 1.737087618949486 0.5712726501760607 
[5], 12, 5, 5, 0.001, 0.05, 1, False 3.3087546548978604 86.62968961440612 15.036437584653152 0.1444700795732473 1.9743401044564997 0.7389266819939153 
[10], 1, 10, 10, 0.001, 0.05, 1, False 4.14375034098134 90.74575020439617 20.194258659889197 0.09299385007512971 1.6617755205706726 0.754780077098181 
[5], 24, 15, 1, 0.001, 0.05, 1, False 2.3248897543349476 55.027858914477974 8.546029640787337 0.33434809118883685 7.227684858311501 1.6769456637129578 
[10], 12, 10, 10, 0.001, 0.05, 1, False 2.5641958493463424 73.55392294607522 11.287185111942593 0.16807406161889915 5.242034556810417 1.2307990060891674 
[5], 12, 15, 1, 0.001, 0.05, 1, False 3.4455896421232164 86.91626945131328 15.569505015898448 0.10243304330864726 0.26504468763727723 0.29535603687795775 
[15], 1, 20, 5, 0.001, 0.05, 1, False 4.2211135762295235 95.73436490887677 21.471836812552564 0.12580992035357125 1.589057533828146 1.0378738201662396 
[10], 36, 10, 10, 0.001, 0.05, 1, False 1.9614874047572137 59.360325388730566 7.280492975010141 0.2657054082271797 3.1899590317395323 0.7296415184041853 
[15], 24, 20, 5, 0.001, 0.05, 1, False 1.9123371163141674 61.48999262195017 7.921806429367931 0.10369556702022881 1.4113489735589058 0.0604109709755343 
[15], 12, 10, 10, 0.001, 0.05, 1, False 2.3203293694252225 65.52632520920362 9.60863222399662 0.11103352939582069 2.6240881191438645 0.6025283135715175 
[20], 1, 20, 5, 0.001, 0.05, 1, False 3.58653831590243 83.20381150504303 16.313950502591563 0.17076328694295617 2.7430974830917085 1.2712667244103062 
[15], 36, 20, 5, 0.001, 0.05, 1, False 1.785314565093291 58.24685424861698 7.111586208910666 0.13676517542348288 4.364055198337565 1.1478038073990295 
[20], 1, 10, 10, 0.001, 0.05, 1, False 3.777341274089283 82.96938344499875 17.418473772931975 0.05850190692785264 1.5376023193586277 0.44862281181870717 
[10], 1, 15, 1, 0.001, 0.05, 1, False 3.912300008859624 96.25165185874049 19.06583052420899 0.05907210207253044 2.0937200518383605 0.8003276441661751 
[15], 24, 10, 10, 0.001, 0.05, 1, False 1.838326442082999 62.410874880366826 8.620243602711795 0.12204959108111256 4.4075852690583055 1.270606668481294 
[15], 12, 20, 5, 0.001, 0.05, 1, False 2.128457075716169 59.62710987099598 8.580991623779427 0.021139094556497675 1.1578160342879198 0.08819964025496478 
[10], 12, 15, 1, 0.001, 0.05, 1, False 2.888481594353087 75.11781573012972 12.376389680527787 0.572320685924875 10.296818298541426 2.8713918334161783 
[10], 36, 20, 5, 0.001, 0.05, 1, False 1.8997013935681295 63.29970025962616 8.253194555635291 0.1250323219477763 2.8972339864570893 0.7365340810117167 
[15], 1, 10, 10, 0.001, 0.05, 1, False 3.8650763657082012 84.07726316831052 18.122450380401673 0.12783625937909351 2.03582779930991 1.0378618706740292 
[15], 36, 10, 10, 0.001, 0.05, 1, False 1.8983639155342071 61.77100226869746 8.08050855304475 0.1043950375545991 1.4866244659029522 0.5025028260619706 
[30], 12, 20, 10, 0.001, 0.05, 1, False 2.0803382085429303 58.46013425156053 8.364210536210264 0.010338760453560044 0.46860653166878186 0.143781409496424 
[10], 36, 15, 1, 0.001, 0.05, 1, False 1.9759505296229491 61.2092386982539 7.65365614365714 0.12542540745122385 0.7232628514315583 0.16181946240066575 
[20], 12, 20, 5, 0.001, 0.05, 1, False 2.2182876309862842 62.70422395997213 9.088882402735093 0.11059711996662368 3.7023960486508174 0.5587227951603804 
[15], 12, 15, 1, 0.001, 0.05, 1, False 2.3732955358301604 62.91546933532724 9.142150526115593 0.4027974829296412 8.889902536286629 2.0015689729508632 
[20], 36, 20, 5, 0.001, 0.05, 1, False 2.0605288957452608 63.271390074115665 7.985591020450573 0.0676625020334288 3.642300795008236 0.9017234788346429 
[20], 24, 20, 5, 0.001, 0.05, 1, False 1.9098828352711819 61.124640387786236 7.660930255032768 0.04272561165356104 0.8025369455352933 0.23448763518455562 
[20], 12, 10, 10, 0.001, 0.05, 1, False 2.352606056941053 66.83418694474402 9.887207456334172 0.16371749463088356 3.873886054129441 0.9530234008428704 
[20], 1, 15, 1, 0.001, 0.05, 1, False 3.865323557449436 93.9762945361782 18.479382249164843 0.0462075865867427 1.837293132892403 0.6311806390601826 
[15], 24, 15, 1, 0.001, 0.05, 1, False 2.166705919702158 67.0401670352192 9.832124885630016 0.2375028332991764 9.886828911377892 2.3038984995119356 
[30], 1, 20, 5, 0.001, 0.05, 1, False 3.4557605979826165 80.60353849340994 15.432159288253468 0.21453482170800625 2.8617606739439347 1.4048621638306134 
[5], 1, 20, 5, 0.001, 0.05, 1, False 4.292270533692229 103.20724382227404 22.87032805248272 0.14347744904519114 1.108776024871176 1.1145975962355759 
[30], 36, 20, 10, 0.001, 0.05, 1, False 1.8408593513933875 59.400316943276046 7.263371841356272 0.03602190746460289 0.9033387775155514 0.347260273411505 
[20], 36, 10, 10, 0.001, 0.05, 1, False 1.8688412339219613 59.782789795246266 7.400480092355987 0.11330985394745015 2.1615002043288087 0.4938690035612357 
[30], 1, 10, 10, 0.001, 0.05, 1, False 3.6848186159506446 80.22262902496327 16.73644730956742 0.0987133202632925 0.7843246743475797 0.7391171967382786 
[30], 24, 20, 10, 0.001, 0.05, 1, False 1.8871936408457934 60.94629483864038 7.616594295871615 0.027193613591441942 0.5035167206460553 0.11385200113948031 
[5], 36, 20, 5, 0.001, 0.05, 1, False 1.9367554683376242 59.70605017511744 7.182031143985912 0.10165433153627242 3.3441514184864394 0.6272113099536931 
[15], 36, 15, 1, 0.001, 0.05, 1, False 2.007040032533998 64.6256954380318 8.718901852626509 0.27914195865071284 8.778379711268736 2.23123518005777 
[15], 1, 15, 1, 0.001, 0.05, 1, False 3.906090749386285 94.3000056123255 18.755215922857918 0.1289482198047754 5.227038796867733 1.7917784434237662 
[20], 24, 10, 10, 0.001, 0.05, 1, False 1.8579677056728137 61.61184227928649 7.911257486843989 0.012295618112314957 0.8513309144470924 0.3200123768668148 
[5], 36, 10, 10, 0.001, 0.05, 1, False 1.8159201894472872 59.266160332801206 7.2326095694127845 0.06418800659711338 1.5037310894542102 0.31714502442549064 
[20], 12, 15, 1, 0.001, 0.05, 1, False 2.157217304746586 60.734060946861284 8.619836658476013 0.18819397496609733 3.5728054073494753 0.7919988808255853 
[30], 12, 10, 10, 0.001, 0.05, 1, False 2.2949893476303536 63.52458078995591 9.496899352138099 0.11628831885367506 3.541360237866189 0.5110513873324104 
[10], 24, 20, 10, 0.001, 0.05, 1, False 1.8427879657147936 60.556865332377555 7.749996452585694 0.02360235857079194 1.288223612238124 0.28774463942694434 
[20], 36, 15, 1, 0.001, 0.05, 1, False 2.1401354053954558 66.01008155890997 8.709783556209741 0.13402030854827418 3.8371852598269687 1.0131921616037487 
[30], 1, 15, 1, 0.001, 0.05, 1, False 3.8154453251027953 92.35030614811471 18.117423416483526 0.02200463377329376 0.7754040198634164 0.2209363136500483 
[20], 24, 15, 1, 0.001, 0.05, 1, False 1.9116096159960663 62.873125166047124 8.634555717617515 0.05504019882545372 3.182072314079706 0.8079062008095186 
[5], 1, 10, 10, 0.001, 0.05, 1, False 4.520498537686136 102.38396244789436 24.244666794708625 0.2817199757898336 2.6792400309454742 2.178471794444954 
[5], 12, 20, 10, 0.001, 0.05, 1, False 2.4220369267380897 68.2468455895315 9.95944159351493 0.2555740987122852 4.141872472043044 0.918214851700401 
[5], 36, 15, 1, 0.001, 0.05, 1, False 2.139712840404913 62.28572828591401 7.864291021831803 0.2828652792341644 7.928054798447895 1.6900502180699948 
[30], 12, 15, 1, 0.001, 0.05, 1, False 2.093307436364531 59.40833513031941 8.543141539390575 0.08137356858856118 2.31715060031752 0.4487226173358267 
[5], 24, 20, 10, 0.001, 0.05, 1, False 1.7835673433831996 55.991209569821514 6.80421396396097 0.09866907601660337 2.62154168220826 0.30300086698630074 
[5], 1, 15, 1, 0.001, 0.05, 1, False 3.9534469926384865 96.16002678058162 19.32399956387276 0.12386871011105607 4.289484863417682 1.5806326939633943 
[10], 12, 20, 10, 0.001, 0.05, 1, False 2.0079672177218733 59.204870621227506 7.975289326424261 0.07290734737630407 3.283069235428625 0.6759184003078759 
[10], 1, 20, 10, 0.001, 0.05, 1, False 4.05513398066439 91.7902233934197 20.261638611042144 0.530776547273218 8.559081087402163 4.219556502113129 
[30], 1, 20, 10, 0.001, 0.05, 1, False 3.0211598698394724 74.93554523166843 12.78876391876608 0.04178868955201693 0.473544227342428 0.1764558943943198 
[20], 36, 20, 10, 0.001, 0.05, 1, False 1.785105762227128 57.75666802878782 6.759031989346283 0.052014815304294346 1.4826502398810968 0.2943623368465863 
[20], 12, 20, 10, 0.001, 0.05, 1, False 2.1845345436698866 60.88458233734202 8.654365254209017 0.079596102183385 1.8003388241190368 0.29422385476278545 
[20], 24, 20, 10, 0.001, 0.05, 1, False 1.8431121447261563 60.22436539080663 7.4980604239794895 0.044289549034294634 1.2710543886899612 0.31787346780215353 
[15], 1, 20, 10, 0.001, 0.05, 1, False 3.1371245831389114 77.60130362082674 13.563949413299191 0.27807937585304543 4.222851542834575 1.5854540447180405 
[5], 36, 20, 10, 0.001, 0.05, 1, False 1.6972012156586127 52.932079046808894 5.846592635841376 0.08078552969358463 4.060272703205762 0.7713901739564946 
[15], 24, 20, 10, 0.001, 0.05, 1, False 1.8461329353524853 61.119223854381175 7.79672561996743 0.05247204827346991 2.3634905850967822 0.5937253976185384 
[20], 1, 20, 10, 0.001, 0.05, 1, False 3.28742494052621 78.62365292586175 14.443485977546382 0.30326255150846854 4.110430378744016 1.779449419902437 
[5], 1, 20, 10, 0.001, 0.05, 1, False 3.993704442541908 91.92368579349926 19.846987532942553 0.5676186418542327 9.204390388559595 4.293573561367515 
[15], 36, 20, 10, 0.001, 0.05, 1, False 1.8576629528258406 57.38992275853608 6.751695846393818 0.027771557971040865 0.8919146773424361 0.23272200349323668 
[10], 36, 20, 10, 0.001, 0.05, 1, False 1.8438999870895512 58.77391904238323 7.169018462837411 0.2334437264780832 5.773849745650582 1.266061315663842 
[15], 12, 20, 10, 0.001, 0.05, 1, False 2.039696395873196 58.01066550156719 7.988810780478505 0.07928079104970973 1.9956838526426388 0.43556002903155233 
