layers lag time_steps epochs l2 learning_rate mean_mae                         mean_mape mean_mse std mae std_mape std_mse 
[5], 1, 1, 1, 0.001, 0.05, 1, False 4.8097236371944065 46.49930360854035 33.55991737954863 0.5369302075279815 3.608406092822324 6.876444017423273 
[5], 12, 1, 1, 0.001, 0.05, 1, False 8.701265127995674 81.24360577047628 123.19301290411823 4.047928050327644 37.75808990234192 106.35293039853202 
[5], 1, 15, 5, 0.001, 0.05, 1, False 2.646066554359815 39.74433912488378 10.75710669992453 0.36452581524834937 5.051989623972325 2.58163503173701 
[5], 24, 1, 1, 0.001, 0.05, 1, False 3.446213269081934 42.97955688238122 18.73739010816287 0.7612352714879047 10.811948114972425 6.010282116726533 
[5], 1, 1, 5, 0.001, 0.05, 1, False 5.211139481597477 46.64393193136734 38.396330395919094 0.6383966970022791 5.358922020694886 8.789743061922463 
[10], 1, 1, 1, 0.001, 0.05, 1, False 4.795067477529801 46.77153456412793 32.63998105539182 0.26575184385001915 1.869052743190664 3.168867083806613 
[5], 12, 1, 5, 0.001, 0.05, 1, False 4.6960611517851545 45.710949825909715 29.64427949546609 0.5988201586592362 3.117191623404942 9.299147667409061 
[5], 36, 1, 1, 0.001, 0.05, 1, False 3.6043227944523095 44.47944035497918 20.464763135001345 0.9888818741711773 9.181052673289324 9.01646662699106 
[10], 12, 1, 1, 0.001, 0.05, 1, False 5.06097745033395 50.059609712194195 39.31570639132411 1.5783244063418689 10.413655080911017 24.41192950809814 
[5], 12, 15, 5, 0.001, 0.05, 1, False 2.7442442265097746 39.9038187352623 12.565407635504256 0.6226100398098716 9.964044856916166 5.059592424000147 
