lags time_steps dense_nodes lstm_nodes processed scales                        epochs l2 learning_rate mean_mae mean_mape mean_mse                         std mae std_mape std_mse 
[1, 24], [24, 10], [1, 10], [20, 20], [0, 1], 1, 0.001, 1, False, True 1.208340303351482 21.23719604226195 1.969133462823474 0.17655547389722118 2.573744508461756 0.5384018252635882 
[1, 24], [24, 20], [1, 10], [20, 20], [0, 1], 1, 0.001, 1, False, True 1.1790995701526603 19.772271038674546 1.8754993191593723 0.08733696537164604 1.41899085040776 0.3111728284914263 
[1, 24], [24, 15], [1, 10], [20, 20], [0, 1], 1, 0.001, 1, False, True 1.1133979660010447 18.9650519050634 1.5903125938476894 0.08089747488372347 0.663403528287103 0.16438274216009174 
[1, 24], [24, 5], [1, 10], [20, 20], [0, 1], 1, 0.001, 1, False, True 1.220458894919742 20.45973513407492 1.9625819075215336 0.07983023327078707 1.359946644022823 0.2837161035956248 
[1, 24], [24, 10], [1, 10], [30, 30], [0, 1], 1, 0.001, 1, False, True 1.0627680143410412 19.0691342227708 1.6702248791731027 0.2306059789932701 4.132588485768575 0.6872243281520701 
[1, 24], [24, 5], [1, 10], [30, 30], [0, 1], 1, 0.001, 1, False, True 1.1092984744382124 19.89365075624819 1.767965182755245 0.06537213224676167 1.3124980852637043 0.1700807838278871 
[1, 24], [24, 20], [1, 10], [30, 30], [0, 1], 1, 0.001, 1, False, True 1.101764607815831 19.561808659140542 1.6924151716393971 0.06821568719411161 1.183693496161558 0.16996844202168762 
[1, 24], [24, 10], [1, 5], [20, 20], [0, 1], 1, 0.001, 1, False, True 1.194693308737543 20.72146123127523 1.8680753153644292 0.13872134691558807 1.7490974816298486 0.37868079488444994 
[1, 24], [24, 20], [1, 5], [20, 20], [0, 1], 1, 0.001, 1, False, True 1.2480517501908324 21.161725698418625 2.0904455685441996 0.1575292820294184 2.9383277892006707 0.5616161610891172 
[1, 24], [24, 20], [1, 5], [30, 30], [0, 1], 1, 0.001, 1, False, True 1.131317816709203 20.753926859196568 1.788004632918814 0.07110704109585182 1.076895228222809 0.1779159249553039 
[1, 24], [24, 10], [1, 5], [30, 30], [0, 1], 1, 0.001, 1, False, True 1.0164560002516267 19.024601614815065 1.6891871903213176 0.25859899587626783 3.7913864768980057 0.6432191940660186 
[1, 24], [24, 15], [1, 10], [30, 30], [0, 1], 1, 0.001, 1, False, True 1.0555125797995266 19.074323378301965 1.5949045982599672 0.06503203247130324 1.0469105108953896 0.18352068672825894 
[1, 24], [24, 15], [1, 5], [30, 30], [0, 1], 1, 0.001, 1, False, True 1.2498431336272648 23.3158335787528 2.289201799911513 0.09502470278978474 2.636242760728426 0.3932046355800309 
[1, 24], [24, 5], [1, 5], [30, 30], [0, 1], 1, 0.001, 1, False, True 1.051608156985431 18.52999668364827 1.6394610768960634 0.14420200698911984 2.394786271267039 0.4076616328057868 
[1, 24, 48], [24, 10, 5], [1, 10, 10], [20, 20, 20], [0, 1, 2], 1, 0.001, 1, False, True 1.7634937378888331 27.971513045531434 3.9428164378647885 0.18783251450201244 3.822791016629445 0.7825337393198893 
[1, 24, 48], [24, 15, 5], [1, 10, 10], [30, 30, 30], [0, 1, 2], 1, 0.001, 1, False, True 1.5370317105341842 24.17550181717297 3.0223004631360872 0.11879178011695606 1.746605310784377 0.4690488964128825 
