lags time_steps dense_nodes lstm_nodes processed scales                        epochs l2 learning_rate mean_mae mean_mape mean_mse                         std mae std_mape std_mse 
[1, 24], [24, 5], [1, 5], [20, 20], [0, 1], 1, 0.001, 1, False, False 1.9722947913187518 36.45525825938579 5.754365351136182 0.024902203968135275 0.08368354737024479 0.022782868702960177 
[1, 24], [24, 1], [1, 5], [10, 10], [0, 1], 1, 0.001, 1, False, False 1.9369070284068581 36.79190957648541 5.72860314800435 0.0049335140769464535 0.2569872800752533 0.04802721935286108 
[1, 24], [24, 5], [1, 10], [10, 10], [0, 1], 5, 0.001, 1, False, False 1.660166311995299 30.396829998349446 4.008879530579073 0.16665362737219216 3.2100502559582167 0.6204414014692188 
[1, 24], [24, 1], [1, 5], [20, 20], [0, 1], 5, 0.001, 1, False, False 1.87544457461271 34.139126978518036 5.155412994010707 0.05451990622088579 0.817462237763939 0.503050269779597 
[1, 24], [24, 15], [1, 10], [20, 20], [0, 1], 1, 0.001, 1, False, False 1.9975495649018775 36.750576421032925 5.92562425052794 0.007963630690543646 0.1970953049193872 0.019495944087590634 
[1, 24], [24, 10], [1, 10], [10, 10], [0, 1], 1, 0.001, 1, False, False 1.9309887086075765 36.61647641157552 5.681554589142665 0.0098458861418285 0.10643223244407363 0.0933801341699632 
[1, 24], [24, 1], [1, 5], [10, 10], [0, 1], 5, 0.001, 1, False, False 1.9092323322263027 36.11308946678683 5.456205155343721 0.009462807440823453 0.15115094545466504 0.0706470684683375 
[1, 24], [24, 5], [1, 5], [20, 20], [0, 1], 5, 0.001, 1, False, False 1.7276062574513533 31.38566624975179 4.174713792375023 0.11981080878618575 2.631964876742283 0.7124902984620841 
[1, 24], [24, 5], [1, 5], [10, 10], [1], 1, 0.001, 1, False, False 1.9177781454115 36.588633410694406 5.644598736513686 0.01828828269638819 0.45417023285204505 0.11138325793482752 
[1, 24], [24, 10], [1, 5], [20, 20], [1], 1, 0.001, 1, False, False 1.9434899296473571 36.13564850855813 5.671104257415389 0.008290420620034274 0.2956671816891624 0.017492885854620062 
[1, 24], [24, 1], [1, 10], [10, 10], [0, 1], 10, 0.001, 1, False, False 1.5561422987392655 28.0764022019751 3.3925928479078684 0.1519829081224942 2.5234201765365385 0.48895749301775787 
[1, 24], [24, 5], [1, 5], [20, 20], [1], 5, 0.001, 1, False, False 1.9375165564456467 35.72023458864951 5.446763895094452 0.03600807451733814 1.1120196491567438 0.15448001142593057 
[1, 24], [24, 5], [1, 5], [10, 10], [1], 5, 0.001, 1, False, False 1.8703815043248513 35.70228375225249 5.24528605153822 0.14856286201762722 2.34294158795345 0.8438782112214475 
[1, 24], [24, 10], [1, 5], [20, 20], [1], 5, 0.001, 1, False, False 1.6335717473317075 29.61124440625102 3.796734963268969 0.1502121568250442 2.772736053124457 0.6921009814073104 
[1, 24], [24, 10], [1, 10], [20, 20], [0, 1], 5, 0.001, 1, False, False 1.7213916215217777 30.552142072211222 4.429654652249549 0.12797576413058395 2.3050544296179067 0.9357914862089216 
[1, 24], [24, 15], [1, 10], [10, 10], [1], 1, 0.001, 1, False, False 1.9289810947383996 36.39665522680455 5.693815032286854 0.025426612246461734 0.30778153101503497 0.03837186052240815 
[1, 24], [24, 10], [1, 10], [10, 10], [1], 5, 0.001, 1, False, False 1.666385165684753 30.427256981655947 4.056671207552289 0.1985653080070489 3.9084277422797387 1.0026358150710017 
[1, 24], [24, 5], [1, 10], [10, 10], [1], 10, 0.001, 1, False, False 1.2987758635991702 23.67803964772509 2.538364078118732 0.1140611325142353 3.1177413873821327 0.47476464405216035 
[1, 24], [24, 15], [1, 10], [20, 20], [0, 1], 5, 0.001, 1, False, False 1.6105976752798865 28.125340755957534 3.663689332226292 0.021982255851440716 0.6137284429428652 0.22313950213418737 
[1, 24], [24, 10], [1, 10], [10, 10], [0, 1], 5, 0.001, 1, False, False 1.746837816028683 32.10504012936415 4.498174581776698 0.10102816538023122 2.2729166393352367 0.61063183635287 
[1, 24], [24, 5], [1, 10], [20, 20], [0, 1], 10, 0.001, 1, False, False 1.4458845246514234 25.792980943794134 2.915790791958596 0.062335462625647396 1.0510287166903123 0.2243772807103561 
[1, 24], [24, 10], [1, 10], [20, 20], [1], 10, 0.001, 1, False, False 1.275146365855579 22.485482575291538 2.321147836179639 0.08887339465226372 1.3133118436060205 0.30552063597599616 
[1, 24], [24, 15], [1, 10], [20, 20], [1], 5, 0.001, 1, False, False 1.5994282889835258 28.589960167571235 3.5512315325634494 0.06686683209344843 0.9004555538020675 0.22053003077063466 
[1, 24], [24, 5], [1, 5], [20, 20], [1], 10, 0.001, 1, False, False 1.5616566793786155 27.307119754310758 3.343074108456074 0.06425612845080848 1.201047511089546 0.4017944986606429 
[1, 24], [24, 5], [1, 10], [10, 10], [0, 1], 10, 0.001, 1, False, False 1.5019908535190758 27.243640810073117 3.2038580318786867 0.09246242279798234 2.047877263621071 0.3562107173651379 
[1, 24], [24, 1], [1, 5], [20, 20], [0, 1], 10, 0.001, 1, False, False 1.8021637017804164 32.89990794397777 4.688336841782543 0.18868960342726887 3.8043464088613828 0.8129753742631955 
[1, 24], [24, 15], [1, 10], [10, 10], [1], 5, 0.001, 1, False, False 1.6197562408943968 29.829468199169977 3.8725011772555753 0.05837747654192152 1.924258603259598 0.2944546365055298 
[1, 24], [24, 1], [1, 5], [10, 10], [0, 1], 10, 0.001, 1, False, False 1.853580995386949 32.93267258633485 4.561970453940161 0.1253566345425394 2.304852493548652 0.644115372222616 
[1, 24], [24, 5], [1, 5], [10, 10], [1], 10, 0.001, 1, False, False 1.5783015692123659 28.61935729950139 3.495067039802667 0.08061239777773606 2.244063516386851 0.507332131364569 
[1, 24], [24, 10], [1, 5], [20, 20], [1], 10, 0.001, 1, False, False 1.4057216871184883 24.500814129447164 2.8374335729224622 0.27389865937398744 4.632566128096471 1.1819947956160317 
[1, 24], [24, 5], [1, 5], [20, 20], [0, 1], 10, 0.001, 1, False, False 1.6246122509034144 29.04191332918799 3.869264528825148 0.1443217653655457 3.1964168181848636 0.5721840998019333 
[1, 24], [24, 1], [1, 10], [20, 20], [1], 1, 0.001, 1, False, False 1.9233516554727597 36.560709884826046 5.64917710578091 0.03576472010149575 0.48713033216243184 0.14603856561105186 
[1, 24], [24, 5], [1, 10], [20, 20], [1], 20, 0.001, 1, False, False 1.1456014220499329 20.082708561897906 1.8513368773317513 0.015034570545391283 0.47517224583365614 0.08753721157691038 
[1, 24], [24, 10], [1, 10], [10, 10], [1], 10, 0.001, 1, False, False 1.288478513282758 23.46755144196963 2.3989522278200766 0.07422980503830844 1.2725472767095223 0.28017457092076237 
[1, 24], [24, 1], [1, 5], [10, 10], [1], 10, 0.001, 1, False, False 1.782644378518065 32.27218901477485 4.411887123064869 0.10118529830977757 2.8218814633531655 0.6654972574156476 
[1, 24], [24, 10], [1, 5], [10, 10], [1], 1, 0.001, 1, False, False 1.8375121245781578 34.93709214471039 5.120295353935406 0.033475175200534224 0.7171100806714858 0.21300243626041007 
[1, 24], [24, 1], [1, 10], [20, 20], [0, 1], 20, 0.001, 1, False, False 1.2383902217502951 21.755999377672936 2.1990211783305416 0.03842468298532868 1.1213195147671122 0.17948318900734975 
[1, 24], [24, 1], [1, 10], [20, 20], [1], 5, 0.001, 1, False, False 1.8601468718024314 33.806794745413065 4.798349956001153 0.03412927900984324 0.5358024997231211 0.14662424247922068 
[1, 24, 48], [24, 1, 1], [1, 10, 10], [10, 10, 10], [0, 1, 2], 1, 0.001, 1, False, False 1.9326761576588505 36.43351989407293 5.68302186688267 0.0011853569535130181 0.3654825229838396 0.02362687726983454 
[1, 24], [24, 15], [1, 5], [10, 10], [0, 1], 10, 0.001, 1, False, False 1.5145272320619336 27.39606863773888 3.22832334215256 0.1567495994302685 3.4098751226164685 0.6437780948955366 
[1, 24], [24, 5], [1, 5], [10, 10], [0, 1], 1, 0.001, 1, False, False 1.9303167302023485 36.86588574190165 5.708257983907363 0.001585393756411323 0.07297082529321854 0.008879577524070939 
[1, 24], [24, 10], [1, 5], [10, 10], [1], 5, 0.001, 1, False, False 1.8761037599985244 35.879819905967366 5.329289654157866 0.008552179319144048 0.6929053752902667 0.17148327148324027 
[1, 24], [24, 1], [1, 10], [20, 20], [1], 10, 0.001, 1, False, False 1.4193375555039556 25.238501625752704 2.7905057905680355 0.02947598448008661 0.22419390169079897 0.09297562784257012 
[1, 24], [24, 1], [1, 5], [20, 20], [1], 20, 0.001, 1, False, False 1.248715211292384 22.544857003064365 2.3396359461030727 0.07133392613286013 1.7262727245591212 0.36608547473294256 
[1, 24, 48], [24, 10, 1], [1, 5, 5], [10, 10, 10], [0, 1, 2], 1, 0.001, 1, False, False 1.9537939150438266 36.66525193723999 5.771098143610395 0.028515191092630638 0.3797076236372574 0.1321571542806635 
[1, 24, 48], [24, 5, 1], [1, 10, 10], [20, 20, 20], [0, 1, 2], 1, 0.001, 1, False, False 1.9374675990944656 35.51245316249072 5.519295034697021 0.04204720870757141 0.9624188019672395 0.2608293236724082 
[1, 24, 48], [24, 15, 1], [1, 5, 5], [20, 20, 20], [0, 1, 2], 1, 0.001, 1, False, False 1.96681748315416 36.136673889135835 5.684642432174212 0.03647477864673673 0.7585767851993611 0.2809372055562669 
[1, 24, 48], [24, 15, 5], [1, 10, 10], [10, 10, 10], [0, 1, 2], 1, 0.001, 1, False, False 1.9225635007299757 35.7172701469184 5.519111364764764 0.061136976768170925 1.28828949991431 0.3570863735119109 
[1, 24], [24, 1], [1, 10], [10, 10], [1], 1, 0.001, 1, False, False 1.9329256879924628 36.865568757608266 5.673704440129825 0.029614275602077456 0.6127147061595614 0.15839349355416915 
[1, 24], [24, 5], [1, 10], [10, 10], [1], 20, 0.001, 1, False, False 1.0908952506810978 18.7395083012343 1.6806028095187004 0.044512574198631645 1.1598372578954617 0.10021806219710418 
[1, 24], [24, 15], [1, 10], [20, 20], [1], 10, 0.001, 1, False, False 1.333823611263048 23.63836005291442 2.540333458287023 0.059744934330936396 0.9778905471261722 0.1641816622459873 
[1, 24], [24, 5], [1, 10], [20, 20], [1], 1, 0.001, 1, False, False 1.9485631372365686 36.23461299000334 5.750481535441975 0.04306393655367998 0.5514077904317768 0.2193910593093109 
[1, 24], [24, 15], [1, 10], [10, 10], [1], 10, 0.001, 1, False, False 1.2552002426443831 21.686772537683026 2.1068675720380305 0.03592645577115773 0.9692943679080047 0.13882483284774935 
[1, 24], [24, 10], [1, 5], [10, 10], [0, 1], 20, 0.001, 1, False, False 1.2186966575199258 21.13005844916295 2.008220089584896 0.0657056414944998 1.2003168571062164 0.21520561766668103 
[1, 24], [24, 1], [1, 10], [10, 10], [1], 5, 0.001, 1, False, False 1.8062395181506867 33.918582543858975 4.67303058181773 0.08100060007011674 1.309622325705598 0.5654016429906042 
[1, 24], [24, 1], [1, 5], [10, 10], [1], 20, 0.001, 1, False, False 1.2143281918226017 22.51504249434437 2.2555350051167853 0.06234781266979627 1.8069664958719114 0.24859879711157803 
[1, 24], [24, 5], [1, 5], [10, 10], [0, 1], 5, 0.001, 1, False, False 1.7221062189037044 32.384425369890245 4.3239747736220275 0.11140996327457665 2.313934837400605 0.7376957549923142 
[1, 24], [24, 10], [1, 10], [20, 20], [1], 20, 0.001, 1, False, False 1.10737760440205 18.978448577494376 1.6442738880335896 0.0677725506132442 1.3058622680081595 0.20069573878924937 
[1, 24, 48], [24, 1, 1], [1, 10, 10], [20, 20, 20], [0, 1, 2], 5, 0.001, 1, False, False 1.4317953124228453 25.818225264220008 2.9259515751824368 0.05146407158552669 0.9069849459382311 0.2405243588682459 
[1, 24], [24, 1], [1, 5], [20, 20], [1], 1, 0.001, 1, False, False 1.9399599217706254 36.728349574721385 5.745118463913266 0.01736478047239433 0.4122368447577299 0.10079585007275843 
[1, 24], [24, 10], [1, 5], [20, 20], [0, 1], 1, 0.001, 1, False, False 1.9922340076830654 36.556239700068566 5.882814178541357 0.01634728948608921 0.06156118096587112 0.08088978831431955 
[1, 24], [24, 15], [1, 5], [10, 10], [1], 1, 0.001, 1, False, False 1.9218606938642484 36.21641079066362 5.606038628815026 0.029112908281720615 0.4502001567604651 0.14658269656460865 
[1, 24], [24, 10], [1, 10], [20, 20], [0, 1], 10, 0.001, 1, False, False 1.3773619201379244 24.56636767919925 2.649653138509672 0.044499597476202156 1.4146422749407863 0.17734201098061877 
[1, 24], [24, 15], [1, 5], [10, 10], [1], 20, 0.001, 1, False, False 1.1702423929616257 20.275023459903437 1.8248429841654483 0.08825846291656742 1.6614771748791948 0.242919945631075 
[1, 24], [24, 5], [1, 5], [20, 20], [1], 20, 0.001, 1, False, False 1.2636638777468494 22.12285791220533 2.224408696264652 0.036009920256665134 0.6874973316047227 0.13381528486397543 
[1, 24, 48], [24, 15, 15], [1, 10, 10], [20, 20, 20], [0, 1, 2], 1, 0.001, 1, False, False 1.9599529128383706 35.89501951380848 5.666743756216653 0.007939689514595115 0.07003058849835603 0.036861564351059396 
[1, 24], [24, 15], [1, 5], [20, 20], [1], 1, 0.001, 1, False, False 1.9551873618667874 36.14927410673681 5.680185697480739 0.015612655172955904 0.4403098089378902 0.13211815086479328 
[1, 24], [24, 5], [1, 10], [20, 20], [1], 5, 0.001, 1, False, False 1.8873300814656193 34.58668447320874 5.066257864854321 0.07724399811770337 1.529660771003486 0.5252248386714433 
[1, 24], [24, 5], [1, 10], [10, 10], [1], 1, 0.001, 1, False, False 1.889356394043123 35.929999857889605 5.428576973156612 0.0239713491561926 0.7017540972608232 0.19659272792886695 
[1, 24], [24, 10], [1, 5], [10, 10], [1], 10, 0.001, 1, False, False 1.4737887913292207 26.694186312736885 3.172117221951698 0.26168639199307686 3.535721624577717 0.807855430933077 
[1, 24], [24, 5], [1, 5], [10, 10], [1], 20, 0.001, 1, False, False 1.1771412955528058 20.66064455435707 1.916843107572238 0.07035654038688063 1.697262130751094 0.23760165161014546 
[1, 24, 48], [24, 1, 1], [1, 10, 10], [10, 10, 10], [0, 1, 2], 5, 0.001, 1, False, False 1.3676893329730742 24.499579858737864 2.505905484010347 0.1334856324907261 2.153692407374018 0.4544581117417489 
[1, 24], [24, 1], [1, 5], [20, 20], [1], 5, 0.001, 1, False, False 1.7629288056934322 32.70780469016218 4.323692578801565 0.0884970471175921 2.054338766413743 0.6020370371751199 
[1, 24], [24, 1], [1, 10], [10, 10], [1], 10, 0.001, 1, False, False 1.3601852539719805 24.623553923238777 2.7041132804416654 0.11079863446110509 1.9422993761337486 0.4272071460721707 
[1, 24], [24, 10], [1, 10], [10, 10], [1], 20, 0.001, 1, False, False 1.2033175522530521 20.884497471966583 1.9473231383388196 0.11444609537506237 2.0910389834732057 0.38903074242852803 
[1, 24], [24, 5], [1, 5], [20, 20], [1], 1, 0.001, 1, False, False 1.982160242633135 36.50170596664076 5.811005289406 0.048304185795800175 0.18865870891372233 0.18657714293320665 
[1, 24], [24, 15], [1, 10], [20, 20], [0, 1], 10, 0.001, 1, False, False 1.3091001491855694 22.93116220859527 2.3700663240514115 0.05663884350013691 1.5666834830096654 0.2554571417029443 
[1, 24], [24, 10], [1, 10], [10, 10], [0, 1], 10, 0.001, 1, False, False 1.2857454850096948 22.90104007053974 2.2687956721082707 0.10466041619516489 2.220031141737229 0.4187658356828412 
[1, 24], [24, 1], [1, 10], [20, 20], [1], 20, 0.001, 1, False, False 1.1796171626214076 21.246873905198303 2.078256480111979 0.06021650128579873 1.369890262938905 0.202165693072424 
[1, 24], [24, 10], [1, 10], [20, 20], [1], 1, 0.001, 1, False, False 1.9949314493961907 36.360852397975066 5.805561442178931 0.017069868613168514 0.5018940024736988 0.14468688935592003 
[1, 24], [24, 15], [1, 5], [10, 10], [1], 5, 0.001, 1, False, False 1.8613391021197592 35.39202473556878 5.144815412621952 0.10450200893335881 2.262822441212346 0.5854371664738934 
[1, 24], [24, 10], [1, 5], [20, 20], [1], 20, 0.001, 1, False, False 1.1995390584485401 20.720343357683344 2.023158218933081 0.06513685658823953 1.0168804925637975 0.1537694632747336 
[1, 24], [24, 10], [1, 10], [10, 10], [1], 1, 0.001, 1, False, False 1.9052526759328667 36.49042703629462 5.57513516237353 0.06311990922249867 0.9081864303015234 0.2791485152660308 
[1, 24], [24, 1], [1, 10], [10, 10], [0, 1], 20, 0.001, 1, False, False 1.281985037546191 23.26056387802683 2.446598134821327 0.052723600861144554 1.136952385892065 0.11219975900619618 
[1, 24], [24, 5], [1, 10], [10, 10], [1], 5, 0.001, 1, False, False 1.5887031437208259 29.33822247715304 3.7136494021386888 0.0934861395336449 2.192488183135386 0.544072017475556 
[1, 24], [24, 15], [1, 5], [20, 20], [1], 5, 0.001, 1, False, False 1.7365989844832157 31.706615970451494 4.535115276512955 0.11746636270289135 1.6636157661911437 0.5798673407746483 
[1, 24], [24, 1], [1, 10], [20, 20], [0, 1], 1, 0.001, 1, False, False 1.973035641345713 36.589052087776736 5.830421603064003 0.035327589432325376 0.5731462116135693 0.17205437267906007 
[1, 24, 48], [24, 15, 1], [1, 10, 10], [10, 10, 10], [0, 1, 2], 5, 0.001, 1, False, False 1.4365796293028528 25.806293614894027 2.9060082693350355 0.06332396368759181 0.6961456682259881 0.24026519693159187 
[1, 24, 48], [24, 15, 5], [1, 10, 10], [20, 20, 20], [0, 1, 2], 5, 0.001, 1, False, False 1.5118825057866399 27.437761521111316 3.439478619499566 0.1801985771884479 2.848313554732839 0.7146611630143401 
[1, 24], [24, 1], [1, 5], [20, 20], [1], 10, 0.001, 1, False, False 1.577857021090609 28.419784790786338 3.4865867128898755 0.11907962164530346 2.184555830034322 0.533382576540831 
[1, 24], [24, 15], [1, 5], [20, 20], [0, 1], 20, 0.001, 1, False, False 1.4070479324432437 24.434086921689346 2.780412904968175 0.13927251344163302 2.3538508029205785 0.6931296791137677 
[1, 24, 48], [24, 10, 1], [1, 5, 5], [20, 20, 20], [0, 1, 2], 5, 0.001, 1, False, False 1.3651392749062292 23.9719701058049 2.496008773983041 0.06450654065424491 0.7127745952744544 0.23012928218538256 
[1, 24], [24, 10], [1, 10], [20, 20], [1], 5, 0.001, 1, False, False 1.5018312878078885 26.54519532282583 3.0602969691968176 0.08506473124100335 1.3690572458423638 0.39206773873607226 
[1, 24, 48], [24, 5, 1], [1, 5, 5], [10, 10, 10], [0, 1, 2], 5, 0.001, 1, False, False 1.5816048032569665 29.008180535408258 3.745075338662877 0.12151476583921655 2.196892071334453 0.5457781084885955 
[1, 24], [24, 10], [1, 5], [20, 20], [0, 1], 5, 0.001, 1, False, False 1.7916151583608653 31.79103423049131 4.382432200128296 0.05704384806037643 2.4050857208204697 0.4479131755053882 
[1, 24], [24, 15], [1, 10], [10, 10], [0, 1], 1, 0.001, 1, False, False 1.955264737208684 36.7293775794764 5.717933947801548 0.034115607598162775 0.08418339277939312 0.08544326145499034 
[1, 24], [24, 5], [1, 10], [20, 20], [1], 10, 0.001, 1, False, False 1.2422997913426828 21.724325133761678 2.150189597854361 0.03658347947156506 0.589659859302933 0.11191781835612445 
[1, 24, 48], [24, 15, 15], [1, 5, 5], [10, 10, 10], [0, 1, 2], 5, 0.001, 1, False, False 1.7406354427613593 32.407295171257466 4.372278867747103 0.10708386870384025 1.8533425628819793 0.46275098598701214 
[1, 24, 48], [24, 10, 1], [1, 5, 5], [10, 10, 10], [0, 1, 2], 5, 0.001, 1, False, False 1.527940183243266 28.635294852239884 3.4606906269755577 0.020820657474004838 0.7124847366094131 0.052275141385427444 
[1, 24, 48], [24, 15, 1], [1, 5, 5], [20, 20, 20], [0, 1, 2], 5, 0.001, 1, False, False 1.614621663424704 28.669305498420425 3.816835285759806 0.0670920817358313 0.9879404247143775 0.05661280969672481 
[1, 24, 48], [24, 5, 1], [1, 10, 10], [20, 20, 20], [0, 1, 2], 5, 0.001, 1, False, False 1.2970867572283307 22.94426069886126 2.383914305283307 0.11944186866569402 2.098885155358335 0.41970920575563464 
[1, 24], [24, 15], [1, 5], [10, 10], [1], 10, 0.001, 1, False, False 1.3886437461676975 25.64507006661746 2.7472883739438867 0.016739217597465637 0.8765788883698314 0.12868899565184502 
[1, 24, 48], [24, 15, 5], [1, 10, 10], [10, 10, 10], [0, 1, 2], 5, 0.001, 1, False, False 1.5571594324514821 27.554940473052003 3.446621802539527 0.11035237489291944 1.8417799739775618 0.506051916777643 
[1, 24, 48], [24, 1, 1], [1, 5, 5], [10, 10, 10], [0, 1, 2], 10, 0.001, 1, False, False 1.1080353188845848 20.737443193377814 1.905735526506381 0.16915845519567949 2.5791845174654258 0.5108036950664051 
[1, 24], [24, 1], [1, 10], [10, 10], [1], 20, 0.001, 1, False, False 1.1440192703502599 20.604132904730644 1.9800900987266725 0.03285996872170683 0.3329282574190365 0.10227163904268134 
[1, 24, 48], [24, 1, 1], [1, 5, 5], [10, 10, 10], [1, 2], 1, 0.001, 1, False, False 1.9512407806874428 36.75055983871956 5.770878947139397 0.06352169457986316 0.8733951055838379 0.38827424040894903 
[1, 24, 48], [24, 10, 1], [1, 5, 5], [20, 20, 20], [1, 2], 1, 0.001, 1, False, False 1.9430861026738528 36.14627658424495 5.646300156260648 0.02561521695096616 0.6916440391425268 0.19562320369431954 
[1, 24, 48], [24, 15, 5], [1, 5, 5], [10, 10, 10], [0, 1, 2], 10, 0.001, 1, False, False 1.2197377920012784 21.894528838745785 2.2000345540797146 0.10616681145467936 1.6286114901501425 0.40185528956155897 
[1, 24], [24, 5], [1, 5], [10, 10], [0, 1], 10, 0.001, 1, False, False 1.619237036830573 29.077862781558775 3.724063024585974 0.23349986469040232 4.084121793919921 1.112416832853295 
[1, 24], [24, 5], [1, 10], [10, 10], [0, 1], 20, 0.001, 1, False, False 1.1480615117828605 20.279466067602854 1.9178309846162238 0.055290380339350464 1.3125635173667254 0.2193557325290447 
[1, 24], [24, 1], [1, 10], [20, 20], [0, 1], 5, 0.001, 1, False, False 1.9375731972632586 35.886732497513925 5.440459858012487 0.011510719113535123 0.21403476407412939 0.11268864230336322 
[1, 24, 48], [24, 15, 15], [1, 10, 10], [20, 20, 20], [0, 1, 2], 5, 0.001, 1, False, False 1.407196529209614 25.11132125723955 2.797593843545377 0.04522644353541636 0.9602736631078996 0.33049068047124924 
[1, 24], [24, 1], [1, 5], [20, 20], [0, 1], 20, 0.001, 1, False, False 1.3275388056481328 23.657883468134724 2.653375263110127 0.15461890651488244 2.502855735242983 0.5877578439656403 
[1, 24], [24, 5], [1, 10], [20, 20], [0, 1], 1, 0.001, 1, False, False 1.9593704312763833 35.976323207078735 5.619205638252637 0.030803665368594534 0.5414319458872611 0.1875451289980001 
[1, 24], [24, 1], [1, 5], [10, 10], [0, 1], 20, 0.001, 1, False, False 1.4869722130880865 26.852862925569287 3.18543724952705 0.030530156163776787 0.4406556850649052 0.1527489415900166 
[1, 24], [24, 15], [1, 5], [20, 20], [1], 10, 0.001, 1, False, False 1.422938240609235 25.251208749165585 3.155406703656194 0.3101585387022886 5.4946310862255485 1.273189375956076 
[1, 24], [24, 1], [1, 10], [10, 10], [0, 1], 1, 0.001, 1, False, False 1.9439992976961316 36.96272344786021 5.782726206443054 0.00455881096021555 0.2578213005154345 0.03819695730603976 
[1, 24], [24, 5], [1, 5], [20, 20], [0, 1], 20, 0.001, 1, False, False 1.355659940500778 23.464116581832624 2.512523651477704 0.11697012852759628 1.507650363943682 0.35318123607499413 
[1, 24], [24, 15], [1, 10], [20, 20], [1], 20, 0.001, 1, False, False 1.153263076518973 19.919628223161375 1.8041003862080744 0.06062102929679287 1.4125760180007614 0.1723677122636969 
[1, 24], [24, 1], [1, 5], [20, 20], [0, 1], 1, 0.001, 1, False, False 1.957441091482286 36.48528520576579 5.733463444246326 0.024894673675298743 0.15602844730464005 0.09983824486773313 
[1, 24, 48], [24, 15, 10], [1, 5, 5], [10, 10, 10], [1, 2], 5, 0.001, 1, False, False 1.700884330286472 30.604623956805245 4.265551455073819 0.08587931350940305 1.9287151126693547 0.522754963024299 
[1, 24, 48], [24, 1, 1], [1, 5, 5], [20, 20, 20], [1, 2], 5, 0.001, 1, False, False 1.5536652133420663 28.44888910282208 3.449976604603375 0.20756757007453053 4.279446328132047 0.8855122418883584 
[1, 24], [24, 1], [1, 5], [10, 10], [1], 1, 0.001, 1, False, False 1.9099964379988335 36.14026210759081 5.515860429678633 0.02513959530744584 0.107527202048855 0.05475195064063021 
[1, 24], [24, 15], [1, 10], [10, 10], [1], 20, 0.001, 1, False, False 1.0734710463081247 18.60907702271312 1.5878487941306307 0.09507150781017551 2.027216769456228 0.23373655315622097 
[1, 24, 48], [24, 10, 1], [1, 5, 5], [20, 20, 20], [1, 2], 5, 0.001, 1, False, False 1.579625493094877 28.629477719547804 3.618452015641386 0.12943606314811226 2.256058614094948 0.5420738496577859 
[1, 24], [24, 5], [1, 10], [10, 10], [0, 1], 1, 0.001, 1, False, False 1.945450779919823 36.56086590369551 5.682666600060986 0.04164216463084036 0.2325823330560071 0.17023070022805456 
[1, 24], [24, 5], [1, 10], [20, 20], [0, 1], 20, 0.001, 1, False, False 1.1679958127232064 20.11989848036896 1.907682224665243 0.029698185068361336 0.818174525880702 0.1497146802577099 
[1, 24, 48], [24, 15, 5], [1, 5, 5], [10, 10, 10], [1, 2], 1, 0.001, 1, False, False 1.951652569282386 36.37992153525365 5.708711008976902 0.024735576468883306 0.2445411924536552 0.14914002928121486 
[1, 24, 48], [24, 1, 1], [1, 5, 5], [10, 10, 10], [1, 2], 5, 0.001, 1, False, False 1.6856636466113504 31.390657213541626 4.278467812154686 0.11872923469004497 2.5021615985619015 0.574476365958473 
[1, 24], [24, 15], [1, 10], [20, 20], [1], 1, 0.001, 1, False, False 1.933619109292825 36.09055429518853 5.560231273227662 0.0036002045225794837 0.40923079584946176 0.0731726210831835 
[1, 24], [24, 15], [1, 10], [10, 10], [0, 1], 5, 0.001, 1, False, False 1.5192062753218192 26.803775143760067 3.2149636021314336 0.1517628631203155 2.4509418152398768 0.6775005323139133 
[1, 24], [24, 10], [1, 5], [10, 10], [1], 20, 0.001, 1, False, False 1.0396284264408882 18.073324395515495 1.5551577854308078 0.03738492996978117 0.7363254400093613 0.1469806434040805 
[1, 24, 48], [24, 15, 1], [1, 10, 10], [20, 20, 20], [0, 1, 2], 10, 0.001, 1, False, False 1.1600404777322655 20.25654285449099 1.8371708907532402 0.06967883308544227 1.1264860093250175 0.20421676056301785 
[1, 24], [24, 10], [1, 5], [10, 10], [0, 1], 1, 0.001, 1, False, False 1.9529506546893607 36.917965856927566 5.798527504704381 0.006619396328760489 0.22316089377708517 0.04294653271605381 
[1, 24, 48], [24, 15, 1], [1, 10, 10], [10, 10, 10], [0, 1, 2], 10, 0.001, 1, False, False 1.2052796689586511 21.394723929624607 2.080062369931652 0.11659508413978359 2.504880050129178 0.38752226509514676 
[1, 24, 48], [24, 5, 1], [1, 5, 5], [20, 20, 20], [0, 1, 2], 10, 0.001, 1, False, False 1.2989445765330287 22.792173183432507 2.3556355191804847 0.13872712641876878 2.651429044863946 0.5660330029358412 
[1, 24], [24, 1], [1, 5], [10, 10], [1], 5, 0.001, 1, False, False 1.7132324149073275 32.46693267477593 4.309586924004764 0.07076158548854364 1.8867198370654434 0.4482491773286701 
[1, 24, 48], [24, 5, 1], [1, 5, 5], [10, 10, 10], [2], 1, 0.001, 1, False, False 1.934813458638059 36.91924531506566 5.764924972622633 0.030650668746406196 0.4262675119390914 0.10523421136736684 
[1, 24, 48], [24, 1, 1], [1, 10, 10], [20, 20, 20], [0, 1, 2], 10, 0.001, 1, False, False 1.158033595972315 20.529097535385095 1.9420409141490103 0.056483852421623654 1.06413510527362 0.14081685303752317 
[1, 24, 48], [24, 20, 5], [1, 5, 5], [20, 20, 20], [2], 1, 0.001, 1, False, False 1.9266831895681442 36.454031271874946 5.611499701728433 0.031054265707303352 0.9318916399100171 0.2648091117956983 
[1, 24, 48], [24, 20, 15], [1, 10, 10], [20, 20, 20], [2], 1, 0.001, 1, False, False 1.935775384596652 36.14336184057285 5.610287617534112 0.018406147336900398 0.7823196679208786 0.22340238212831437 
[1, 24, 48], [24, 20, 10], [1, 10, 10], [10, 10, 10], [2], 1, 0.001, 1, False, False 1.886915871059453 35.73184302894668 5.434296771125123 0.09659977298559641 1.5235784689515195 0.4565512957378222 
[1, 24], [24, 5], [1, 10], [20, 20], [0, 1], 5, 0.001, 1, False, False 1.7505403911487922 31.326796089698917 4.466180646347378 0.12919180772623795 2.2191332877542895 0.5915949350284816 
[1, 24, 48], [24, 1, 1], [1, 5, 5], [20, 20, 20], [0, 1, 2], 20, 0.001, 1, False, False 1.2448575678246996 21.61296724254123 2.2743656792689664 0.0629842442826744 1.7103492521267267 0.24813230545979942 
[1, 24], [24, 1], [1, 10], [10, 10], [0, 1], 5, 0.001, 1, False, False 1.753751106891367 32.326600269156806 4.407955567263606 0.12471923322620872 2.6190997782030934 0.7710070895911514 
[1, 24, 48], [24, 5, 1], [1, 5, 5], [10, 10, 10], [1, 2], 10, 0.001, 1, False, False 1.2627171415490688 22.60945105099388 2.247538319447838 0.042310185352616894 0.3424642753392621 0.10869702464683058 
[1, 24, 48], [24, 5, 1], [1, 5, 5], [20, 20, 20], [2], 5, 0.001, 1, False, False 1.7509157440176717 32.52004500492949 4.659681329220508 0.1371529987603217 3.064117199397551 0.8163308230513144 
[1, 24, 48], [24, 20, 5], [1, 10, 10], [10, 10, 10], [2], 5, 0.001, 1, False, False 1.5063604201155678 28.602892877127548 3.563203260895703 0.1269647103739993 2.4440699544940463 0.582850216598959 
[1, 24, 48], [24, 15, 5], [1, 5, 5], [20, 20, 20], [1, 2], 5, 0.001, 1, False, False 1.4342547488640303 25.549372549868483 2.9499957637397554 0.11662321847989182 2.8162333417611896 0.5555704479214398 
[1, 24, 48], [24, 5, 1], [1, 10, 10], [10, 10, 10], [0, 1, 2], 1, 0.001, 1, False, False 1.9342217789479978 36.41156896691802 5.6501316255181635 0.03951322834634639 0.9004212927793819 0.2904109615767629 
[1, 24, 48], [24, 20, 10], [1, 10, 10], [20, 20, 20], [2], 5, 0.001, 1, False, False 1.5788513428497095 28.85824703030302 3.9243046157011805 0.12033897668301283 2.0410549650001393 0.6652205146822782 
[1, 24], [24, 10], [1, 5], [20, 20], [0, 1], 10, 0.001, 1, False, False 1.691281461370764 30.120961843457263 4.03619896983854 0.12086661428165851 2.641304633909433 0.6392701533526925 
[1, 24, 48], [24, 5, 1], [1, 5, 5], [10, 10, 10], [2], 5, 0.001, 1, False, False 1.7608888607472186 34.0360084676783 4.8247485195504005 0.11984027228706318 2.2813669969268124 0.6663083354020628 
[1, 24, 48], [24, 20, 5], [1, 5, 5], [20, 20, 20], [2], 5, 0.001, 1, False, False 1.5446671518186728 28.8669165876551 3.7291324670665467 0.2862663071761941 5.54300024531156 1.4839801190431277 
[1, 24, 48], [24, 1, 1], [1, 10, 10], [10, 10, 10], [0, 1, 2], 10, 0.001, 1, False, False 1.1993613103197684 20.02332150535916 2.017473009279786 0.05990597442234473 0.7899918820992832 0.22077196880602712 
[1, 24, 48], [24, 20, 10], [1, 10, 10], [10, 10, 10], [2], 5, 0.001, 1, False, False 1.4024225636764809 25.8075390996614 3.041909460208217 0.21505255948271937 4.490219550258788 1.0385328134687442 
[1, 24, 48], [24, 20, 15], [1, 10, 10], [20, 20, 20], [2], 5, 0.001, 1, False, False 1.5340077165238284 28.704777747864856 3.477859814184915 0.025948924213346037 0.6799518418544634 0.1298058695377957 
[1, 24], [24, 1], [1, 10], [20, 20], [0, 1], 10, 0.001, 1, False, False 1.488710829656985 26.199070431247208 3.1312186603204224 0.055478023879161925 1.1608866282940693 0.313565848341382 
[1, 24, 48], [24, 15, 5], [1, 5, 5], [10, 10, 10], [1, 2], 5, 0.001, 1, False, False 1.4790605275995201 26.501661106331103 3.2225138259133512 0.05841420172206899 1.1882590661907508 0.25213580699486543 
[1, 24], [24, 15], [1, 5], [10, 10], [0, 1], 20, 0.001, 1, False, False 1.2723562205141343 22.60555555697128 2.209443230875246 0.029962126384504496 0.6456398570991224 0.11168203547252026 
[1, 24, 48], [24, 5, 1], [1, 10, 10], [10, 10, 10], [2], 10, 0.001, 1, False, False 1.093101876511894 20.942048192339872 1.947257807632905 0.14713481875454837 2.5384702407983153 0.4167652218630412 
[1, 24, 48], [24, 20, 5], [1, 10, 10], [20, 20, 20], [2], 10, 0.001, 1, False, False 1.1686659438949494 20.955814217645468 1.9091978337020408 0.07856431510923229 1.5177587132723878 0.1645453013600798 
[1, 24], [24, 10], [1, 5], [10, 10], [0, 1], 5, 0.001, 1, False, False 1.7968825095781575 32.77910803729875 4.565658474392344 0.05188079941508352 1.9349205747048515 0.23351092266494514 
[1, 24], [24, 15], [1, 5], [20, 20], [0, 1], 1, 0.001, 1, False, False 1.9970559643098602 36.289480360519214 5.813913882009628 0.027668226132273356 0.15963812400277116 0.07860930482550792 
[1, 24, 48], [24, 15, 5], [1, 5, 5], [20, 20, 20], [0, 1, 2], 20, 0.001, 1, False, False 1.1656524019591785 19.736049880357612 1.8783583840388889 0.07174145943807973 1.261437887296225 0.22493284170796576 
[1, 24, 48], [24, 15, 10], [1, 5, 5], [20, 20, 20], [1, 2], 10, 0.001, 1, False, False 1.3557369210929782 23.481792209708512 2.590528201512318 0.24963454702247836 4.079541067873788 1.0485815956003737 
[1, 24, 48], [24, 20, 15], [1, 5, 5], [10, 10, 10], [2], 10, 0.001, 1, False, False 1.3385068157066904 25.954014952413697 3.093745213043153 0.4208555039165336 7.9680920241444815 1.8665464597748211 
[1, 24, 48], [24, 10, 1], [1, 5, 5], [20, 20, 20], [1, 2], 10, 0.001, 1, False, False 1.4898830968955599 26.090667824942518 3.118585047930136 0.16983169716903146 3.740747904903703 0.9233330222529517 
[1, 24, 48], [24, 1, 1], [1, 5, 5], [20, 20, 20], [1, 2], 10, 0.001, 1, False, False 1.6162147850212127 28.868979867353374 3.759291318979073 0.33547676382385616 5.26815654433176 1.4305654953218097 
[1, 24, 48], [24, 15, 10], [1, 5, 5], [10, 10, 10], [1, 2], 10, 0.001, 1, False, False 1.1783038256965854 20.818220250045314 1.9377220674574467 0.14605301974360602 2.9609981280837157 0.5893078130673777 
[1, 24, 48], [24, 15, 15], [1, 10, 10], [10, 10, 10], [0, 1, 2], 1, 0.001, 1, False, False 1.9227143023577 35.19134511781795 5.55372298175678 0.030175188109890623 1.3119322400921558 0.12525241310900634 
[1, 24, 48], [24, 5, 1], [1, 5, 5], [20, 20, 20], [1, 2], 20, 0.001, 1, False, False 1.168645865470171 19.444016495215774 1.88538780237163 0.115420036027615 1.2223596712294782 0.3601105825353531 
[1, 24, 48], [24, 15, 15], [1, 5, 5], [20, 20, 20], [0, 1, 2], 10, 0.001, 1, False, False 1.3583500319677926 23.76659978798527 2.5738143222446994 0.040882100037285415 0.9822059590494054 0.21338127010753652 
[1, 24, 48], [24, 5, 1], [1, 5, 5], [20, 20, 20], [2], 10, 0.001, 1, False, False 1.3991225849285174 25.789765538125135 2.9381405997102665 0.17768928970793804 2.8893236111054956 0.6720365571048289 
[1, 24, 48], [24, 1, 1], [1, 5, 5], [10, 10, 10], [1, 2], 10, 0.001, 1, False, False 1.2591558144807264 22.321481545065115 2.184010762693843 0.051178955027678254 1.41080106903232 0.23286508441017384 
[1, 24, 48], [24, 15, 15], [1, 5, 5], [10, 10, 10], [0, 1, 2], 10, 0.001, 1, False, False 1.2741098364884105 21.93431844563708 2.253051959883573 0.04024159208132822 0.45783927198459345 0.11545704174472084 
[1, 24, 48], [24, 20, 5], [1, 10, 10], [10, 10, 10], [2], 10, 0.001, 1, False, False 1.0909724573087363 19.77389820754011 1.8405022944440115 0.061940056320443304 0.8806699025559598 0.1527800420890987 
[1, 24, 48], [24, 10, 1], [1, 5, 5], [10, 10, 10], [1, 2], 1, 0.001, 1, False, False 1.9276973571076434 36.73893370506561 5.686259886910878 0.006605329976135674 0.25925011592891417 0.0661527912784032 
[1, 24, 48], [24, 5, 1], [1, 10, 10], [10, 10, 10], [0, 1, 2], 5, 0.001, 1, False, False 1.4064873030133267 25.6832650895166 2.8053074064795713 0.1325092694656553 3.126531624235072 0.5810691028048388 
[1, 24, 48], [24, 5, 1], [1, 5, 5], [10, 10, 10], [2], 10, 0.001, 1, False, False 1.4943577991729535 28.715824099707465 3.5056348889533027 0.12947316670787629 2.589330007983181 0.5350287801874728 
[1, 24, 48], [24, 20, 5], [1, 5, 5], [20, 20, 20], [2], 10, 0.001, 1, False, False 1.388831210619322 25.115660990458256 2.9771316384999884 0.22127742792770516 3.5695471163010724 0.9181694310445364 
[1, 24, 48], [24, 20, 10], [1, 10, 10], [20, 20, 20], [2], 10, 0.001, 1, False, False 1.1038512526149002 19.838910069670543 1.763121891305862 0.14119081234833342 1.4294298653844526 0.3201242704546741 
[1, 24, 48], [24, 5, 1], [1, 5, 5], [10, 10, 10], [0, 1, 2], 10, 0.001, 1, False, False 1.2283558539149386 21.7187949034812 2.095325952857302 0.13013872508612467 2.2607086785549826 0.42465919328108015 
[1, 24, 48], [24, 10, 1], [1, 5, 5], [20, 20, 20], [0, 1, 2], 10, 0.001, 1, False, False 1.4260864867380372 24.748555240006855 2.824895945436961 0.10185398519376443 1.8145721400555181 0.3226414499270937 
[1, 24, 48], [24, 15, 1], [1, 10, 10], [10, 10, 10], [0, 1, 2], 10, 0.001, 1, False, False 1.1542309634525472 20.07389980911532 1.7150130775970511 0.06977730558410354 1.2794760016705748 0.19815485625845575 
[1, 24, 48], [24, 20, 15], [1, 10, 10], [20, 20, 20], [2], 10, 0.001, 1, False, False 1.1908385534736292 20.81002765631729 2.0625012765503694 0.07257052060729312 1.0473633411144379 0.2742958170222638 
[1, 24, 48], [24, 20, 10], [1, 10, 10], [10, 10, 10], [2], 10, 0.001, 1, False, False 1.146747329355114 20.506245521648278 1.8439796441518184 0.10717039375629708 2.755229620124069 0.33806013109744604 
[1, 24], [24, 15], [1, 5], [20, 20], [1], 20, 0.001, 1, False, False 1.2363499919849417 21.155368575615483 2.0773058787884136 0.1559910380932777 2.9271469428824544 0.46679999573134845 
[1, 24, 48], [24, 5, 1], [1, 10, 10], [20, 20, 20], [2], 20, 0.001, 1, False, False 1.149108754001834 18.483828118156975 1.8151309703839527 0.0365045986503407 0.48479500671959197 0.13489426236698587 
[1, 24, 48], [24, 15, 5], [1, 10, 10], [20, 20, 20], [0, 1, 2], 10, 0.001, 1, False, False 1.1540449208131547 19.666448824600895 1.75637886635124 0.02224991071809692 0.26903258575304534 0.0383123679009351 
[1, 24, 48], [24, 15, 15], [1, 5, 5], [10, 10, 10], [1, 2], 10, 0.001, 1, False, False 1.4386819652109235 25.554414621296683 2.955297280659036 0.15197656101999196 3.27460980614279 0.6388335441468512 
[1, 24], [24, 5], [1, 5], [10, 10], [0, 1], 20, 0.001, 1, False, False 1.3511261955524487 23.8808116743472 2.5422830404285386 0.05052118744200828 0.9044325723820683 0.16726232311034825 
[1, 24, 48], [24, 15, 15], [1, 10, 10], [20, 20, 20], [0, 1, 2], 10, 0.001, 1, False, False 1.1339114565057336 19.1256026443404 1.7688971441478436 0.04370226151305144 0.5729450574806118 0.14548620362913733 
[1, 24, 48], [24, 20, 5], [1, 5, 5], [10, 10, 10], [2], 1, 0.001, 1, False, False 1.9188274702540147 36.62951805491567 5.656320566725804 0.007767871154130378 0.3083795038712354 0.06011314014223646 
[1, 24, 48], [24, 20, 10], [1, 5, 5], [10, 10, 10], [2], 20, 0.001, 1, False, False 1.0883595237094499 19.393672764728525 1.7355239625982215 0.13131979195193216 1.8520230711599681 0.3597796513182693 
[1, 24, 48], [24, 15, 1], [1, 5, 5], [20, 20, 20], [0, 1, 2], 10, 0.001, 1, False, False 1.410950289963296 25.208347111106406 2.8052468593530957 0.13622087014084985 2.259669456208146 0.5115072503285046 
[1, 24, 48], [24, 20, 15], [1, 5, 5], [20, 20, 20], [2], 20, 0.001, 1, False, False 1.02027348148878 17.027605309428623 1.5001004904260722 0.15185969653099843 1.918111041954747 0.4143654024742561 
[1, 24], [24, 15], [1, 10], [10, 10], [0, 1], 10, 0.001, 1, False, False 1.3942620539071937 24.93156075976763 2.7753787033086397 0.07612766910576525 0.9815934148317554 0.15270890288222405 
[1, 24, 48], [24, 5, 1], [1, 10, 10], [20, 20, 20], [0, 1, 2], 10, 0.001, 1, False, False 1.1505468068644407 19.53547133458256 1.8349721864340784 0.05247052473249052 0.5408789594614707 0.1962262375483099 
[1, 24, 48], [24, 20, 10], [1, 5, 5], [20, 20, 20], [2], 1, 0.001, 1, False, False 1.9119868938155744 36.29931707511167 5.544776204364385 0.03167222535029662 0.8774512733599675 0.24856199219853478 
[1, 24, 48], [24, 1, 1], [1, 5, 5], [30, 30, 30], [1, 2], 1, 0.001, 1, False, False 2.0143452919329756 36.567629106993095 5.859403028157253 0.03118450318275855 0.13737241440673884 0.09711209496437787 
[1, 24, 48], [24, 20, 15], [1, 10, 10], [10, 10, 10], [2], 1, 0.001, 1, False, False 1.8840864429733266 35.925813769723 5.428934313865863 0.052100677509182736 0.7627061647374471 0.2872297594519265 
[1, 24, 48], [24, 10, 1], [1, 5, 5], [10, 10, 10], [0, 1, 2], 10, 0.001, 1, False, False 1.429743677536371 25.61445088296377 2.8392365805884943 0.08521854572415152 1.4645515343947677 0.34560856061072165 
[1, 24], [24, 10], [1, 10], [20, 20], [0, 1], 20, 0.001, 1, False, False 1.1772500104029424 20.315972354846966 1.9267464241592906 0.07674447786222333 1.0830550160196744 0.2852068324887412 
[1, 24, 48], [24, 15, 5], [1, 10, 10], [10, 10, 10], [0, 1, 2], 10, 0.001, 1, False, False 1.0910173886421104 18.824087146729124 1.6214045080388466 0.05578608253729557 1.7576349321450015 0.21460121964338544 
[1, 24], [24, 15], [1, 5], [20, 20], [0, 1], 5, 0.001, 1, False, False 1.8822498082010835 34.501755381357235 5.2218413243028055 0.07984416560808745 1.6757488727395589 0.6380698969887357 
[1, 24, 48], [24, 15, 15], [1, 10, 10], [10, 10, 10], [0, 1, 2], 5, 0.001, 1, False, False 1.4881076966653817 27.073045430844925 3.2893372466001654 0.17787293989933545 3.835376943094845 0.7547539695224835 
[1, 24, 48], [24, 10, 1], [1, 5, 5], [10, 10, 10], [1, 2], 5, 0.001, 1, False, False 1.4689459806239162 27.957031520272523 3.391354252807913 0.2042217183382795 4.227873891715479 0.9635337517213557 
[1, 24], [24, 15], [1, 10], [20, 20], [0, 1], 20, 0.001, 1, False, False 1.2711890663813665 22.051794916121597 2.1010639845616716 0.052303680426805894 0.8825924007522252 0.20718957412978772 
[1, 24, 48], [24, 15, 1], [1, 5, 5], [10, 10, 10], [1, 2], 20, 0.001, 1, False, False 1.174804523062927 20.089619089597793 1.957079615708241 0.13300077463349427 2.1234411350797746 0.3917980924166316 
[1, 24, 48], [24, 15, 5], [1, 5, 5], [20, 20, 20], [1, 2], 10, 0.001, 1, False, False 1.2837372571091963 21.67055798642762 2.2180073501324755 0.12972949037446646 1.6762687473148026 0.37567594051439157 
[1, 24, 48], [24, 20, 5], [1, 5, 5], [10, 10, 10], [2], 5, 0.001, 1, False, False 1.4825968690768434 27.026821628410328 3.2795845472793044 0.13968752801068418 1.8863364016733266 0.4504687999307207 
[1, 24], [24, 15], [1, 5], [10, 10], [0, 1], 1, 0.001, 1, False, False 1.9488953755823548 36.52095883261671 5.713091952742318 0.0015432291912180615 0.20510476048718002 0.025731756425187564 
[1, 24, 48], [24, 5, 1], [1, 5, 5], [40, 40, 40], [1, 2], 1, 0.001, 1, False, False 1.962547281812186 35.849215843689215 5.660011961261007 0.02914004491837315 0.6296438795592033 0.1933312210293011 
[1, 24, 48], [24, 15, 1], [1, 5, 5], [20, 20, 20], [1, 2], 1, 0.001, 1, False, False 1.946010287740716 36.33690487060522 5.690883839606898 0.026260249524535255 0.5638210963590755 0.14808489449881673 
[1, 24], [24, 10], [1, 10], [10, 10], [0, 1], 20, 0.001, 1, False, False 1.1757294830624707 20.147553699992965 1.8522522115363216 0.0834433001091258 1.8592381843728116 0.3034593899843522 
[1, 24, 48], [24, 5, 1], [1, 10, 10], [10, 10, 10], [2], 20, 0.001, 1, False, False 1.1552606768768143 19.79786807045295 1.9875102639811741 0.10971844019360531 2.0357775097530237 0.48875473817364273 
[1, 24, 48], [24, 20, 10], [1, 5, 5], [20, 20, 20], [2], 5, 0.001, 1, False, False 1.5973782217612966 29.512352520050666 3.6607433568483194 0.12503641713416463 1.6465927632726602 0.4644034643703354 
[1, 24, 48], [24, 20, 15], [1, 10, 10], [10, 10, 10], [2], 5, 0.001, 1, False, False 1.556369818995396 28.78593227112184 3.5957316772585006 0.108419754180324 1.8044522995773655 0.4788129836817942 
[1, 24, 48], [24, 15, 5], [1, 5, 5], [10, 10, 10], [1, 2], 10, 0.001, 1, False, False 1.3024429308112573 23.035704370316044 2.405013652591767 0.04375368434522876 0.869416570515731 0.12802287947839283 
[1, 24, 48], [24, 5, 1], [1, 10, 10], [20, 20, 20], [2], 1, 0.001, 1, False, False 1.9741735860567404 37.188720542668754 5.855205259826529 0.023855074831186495 0.13958478057083554 0.0347882239772109 
[1, 24, 48], [24, 10, 1], [1, 20, 20], [30, 30, 30], [1, 2], 1, 0.001, 1, False, False 1.9156943904856838 34.6661087011442 5.261978483828595 0.040686883622058204 0.6323018302695305 0.23467403089408204 
[1, 24, 48], [24, 15, 10], [1, 20, 20], [40, 40, 40], [1, 2], 1, 0.001, 1, False, False 1.8945829029160517 33.700695506384605 5.23325792972019 0.02014181049859765 0.9740250296104358 0.14152457089348525 
[1, 24], [24, 10], [1, 10], [20, 20], [0, 1], 1, 0.001, 1, False, False 1.9499516780591672 35.92466253648914 5.585165940129433 0.032656169143243464 0.7632857615266047 0.24497518610392643 
[1, 24, 48], [24, 20, 5], [1, 10, 10], [20, 20, 20], [2], 20, 0.001, 1, False, False 1.1861939461280906 19.557441039694183 1.921590488661922 0.02243473822644839 1.0654229466232261 0.14429739295788746 
[1, 24], [24, 10], [1, 5], [10, 10], [0, 1], 10, 0.001, 1, False, False 1.7005980826362412 30.67108411562984 4.16882838014562 0.07890575154316799 1.0168025132054346 0.38533315498877324 
[1, 24, 48], [24, 1, 1], [1, 5, 5], [40, 40, 40], [1, 2], 5, 0.001, 1, False, False 1.6453340861118502 29.40803656407479 3.9527370133213977 0.21620458441212692 4.709487109548888 1.1112775171000429 
[1, 24, 48], [24, 20, 10], [1, 5, 5], [10, 10, 10], [2], 1, 0.001, 1, False, False 1.9426229878846142 37.04878035849425 5.79318811094035 0.008757391204959861 0.20285390619878363 0.041827490364551974 
[1, 24, 48], [24, 10, 1], [1, 10, 10], [10, 10, 10], [0, 1, 2], 20, 0.001, 1, False, False 1.1690407726706733 19.210194412132477 1.854187443364026 0.061567894896351505 0.6947289257762852 0.22890552093260538 
[1, 24, 48], [24, 20, 15], [1, 5, 5], [10, 10, 10], [2], 20, 0.001, 1, False, False 1.18688336768774 20.409985603696608 2.0290267868304865 0.24915810901637978 4.329079554841742 0.7620044544385874 
[1, 24, 48], [24, 1, 1], [1, 5, 5], [30, 30, 30], [1, 2], 5, 0.001, 1, False, False 1.5034818745321694 27.5143704830159 3.4527422764123545 0.05671093710543063 1.3991396336103357 0.4745270126891383 
[1, 24, 48], [24, 15, 1], [1, 10, 10], [20, 20, 20], [0, 1, 2], 20, 0.001, 1, False, False 1.1696026688924543 18.887900657622378 1.8651696634076433 0.048151784717532856 1.0581147529437107 0.20269500873228793 
[1, 24, 48], [24, 5, 1], [1, 5, 5], [20, 20, 20], [2], 20, 0.001, 1, False, False 1.163406578230637 21.360051186341 2.025058846758858 0.031593148241903596 1.3861446712507322 0.1612874745584325 
[1, 24, 48], [24, 5, 1], [1, 5, 5], [40, 40, 40], [1, 2], 5, 0.001, 1, False, False 1.472147526930052 26.31055698417254 3.14908619860404 0.18489825280435274 3.524214614818472 0.8671795321866009 
[1, 24, 48], [24, 20, 15], [1, 5, 5], [20, 20, 20], [2], 1, 0.001, 1, False, False 1.9271334987961584 36.44805355822134 5.644574617716763 0.016775448386358933 0.14806170025563972 0.08908533411569841 
[1, 24, 48], [24, 15, 1], [1, 5, 5], [10, 10, 10], [0, 1, 2], 20, 0.001, 1, False, False 1.1288481795539462 19.92309494220061 1.760814875102329 0.03212208084758777 0.6368333566384786 0.1054708890981604 
[1, 24, 48], [24, 5, 1], [1, 10, 10], [20, 20, 20], [2], 5, 0.001, 1, False, False 1.4699632255567445 27.77619289656397 3.262622244166663 0.15389572866043152 2.7919656823508854 0.6121931616978111 
[1, 24, 48], [24, 5, 1], [1, 5, 5], [10, 10, 10], [2], 20, 0.001, 1, False, False 1.02307707403821 18.623238963278027 1.5269490281014566 0.014468379622945369 0.5738258306155117 0.04680666773114722 
[1, 24, 48], [24, 5, 1], [1, 10, 10], [10, 10, 10], [2], 1, 0.001, 1, False, False 1.9287082424180373 37.09620849817847 5.668469722869901 0.02185574539368361 0.5342210536244425 0.12599681096123969 
[1, 24, 48], [24, 20, 5], [1, 10, 10], [10, 10, 10], [2], 20, 0.001, 1, False, False 1.1077448756192567 19.047335530629127 1.6886896219427203 0.07012824868737572 0.7670034386710023 0.20362197158980966 
[1, 24, 48], [24, 15, 1], [1, 5, 5], [20, 20, 20], [1, 2], 5, 0.001, 1, False, False 1.653833501868778 30.12036827471853 4.022207760512593 0.19362623565964518 3.6950860376845376 0.9940560475113275 
[1, 24, 48], [24, 15, 1], [1, 5, 5], [30, 30, 30], [1, 2], 5, 0.001, 1, False, False 1.5573884025216103 28.083741884571392 3.5111040076173237 0.06991450595464713 1.6826047318253534 0.4008036199032279 
[1, 24, 48], [24, 20, 5], [1, 5, 5], [10, 10, 10], [2], 10, 0.001, 1, False, False 1.4487377664695185 27.010383305447977 3.0261089152480563 0.14826665077252574 2.257030614538978 0.6139162599196603 
[1, 24, 48], [24, 5, 1], [1, 20, 20], [30, 30, 30], [1, 2], 5, 0.001, 1, False, False 1.2048638204457587 20.647813619278548 1.9920770974145692 0.06517024965141133 0.8669021415996753 0.26057504297643547 
[1, 24, 48], [24, 10, 1], [1, 20, 20], [40, 40, 40], [1, 2], 5, 0.001, 1, False, False 1.251788790827548 21.814630193558816 2.0873010071674716 0.06162610713402625 0.8810446710693107 0.1261164144772093 
[1, 24, 48], [24, 15, 15], [1, 5, 5], [20, 20, 20], [1, 2], 20, 0.001, 1, False, False 1.1394723107072495 19.305970018351577 1.7880423578856748 0.019652777496062746 0.22793955419399303 0.08074077966670631 
[1, 24, 48], [24, 5, 1], [1, 5, 5], [20, 20, 20], [2], 1, 0.001, 1, False, False 1.9202551621253843 36.57814235356589 5.660370690725355 0.01608357018609221 0.4010047789343184 0.10320898556352939 
[1, 24, 48], [24, 20, 5], [1, 10, 10], [20, 20, 20], [2], 1, 0.001, 1, False, False 1.9271230100619574 36.48539393010458 5.632305378772724 0.009273298901491036 0.36639279398957225 0.12553652630852496 
[1, 24], [24, 15], [1, 5], [10, 10], [0, 1], 5, 0.001, 1, False, False 1.7765724275951031 32.966079793555004 4.586328413866721 0.12197583443041335 2.5313943878681986 0.6794041986703564 
[1, 24, 48], [24, 10, 1], [1, 10, 10], [20, 20, 20], [0, 1, 2], 1, 0.001, 1, False, False 1.976284013385022 35.68654300764243 5.616303418486104 0.03277326470813883 0.6307205461286097 0.22009637906898333 
[1, 24, 48], [24, 15, 5], [1, 5, 5], [10, 10, 10], [0, 1, 2], 20, 0.001, 1, False, False 1.1171745121961945 19.367421362560282 1.7229070993933233 0.05033945787325473 0.6008864424197519 0.12876033861134314 
[1, 24, 48], [24, 15, 5], [1, 5, 5], [30, 30, 30], [1, 2], 1, 0.001, 1, False, False 1.9468746561143133 35.39608270542403 5.580630463835829 0.007507687909041653 0.2577124977906753 0.09088598189632502 
[1, 24, 48], [24, 20, 10], [1, 5, 5], [10, 10, 10], [2], 5, 0.001, 1, False, False 1.634316903794253 30.64906146756917 4.029641226025511 0.06707040649877113 0.5488513441838794 0.21474570231708293 
[1, 24, 48], [24, 10, 1], [1, 20, 20], [30, 30, 30], [1, 2], 5, 0.001, 1, False, False 1.2628474011327382 21.602586428036442 2.114302722085426 0.03934185547725551 0.9623763889592328 0.2404374745395911 
[1, 24, 48], [24, 15, 1], [1, 5, 5], [10, 10, 10], [0, 1, 2], 1, 0.001, 1, False, False 1.9603240792122147 36.70921659404316 5.771512356666616 0.019187886512934023 0.07192290029925397 0.05652077091083101 
[1, 24, 48], [24, 20, 5], [1, 5, 5], [20, 20, 20], [2], 20, 0.001, 1, False, False 1.3450513470021113 23.274304295532016 2.4737120382843165 0.18619658845333814 2.3240078320115765 0.4977217650484231 
[1, 24, 48], [24, 15, 1], [1, 5, 5], [20, 20, 20], [0, 1, 2], 1, 0.001, 1, False, False 1.9676099015468802 36.255831991238416 5.7404289714345245 0.011224499033606262 0.18298493461523882 0.044549844315049415 
[1, 24, 48], [24, 5, 1], [1, 10, 10], [10, 10, 10], [0, 1, 2], 10, 0.001, 1, False, False 1.1587671192914801 20.446259400230716 1.8878365215505382 0.04795341788798201 1.3196468354083577 0.2695657704704466 
[1, 24, 48], [24, 1, 1], [1, 5, 5], [10, 10, 10], [0, 1, 2], 20, 0.001, 1, False, False 1.0410819498201216 18.273087625286518 1.5484469914969807 0.04827017210633531 0.3715380037047738 0.08956325923248099 
[1, 24, 48], [24, 1, 1], [1, 20, 20], [30, 30, 30], [1, 2], 10, 0.001, 1, False, False 1.1026336451923406 18.32829480049328 1.6252785458328336 0.06206417119013131 0.6407072932695295 0.1426315793694218 
[1, 24, 48], [24, 20, 10], [1, 10, 10], [20, 20, 20], [2], 20, 0.001, 1, False, False 1.1373967413066166 19.20330972851455 1.9458900703895428 0.16962282688715233 2.833723275648921 0.4757240131569195 
[1, 24, 48], [24, 20, 5], [1, 10, 10], [10, 10, 10], [2], 1, 0.001, 1, False, False 1.9028826802279106 35.65529100270109 5.479171666532284 0.016546993417395107 0.5024674396735791 0.023337414583324972 
[1, 24, 48], [24, 20, 10], [1, 5, 5], [20, 20, 20], [2], 10, 0.001, 1, False, False 1.2191218072617498 21.94573699398239 2.2363315131718955 0.1544119013991891 2.5879686354052667 0.6062279496395325 
[1, 24, 48], [24, 15, 10], [1, 20, 20], [40, 40, 40], [1, 2], 5, 0.001, 1, False, False 1.2474058081292443 21.258798857065045 1.9878389033109218 0.07181601590322699 1.517126128798858 0.24091335476996273 
[1, 24, 48], [24, 20, 15], [1, 10, 10], [10, 10, 10], [2], 10, 0.001, 1, False, False 1.1609014729451805 21.459222241443793 2.02341740945165 0.07550924021914161 1.7489968483183886 0.2594709706254557 
[1, 24, 48], [24, 20, 15], [1, 5, 5], [20, 20, 20], [2], 5, 0.001, 1, False, False 1.9876480623389836 36.16939014735524 5.819546301664306 0.16205580475971668 2.743051787297622 0.9041391877722956 
[1, 24, 48], [24, 5, 1], [1, 10, 10], [10, 10, 10], [2], 5, 0.001, 1, False, False 1.5351366350910178 29.028164445311003 3.6222793669450515 0.18671532446449862 3.5042638794299736 0.9824211756326082 
[1, 24, 48], [24, 15, 5], [1, 5, 5], [20, 20, 20], [0, 1, 2], 1, 0.001, 1, False, False 1.96153547918355 36.12148004601709 5.6669122510377745 0.028126380179361928 0.4132180279364115 0.18695230589767028 
[1, 24, 48], [24, 20, 15], [1, 5, 5], [10, 10, 10], [2], 1, 0.001, 1, False, False 1.8798014101882774 35.11379152580124 5.376743974087115 0.03531075065743855 0.3945697316849761 0.23407020180049173 
[1, 24, 48], [24, 10, 1], [1, 5, 5], [10, 10, 10], [1, 2], 10, 0.001, 1, False, False 1.1165974894676498 20.01018988368168 1.8024136833351558 0.02287687372432162 0.08329047614222375 0.09469102028667493 
[1, 24, 48], [24, 20, 15], [1, 10, 10], [20, 20, 20], [2], 20, 0.001, 1, False, False 1.0611253226589827 17.321956970784594 1.5833144279083928 0.1781679527379544 2.8587562120539425 0.4439058114160714 
[1, 24, 48], [24, 20, 10], [1, 10, 10], [10, 10, 10], [2], 20, 0.001, 1, False, False 1.1757308168060803 20.364691122130523 1.9298089179134337 0.11923380016471359 1.753728484448797 0.24529921481301561 
[1, 24, 48], [24, 20, 5], [1, 10, 10], [20, 20, 20], [2], 5, 0.001, 1, False, False 1.4158532509511268 26.201636143282467 3.1606341982102406 0.23572847598624308 3.8462121670303997 1.0904240483363985 
[1, 24, 48], [24, 20, 10], [1, 10, 10], [20, 20, 20], [2], 1, 0.001, 1, False, False 1.9034530676349446 35.68484203053276 5.466385570820466 0.0485904638102829 0.8279920014686185 0.34694934784490483 
[1, 24, 48], [24, 5, 1], [1, 5, 5], [10, 10, 10], [1, 2], 20, 0.001, 1, False, False 1.0673661828455001 18.542010554822834 1.578097156412573 0.04219982961492877 0.6880499436493089 0.13958093256443393 
[1, 24, 48], [24, 1, 1], [1, 5, 5], [20, 20, 20], [0, 1, 2], 1, 0.001, 1, False, False 1.9609469781043352 35.90342014949543 5.637182837980398 0.03544546962687883 0.9437288010255186 0.2788256299159459 
[1, 24, 48], [24, 15, 15], [1, 5, 5], [40, 40, 40], [1, 2], 1, 0.001, 1, False, False 2.0136780697162506 36.38450308125577 5.890051809038027 0.021585971025480103 0.23163104251613978 0.09110526948429744 
[1, 24, 48], [24, 5, 1], [1, 10, 10], [20, 20, 20], [2], 10, 0.001, 1, False, False 1.2111265861325797 21.88770728241145 2.1180417183369507 0.09744662534360037 1.4707319520556204 0.34413279087695964 
[1, 24, 48], [24, 20, 15], [1, 5, 5], [10, 10, 10], [2], 5, 0.001, 1, False, False 1.7148926306515933 32.662211542721955 4.563526654907204 0.13898962408442045 2.8127003327849405 0.7613619485040429 
[1, 24, 48], [24, 5, 1], [1, 20, 20], [40, 40, 40], [1, 2], 10, 0.001, 1, False, False 1.2038799597571295 19.346296830270486 1.9365479271299364 0.0363603190083603 0.7901408877379179 0.0946235240629381 
[1, 24, 48], [24, 5, 1], [1, 5, 5], [20, 20, 20], [1, 2], 1, 0.001, 1, False, False 1.9640887245949772 36.4480412186253 5.784625198490957 0.034991674764835355 0.5925503611526886 0.19526102864380526 
[1, 24, 48], [24, 10, 1], [1, 5, 5], [20, 20, 20], [1, 2], 20, 0.001, 1, False, False 1.2145003593147354 19.936832698928416 2.036099793587946 0.04509369853905871 0.922625268277132 0.1399138612477993 
[1, 24, 48], [24, 20, 10], [1, 5, 5], [10, 10, 10], [2], 10, 0.001, 1, False, False 1.2568567900056087 23.599266613541648 2.527011039645844 0.15159616909035004 3.315065479654637 0.6388815130754265 
[1, 24, 48], [24, 15, 10], [1, 5, 5], [20, 20, 20], [1, 2], 20, 0.001, 1, False, False 1.2545720502389253 21.380912974269776 2.231469401438203 0.07303290134532789 1.013129742323441 0.32237628318573797 
[1, 24], [24, 15], [1, 5], [20, 20], [0, 1], 10, 0.001, 1, False, False 1.6545553849872061 29.20142238962015 3.932777515794791 0.09372971343587964 2.2084916450367 0.5060278681939796 
[1, 24, 48], [24, 15, 10], [1, 5, 5], [30, 30, 30], [1, 2], 10, 0.001, 1, False, False 1.2765744259925906 22.226138043239427 2.1395172844221055 0.12666894656839617 2.1268294436362885 0.43909494730942716 
[1, 24, 48], [24, 20, 15], [1, 5, 5], [20, 20, 20], [2], 10, 0.001, 1, False, False 1.5124845193836975 27.99849224518802 3.367969927605351 0.16789253685025496 2.754588145491336 0.8408359337868005 
[1, 24], [24, 10], [1, 5], [20, 20], [0, 1], 20, 0.001, 1, False, False 1.2157788907350213 20.967760822368334 1.9713760770167568 0.05062662894094213 1.373421659966731 0.19162206457704867 
[1, 24, 48], [24, 15, 10], [1, 5, 5], [10, 10, 10], [1, 2], 1, 0.001, 1, False, False 1.9138917260561825 35.47371012110295 5.420869684317357 0.024571128458149617 0.3743399138122078 0.19587719478750198 
[1, 24, 48], [24, 15, 1], [1, 5, 5], [10, 10, 10], [1, 2], 1, 0.001, 1, False, False 1.9198779973856828 35.81767727116746 5.531925219595507 0.03977816315455587 0.64618730708117 0.24350859887387138 
[1, 24, 48], [24, 15, 10], [1, 5, 5], [10, 10, 10], [1, 2], 20, 0.001, 1, False, False 1.1576476823124622 19.918678719502882 1.8679684805097327 0.052833122181345844 1.067070171105955 0.25389929345309303 
[1, 24, 48], [24, 15, 15], [1, 5, 5], [10, 10, 10], [1, 2], 20, 0.001, 1, False, False 1.0453073296833921 18.33231047205008 1.4960540285062691 0.05527957537650936 0.7203764368143525 0.11811582195186651 
[1, 24, 48], [24, 1, 1], [1, 20, 20], [40, 40, 40], [1, 2], 20, 0.001, 1, False, False 1.227251301830014 18.837478225549038 2.1481816464507357 0.12588426886874637 1.8459556164457982 0.4669842217691938 
[1, 24, 48], [24, 5, 1], [1, 5, 5], [40, 40, 40], [1, 2], 10, 0.001, 1, False, False 1.1807767320148372 20.559324920513035 1.9811617897023852 0.08512938566400852 1.5369992805879313 0.270405830121651 
[1, 24, 48], [24, 15, 15], [1, 10, 10], [10, 10, 10], [0, 1, 2], 10, 0.001, 1, False, False 1.2139618092044087 21.301311863145116 2.014752264445256 0.10662261695697356 2.2551674616128254 0.31236176901790097 
[1, 24, 48], [24, 1, 1], [1, 5, 5], [20, 20, 20], [1, 2], 20, 0.001, 1, False, False 1.1785556723329205 19.55313241065156 2.000761406215379 0.05357300102508882 0.7504963263547708 0.11508540031578869 
[1, 24, 48], [24, 15, 15], [1, 5, 5], [20, 20, 20], [1, 2], 1, 0.001, 1, False, False 1.995524249819142 36.48473322309121 5.928723169019996 0.055146180310416626 0.060024263478068676 0.24258758064182212 
[1, 24, 48], [24, 15, 5], [1, 5, 5], [30, 30, 30], [1, 2], 5, 0.001, 1, False, False 1.5611814873913925 28.454067149946187 3.5099978193808536 0.08683707453118514 2.0673799801160078 0.46871937865651514 
[1, 24, 48], [24, 15, 5], [1, 5, 5], [40, 40, 40], [1, 2], 5, 0.001, 1, False, False 1.4365259222755276 25.518925394039396 2.8689518821610474 0.12742116291708291 1.8766744982864678 0.38376763597226526 
[1, 24, 48], [24, 15, 15], [1, 20, 20], [30, 30, 30], [1, 2], 5, 0.001, 1, False, False 1.2573469081065722 21.775286686987375 2.100061225546339 0.06450960796139218 1.2182105814713509 0.24686603152732725 
[1, 24, 48], [24, 15, 10], [1, 5, 5], [20, 20, 20], [1, 2], 1, 0.001, 1, False, False 1.9555651713438609 35.69646753716387 5.602145373893726 0.037946123255604064 1.3210499453002458 0.2666193018260549 
[1, 24, 48], [24, 5, 1], [1, 5, 5], [30, 30, 30], [1, 2], 1, 0.001, 1, False, False 2.0027194741423484 37.12582502082508 5.981966013152125 0.018820095186369203 0.13044938087650998 0.051154770342646795 
[1, 24, 48], [24, 20, 5], [1, 5, 5], [10, 10, 10], [2], 20, 0.001, 1, False, False 1.1046377663466116 18.908471418191287 1.6860484159131637 0.08027559261258144 1.3282416934976475 0.18975790853879684 
[1, 24, 48], [24, 5, 1], [1, 5, 5], [10, 10, 10], [1, 2], 1, 0.001, 1, False, False 1.9259711772479393 35.99305646254584 5.551359167761848 0.015537408728026957 0.6030000705509712 0.0856971180857691 
[1, 24, 48], [24, 1, 1], [1, 5, 5], [10, 10, 10], [1, 2], 20, 0.001, 1, False, False 1.1536220388417997 20.41186500345114 2.0084924214049 0.12671046415045936 1.5955373008062286 0.40288051214739484 
[1, 24, 48], [24, 15, 1], [1, 5, 5], [20, 20, 20], [1, 2], 10, 0.001, 1, False, False 1.2831667508585036 22.597874657854252 2.374923738537154 0.07901650753453612 1.6192060493070726 0.2924722569270481 
[1, 24, 48], [24, 5, 1], [1, 20, 20], [30, 30, 30], [1, 2], 10, 0.001, 1, False, False 1.2260728640895755 20.1080704636688 2.023940052263295 0.07313663416645715 0.2040714970218676 0.24402789366523098 
[1, 24, 48], [24, 15, 15], [1, 5, 5], [40, 40, 40], [1, 2], 5, 0.001, 1, False, False 1.384084864905863 24.480078965091952 2.681574755867144 0.06121222764470571 0.8720649200445513 0.19593349522677408 
[1, 24, 48], [24, 1, 1], [1, 5, 5], [40, 40, 40], [1, 2], 10, 0.001, 1, False, False 1.1703561216316842 19.84022059975568 1.967144974819261 0.09167498816144658 1.7425574860947113 0.23911064610119806 
[1, 24, 48], [24, 20, 10], [1, 5, 5], [20, 20, 20], [2], 20, 0.001, 1, False, False 1.2821599287636303 23.044910576671143 2.6261815082742377 0.29111406406752105 5.798506493528928 1.3451261207107361 
[1, 24, 48], [24, 10, 1], [1, 20, 20], [40, 40, 40], [1, 2], 10, 0.001, 1, False, False 1.2103730267672628 19.371350099147538 2.0580178788588928 0.07342727152174312 0.7583938151540924 0.24348829274973371 
[1, 24, 48], [24, 1, 1], [1, 10, 10], [20, 20, 20], [0, 1, 2], 20, 0.001, 1, False, False 1.1387633953864376 19.008782993784525 1.7968398489935715 0.06525239853903375 0.6845581011190262 0.1945644808787255 
[1, 24, 48], [24, 20, 15], [1, 10, 10], [10, 10, 10], [2], 20, 0.001, 1, False, False 1.0536471220216266 18.365296493505582 1.603930700795459 0.17812030317191466 2.6374871301911518 0.4734569212818883 
[1, 24, 48], [24, 15, 5], [1, 5, 5], [20, 20, 20], [0, 1, 2], 5, 0.001, 1, False, False 1.582275165810629 27.368330645896226 3.5780230255375454 0.0713055596621252 0.806645231937689 0.24494589785289647 
[1, 24, 48], [24, 15, 1], [1, 5, 5], [30, 30, 30], [1, 2], 10, 0.001, 1, False, False 1.3002161258969596 22.6430504849494 2.2940254653660115 0.08206221022188233 1.6086146393806047 0.24397971351006034 
[1, 24, 48], [24, 1, 1], [1, 5, 5], [20, 20, 20], [1, 2], 1, 0.001, 1, False, False 1.927281195173661 36.191934902679996 5.55365774640173 0.019494329694951244 0.37272720760556693 0.08766202125727969 
[1, 24, 48], [24, 5, 1], [1, 5, 5], [20, 20, 20], [1, 2], 5, 0.001, 1, False, False 1.5415900510080436 27.825330466112394 3.503266190159719 0.20344678648007228 3.772108120670318 1.0518973986870879 
[1, 24, 48], [24, 10, 1], [1, 20, 20], [30, 30, 30], [1, 2], 10, 0.001, 1, False, False 1.1391177666270071 18.438627106075902 1.769724374574886 0.063492596556671 0.9470564758212139 0.17717473571242648 
[1, 24, 48], [24, 10, 1], [1, 10, 10], [20, 20, 20], [0, 1, 2], 5, 0.001, 1, False, False 1.38792959149513 24.86997375477451 2.631827508488343 0.01644720683051575 0.11324936144140796 0.0392966675476581 
[1, 24, 48], [24, 15, 15], [1, 5, 5], [20, 20, 20], [1, 2], 5, 0.001, 1, False, False 1.6437642407224133 30.274549776149982 4.037411661338185 0.2000039003795239 4.218903162144387 1.0478500868671712 
[1, 24, 48], [24, 1, 1], [1, 5, 5], [30, 30, 30], [1, 2], 10, 0.001, 1, False, False 1.1504848949335242 20.65919119128003 1.910103647324492 0.0918674395261894 1.8874389537458913 0.25125701871605943 
[1, 24, 48], [24, 15, 1], [1, 5, 5], [10, 10, 10], [1, 2], 5, 0.001, 1, False, False 1.5016497854833248 28.126209554489588 3.452722029364002 0.15941051797691072 2.70118364887625 0.6926058723961341 
[1, 24, 48], [24, 15, 1], [1, 5, 5], [10, 10, 10], [0, 1, 2], 5, 0.001, 1, False, False 1.6334937192913557 29.60713185210436 4.002856776559303 0.061677197736379814 1.3225095656941543 0.3600037120249679 
[1, 24, 48], [24, 15, 1], [1, 5, 5], [40, 40, 40], [1, 2], 10, 0.001, 1, False, False 1.2599218152808371 21.531819383238584 2.1648353183786413 0.0953358330823182 1.2927691486280952 0.3133676233513324 
[1, 24, 48], [24, 15, 1], [1, 5, 5], [20, 20, 20], [0, 1, 2], 5, 0.001, 1, False, False 1.7438452678836054 31.360285703053687 4.369541629910487 0.15298939424940947 3.2949529915731204 0.7490512039603833 
[1, 24, 48], [24, 1, 1], [1, 5, 5], [20, 20, 20], [0, 1, 2], 5, 0.001, 1, False, False 1.7255829765426889 31.17659584511711 4.21810342818571 0.10731311011077825 1.435403877037823 0.45086777209825446 
[1, 24, 48], [24, 1, 1], [1, 5, 5], [10, 10, 10], [0, 1, 2], 1, 0.001, 1, False, False 1.952592173108348 36.56747261409327 5.752602514110858 0.011472120170046366 0.3021572498459984 0.09764343685238455 
[1, 24, 48], [24, 5, 1], [1, 5, 5], [30, 30, 30], [1, 2], 5, 0.001, 1, False, False 1.5994337568197536 28.336054449345284 3.631273319113051 0.1908220481265888 3.211730469728362 0.9150725447856031 
[1, 24, 48], [24, 15, 10], [1, 20, 20], [40, 40, 40], [1, 2], 10, 0.001, 1, False, False 1.149665919808602 18.71080506086283 1.7744205768759693 0.08702517370674082 1.5321338717932536 0.304513636171298 
[1, 24, 48], [24, 15, 10], [1, 5, 5], [20, 20, 20], [1, 2], 5, 0.001, 1, False, False 1.5970107198865324 28.597133608497316 3.7137877704200126 0.009807922885261005 0.34783201948568976 0.06481935642685893 
[1, 24, 48], [24, 5, 1], [1, 5, 5], [10, 10, 10], [1, 2], 5, 0.001, 1, False, False 1.4718714153601062 26.38931196363451 3.048793624298952 0.1673842045660835 2.6724364287371327 0.6382050808810492 
[1, 24, 48], [24, 15, 5], [1, 20, 20], [30, 30, 30], [1, 2], 10, 0.001, 1, False, False 1.213663581055072 19.93547430534647 2.0340935571610186 0.07004647452490116 1.2776082002134899 0.23961114036976638 
[1, 24, 48], [24, 15, 15], [1, 20, 20], [40, 40, 40], [1, 2], 10, 0.001, 1, False, False 1.1973911707461984 19.84078026900627 1.931665879214797 0.043986807805718314 1.0213007695205014 0.11747755875979812 
[1, 24, 48], [24, 10, 1], [1, 5, 5], [30, 30, 30], [1, 2], 20, 0.001, 1, False, False 1.192962588749274 20.201298836067007 1.9584169781499199 0.10932495343079739 1.6346140592752088 0.28675025482057165 
[1, 24, 48], [24, 1, 1], [1, 10, 10], [10, 10, 10], [0, 1, 2], 20, 0.001, 1, False, False 1.0807471172815122 18.045835617760872 1.5771157931955513 0.017187372237884763 0.4013373847536394 0.06573463293225586 
[1, 24, 48], [24, 10, 1], [1, 5, 5], [40, 40, 40], [1, 2], 1, 0.001, 1, False, False 1.9331122699435108 35.269902240418126 5.428633915386634 0.034806836213734794 0.7817195253066624 0.29321169679447384 
[1, 24, 48], [24, 15, 10], [1, 5, 5], [40, 40, 40], [1, 2], 20, 0.001, 1, False, False 1.0986234881259778 19.41521673605821 1.7565469903291582 0.046745171476080025 0.37393424183093005 0.16151776075488358 
[1, 24, 48], [24, 15, 15], [1, 5, 5], [20, 20, 20], [0, 1, 2], 20, 0.001, 1, False, False 1.117081892276528 19.165876018874105 1.6656207838794581 0.07521306919494752 1.3919636718986623 0.20128634724479202 
[1, 24, 48], [24, 15, 5], [1, 5, 5], [20, 20, 20], [1, 2], 20, 0.001, 1, False, False 1.1296069523181629 18.776088213727252 1.7598756665767128 0.04236459453917736 1.0167585017683622 0.15284141088841047 
[1, 24, 48], [24, 1, 1], [1, 10, 10], [20, 20, 20], [0, 1, 2], 1, 0.001, 1, False, False 1.932661930195711 35.33147751286709 5.47098559595712 0.0072552083384279055 0.1822744369552513 0.06673525867313788 
[1, 24, 48], [24, 15, 1], [1, 10, 10], [20, 20, 20], [0, 1, 2], 20, 0.001, 1, False, False 1.2026777183223105 19.759978275588487 1.9388854585567816 0.05827154169388523 0.2749262498545765 0.13847018947383932 
[1, 24, 48], [24, 15, 1], [1, 10, 10], [10, 10, 10], [0, 1, 2], 20, 0.001, 1, False, False 1.1601678826121822 18.96218349318386 1.7934771312012818 0.0471580097970855 0.6896522846965618 0.03297810925360006 
[1, 24, 48], [24, 15, 10], [1, 20, 20], [30, 30, 30], [1, 2], 1, 0.001, 1, False, False 1.8470360159322066 32.3780609641172 4.941056354591803 0.02119285846011272 0.6516958843269471 0.1876095763791834 
[1, 24], [24, 15], [1, 10], [10, 10], [0, 1], 20, 0.001, 1, False, False 1.0783375273424165 18.76526829593274 1.69510934342558 0.04805579242339021 0.6043443039264119 0.08959885518840535 
[1, 24, 48], [24, 15, 15], [1, 5, 5], [20, 20, 20], [1, 2], 10, 0.001, 1, False, False 1.3263427241670867 23.26657136012606 2.4858139755644078 0.0361097484275551 0.9363501843871448 0.25656129342532163 
[1, 24, 48], [24, 15, 15], [1, 5, 5], [10, 10, 10], [1, 2], 1, 0.001, 1, False, False 1.8823502035328634 35.93176056259298 5.427865281693083 0.04938677888885145 1.0164287544789186 0.3177448028328616 
[1, 24, 48], [24, 5, 1], [1, 5, 5], [20, 20, 20], [0, 1, 2], 20, 0.001, 1, False, False 1.211720805980817 20.68976730465415 2.068522739035997 0.13990289062111438 2.524425768641515 0.507891176317331 
[1, 24, 48], [24, 10, 1], [1, 5, 5], [10, 10, 10], [1, 2], 20, 0.001, 1, False, False 1.1537558626590505 19.283134160108393 1.933223656603679 0.06404213763955273 1.2804613256291824 0.1454921038088924 
[1, 24, 48], [24, 15, 1], [1, 10, 10], [20, 20, 20], [0, 1, 2], 1, 0.001, 1, False, False 1.9956560447122211 36.55624945642463 5.8686117448181605 0.03339189781772237 0.44352314689795613 0.18561853569577458 
[1, 24, 48], [24, 15, 1], [1, 5, 5], [10, 10, 10], [0, 1, 2], 1, 0.001, 1, False, False 1.9386604600482515 36.588305039883814 5.705879626474073 0.01317638770856046 0.30375660126186216 0.052110419405032624 
[1, 24, 48], [24, 15, 1], [1, 5, 5], [10, 10, 10], [1, 2], 10, 0.001, 1, False, False 1.2996613757339894 23.734602645970725 2.4858896151990133 0.11967866668945866 1.8172185710927724 0.37588010726643883 
[1, 24, 48], [24, 1, 1], [1, 5, 5], [10, 10, 10], [0, 1, 2], 5, 0.001, 1, False, False 1.5596056877876876 28.596046787113675 3.475880920141604 0.10293135996916138 1.036496266376695 0.26870217099638466 
[1, 24, 48], [24, 5, 1], [1, 5, 5], [20, 20, 20], [1, 2], 10, 0.001, 1, False, False 1.318416199191577 23.10079752242368 2.4807200695058196 0.34044722686231405 5.288977086100373 1.1536570302941107 
[1, 24, 48], [24, 15, 15], [1, 20, 20], [30, 30, 30], [1, 2], 10, 0.001, 1, False, False 1.192068834099229 19.72529954189656 1.8093995057723842 0.08048980470748807 1.3393479872524803 0.23332331770293874 
[1, 24, 48], [24, 15, 5], [1, 5, 5], [40, 40, 40], [1, 2], 10, 0.001, 1, False, False 1.193718696144168 20.794860055747726 1.9480076757808504 0.04949777747021386 0.9890091042602591 0.1420982249988555 
[1, 24, 48], [24, 15, 5], [1, 5, 5], [10, 10, 10], [1, 2], 20, 0.001, 1, False, False 1.1811633070171987 20.45011842262545 2.025417770258405 0.09346937640541751 1.2972791091483096 0.3080536382919728 
[1, 24, 48], [24, 10, 1], [1, 10, 10], [10, 10, 10], [0, 1, 2], 1, 0.001, 1, False, False 1.942645425570232 35.94340092205394 5.642202816319943 0.01743007175404126 0.9059160188318585 0.12202540691065163 
[1, 24, 48], [24, 10, 1], [1, 5, 5], [40, 40, 40], [1, 2], 5, 0.001, 1, False, False 1.6800279222152852 29.47183874496062 3.9078963781947658 0.12598371213850093 2.0993050641120723 0.5188407877559182 
[1, 24, 48], [24, 1, 1], [1, 20, 20], [30, 30, 30], [1, 2], 20, 0.001, 1, False, False 1.2238997462102112 18.685057768542595 2.0209681948226383 0.09009360977440181 0.92566809118374 0.3085882174771721 
[1, 24, 48], [24, 15, 15], [1, 5, 5], [40, 40, 40], [1, 2], 10, 0.001, 1, False, False 1.2323737434421977 21.48812361317015 2.035443563538616 0.08667747183756454 1.412802557272392 0.27291405081280723 
[1, 24, 48], [24, 5, 1], [1, 5, 5], [30, 30, 30], [1, 2], 10, 0.001, 1, False, False 1.3300120062298246 23.13643219863315 2.5815643792846443 0.15626557041658748 2.7275624503382954 0.5974165779897893 
[1, 24, 48], [24, 15, 5], [1, 5, 5], [30, 30, 30], [1, 2], 10, 0.001, 1, False, False 1.2703595272092907 22.50618816603614 2.330604592463928 0.05324282313019969 0.7749513766565863 0.17238482343999026 
[1, 24, 48], [24, 15, 5], [1, 5, 5], [20, 20, 20], [1, 2], 1, 0.001, 1, False, False 1.9321912191808222 35.921119074349896 5.5917564796457 0.03165339035832841 0.5014369521492928 0.1608476706103587 
[1, 24, 48], [24, 15, 10], [1, 20, 20], [30, 30, 30], [1, 2], 5, 0.001, 1, False, False 1.3564657614876827 23.393156250174826 2.440275975583745 0.02462525711786616 0.3800077304864426 0.10747408046650368 
[1, 24, 48], [24, 1, 1], [1, 20, 20], [40, 40, 40], [1, 2], 1, 0.001, 1, False, False 1.9452634120015082 35.0498026687456 5.544251055945614 0.01996420872036227 1.1370542052916184 0.2178104054903606 
[1, 24, 48], [24, 5, 1], [1, 20, 20], [40, 40, 40], [1, 2], 20, 0.001, 1, False, False 1.1948035953704406 18.374634545595622 1.9854688876151654 0.05663379397828967 0.5066772264875776 0.20369048629546357 
[1, 24, 48], [24, 15, 15], [1, 5, 5], [10, 10, 10], [0, 1, 2], 20, 0.001, 1, False, False 1.0899700373756114 18.734203763378858 1.662739233910706 0.09814405804090108 0.9339488547440379 0.2019880124653031 
[1, 24, 48], [24, 15, 1], [1, 5, 5], [20, 20, 20], [1, 2], 20, 0.001, 1, False, False 1.1628367578886725 19.868629508085007 1.8705007112758778 0.04936045399755276 0.252653048978433 0.12070359583921197 
[1, 24, 48], [24, 15, 15], [1, 5, 5], [10, 10, 10], [1, 2], 5, 0.001, 1, False, False 1.4259946139598334 26.18636206165402 3.0989489881597465 0.1017166003723262 1.773167740331699 0.44392402527463687 
[1, 24, 48], [24, 10, 1], [1, 5, 5], [30, 30, 30], [1, 2], 1, 0.001, 1, False, False 2.0276462038633998 36.618529455740045 6.019108478490293 0.08754055064396203 1.380072424128383 0.4832011839871056 
[1, 24, 48], [24, 15, 5], [1, 5, 5], [20, 20, 20], [0, 1, 2], 10, 0.001, 1, False, False 1.383140852523071 24.568097918434358 2.689254452126891 0.15493135959151272 2.931365702074525 0.691830408756258 
[1, 24, 48], [24, 15, 1], [1, 20, 20], [30, 30, 30], [1, 2], 20, 0.001, 1, False, False 1.2242900107676788 18.637200524308856 2.031097762343958 0.08776873561404153 0.9262930699495455 0.3670855626144401 
[1, 24, 48], [24, 15, 5], [1, 20, 20], [40, 40, 40], [1, 2], 20, 0.001, 1, False, False 1.274846087313361 19.309188160674164 2.2031535813414838 0.018542168060879168 0.2368476481579539 0.14151210124670185 
[1, 24, 48], [24, 5, 1], [1, 5, 5], [40, 40, 40], [1, 2], 20, 0.001, 1, False, False 1.1024366033435975 19.196551656013913 1.774061015676064 0.027279130538112456 1.2927262542116142 0.19258575257726548 
[1, 24, 48], [24, 15, 15], [1, 5, 5], [20, 20, 20], [0, 1, 2], 1, 0.001, 1, False, False 1.9899227893048967 36.339556956218786 5.82118606865271 0.028774163318243954 0.5918634979060584 0.188120696943269 
[1, 24, 48], [24, 15, 15], [1, 5, 5], [30, 30, 30], [1, 2], 1, 0.001, 1, False, False 1.9685042631432967 35.87069788816974 5.716482291237663 0.027881143607297473 0.7172121849205556 0.11237596866543031 
[1, 24, 48], [24, 5, 1], [1, 20, 20], [30, 30, 30], [1, 2], 1, 0.001, 1, False, False 1.9517176128371998 35.61760462899165 5.585523493086156 0.016554649492385387 0.6247099951793417 0.1355683565468876 
[1, 24, 48], [24, 15, 1], [1, 20, 20], [40, 40, 40], [1, 2], 1, 0.001, 1, False, False 1.9393328142386894 34.61201146123902 5.464975582213778 0.024906618868675477 0.8691157070349905 0.08268370962625464 
[1, 24, 48], [24, 1, 1], [1, 5, 5], [20, 20, 20], [0, 1, 2], 10, 0.001, 1, False, False 1.2870817334701619 23.506536062144544 2.3596522276935796 0.07611950739837539 0.9853609729530858 0.38535446574640453 
[1, 24, 48], [24, 15, 15], [1, 10, 10], [20, 20, 20], [0, 1, 2], 20, 0.001, 1, False, False 1.2153842230223946 19.333029732103437 1.9918127283696847 0.11694749879001683 1.1534084500176487 0.2910683438235974 
[1, 24, 48], [24, 15, 10], [1, 5, 5], [30, 30, 30], [1, 2], 20, 0.001, 1, False, False 1.188464971162655 19.898611661460702 1.9002014126184221 0.1204661466146714 2.287830339009528 0.36305042837279494 
[1, 24, 48], [24, 15, 1], [1, 10, 10], [10, 10, 10], [0, 1, 2], 20, 0.001, 1, False, False 1.1315352597377368 18.70023076697302 1.7388557249250898 0.0732040034007409 1.0452988261466454 0.25928391828594494 
[1, 24, 48], [24, 1, 1], [1, 20, 20], [40, 40, 40], [1, 2], 5, 0.001, 1, False, False 1.2455805167900749 21.24497988952739 2.0746690185515297 0.10144803618929303 1.6003097658700622 0.38176612186697617 
[1, 24, 48], [24, 5, 1], [1, 5, 5], [10, 10, 10], [0, 1, 2], 20, 0.001, 1, False, False 1.1630218298001977 20.997587380781678 1.8963369418264506 0.10787491439709428 2.7438046706702464 0.4726149699943487 
[1, 24, 48], [24, 15, 10], [1, 5, 5], [40, 40, 40], [1, 2], 1, 0.001, 1, False, False 1.9811680492841532 35.22903025256795 5.616006902886021 0.049667777144892566 1.0086773616246416 0.2194789863492845 
[1, 24, 48], [24, 15, 1], [1, 5, 5], [10, 10, 10], [0, 1, 2], 5, 0.001, 1, False, False 1.5348311330709195 27.105690100546997 3.3285361692612256 0.052118967718783986 0.9021411814415282 0.05468715647456536 
[1, 24, 48], [24, 15, 15], [1, 5, 5], [10, 10, 10], [0, 1, 2], 1, 0.001, 1, False, False 1.9679082816121756 36.54937257043249 5.789284529098367 0.02438843443653233 0.11810646921732837 0.09586827727320231 
[1, 24, 48], [24, 5, 1], [1, 20, 20], [30, 30, 30], [1, 2], 20, 0.001, 1, False, False 1.255589509472527 19.417583570563707 2.140176745946507 0.08007695125107024 1.172561812522964 0.2854000815417505 
[1, 24, 48], [24, 15, 1], [1, 10, 10], [20, 20, 20], [0, 1, 2], 5, 0.001, 1, False, False 1.4652570145273653 25.894910967440836 3.079356519401413 0.17280092270798192 3.5948008550672825 0.7313409644167035 
[1, 24, 48], [24, 10, 1], [1, 5, 5], [20, 20, 20], [0, 1, 2], 20, 0.001, 1, False, False 1.1056801813689099 19.30509538212037 1.7359411269339 0.03372182031089379 1.0029460197441746 0.07941152377288029 
[1, 24, 48], [24, 10, 1], [1, 5, 5], [30, 30, 30], [1, 2], 5, 0.001, 1, False, False 1.470959719774072 25.887637149424616 3.095163876525437 0.15701821303817512 3.798040476635126 0.7653648468890267 
[1, 24, 48], [24, 10, 1], [1, 10, 10], [20, 20, 20], [0, 1, 2], 10, 0.001, 1, False, False 1.1385582696094558 19.716765324277542 1.796575457679192 0.057299724184973734 1.012917218717303 0.13703903539038384 
[1, 24, 48], [24, 15, 1], [1, 5, 5], [10, 10, 10], [0, 1, 2], 10, 0.001, 1, False, False 1.3369485979485844 23.59368432211549 2.5181122114443557 0.004968096349025893 0.5199445731671875 0.07101416533736814 
[1, 24, 48], [24, 15, 1], [1, 10, 10], [20, 20, 20], [0, 1, 2], 1, 0.001, 1, False, False 1.9422012622571652 36.20061508003655 5.655716282873737 0.022090710884822957 0.10797984602918287 0.07314665605474957 
[1, 24, 48], [24, 1, 1], [1, 5, 5], [40, 40, 40], [1, 2], 20, 0.001, 1, False, False 1.130682139367693 18.888999063422478 1.80542853827034 0.019721706148659746 0.5787830228649735 0.058343681134977655 
[1, 24, 48], [24, 10, 1], [1, 10, 10], [10, 10, 10], [0, 1, 2], 5, 0.001, 1, False, False 1.2803723345959075 23.03577584644914 2.246168552211071 0.055354205210700426 0.8415913954721205 0.1500800741461837 
[1, 24, 48], [24, 5, 1], [1, 20, 20], [40, 40, 40], [1, 2], 1, 0.001, 1, False, False 1.9411902979982119 34.94744877430551 5.402256899484111 0.011367381459757683 0.22065421583120218 0.01911543994359328 
[1, 24, 48], [24, 15, 1], [1, 5, 5], [20, 20, 20], [0, 1, 2], 10, 0.001, 1, False, False 1.3563579523728955 24.126506601489996 2.6635485964159495 0.15744372657416839 2.916883297746637 0.5921666573377308 
[1, 24, 48], [24, 5, 1], [1, 5, 5], [20, 20, 20], [0, 1, 2], 1, 0.001, 1, False, False 1.9164077645788586 35.12206849332634 5.393312695118975 0.054772888375833585 1.3006138809901422 0.3529438571103495 
[1, 24, 48], [24, 15, 1], [1, 5, 5], [20, 20, 20], [0, 1, 2], 20, 0.001, 1, False, False 1.175174297778695 20.456561459869516 1.929195468338185 0.07439925280808968 0.49417017470734814 0.2130673429547381 
[1, 24, 48], [24, 10, 1], [1, 5, 5], [10, 10, 10], [0, 1, 2], 20, 0.001, 1, False, False 1.1121361092491837 18.534017180096907 1.6838577421272893 0.05248809626257389 1.3020495843696787 0.1983276889331239 
[1, 24, 48], [24, 15, 5], [1, 10, 10], [20, 20, 20], [0, 1, 2], 20, 0.001, 1, False, False 1.2048805715102289 19.826710532972612 2.0080613427415193 0.03506804820964702 0.6579985694050037 0.14654746671127936 
[1, 24, 48], [24, 15, 1], [1, 5, 5], [30, 30, 30], [1, 2], 20, 0.001, 1, False, False 1.1719932126916117 19.482598204992755 1.9011474692383041 0.039741040513013845 0.6747817365606331 0.1799925009294619 
[1, 24, 48], [24, 5, 1], [1, 10, 10], [20, 20, 20], [0, 1, 2], 20, 0.001, 1, False, False 1.177925656128813 19.2392789589519 1.9014958069181562 0.03302707893992473 0.5618903285878349 0.03601308915478207 
[1, 24, 48], [24, 10, 1], [1, 20, 20], [30, 30, 30], [1, 2], 20, 0.001, 1, False, False 1.2263251421628176 18.827459975973692 2.0364303424719776 0.005572348523425255 0.2390098263225733 0.04076654908101256 
[1, 24, 48], [24, 15, 1], [1, 10, 10], [10, 10, 10], [0, 1, 2], 1, 0.001, 1, False, False 1.9213113457654358 36.03393067337002 5.5956471004675725 0.052916305246813074 0.8335029158955523 0.29871221963062305 
[1, 24, 48], [24, 10, 1], [1, 5, 5], [40, 40, 40], [1, 2], 10, 0.001, 1, False, False 1.2800083566870952 22.690442843782296 2.3598360506178455 0.18623871008602544 3.876291753749651 0.7110530715054676 
[1, 24, 48], [24, 1, 1], [1, 20, 20], [30, 30, 30], [1, 2], 1, 0.001, 1, False, False 1.9528195705678726 36.44337023420215 5.717855557548841 0.009020918096210546 0.09768509723928856 0.06066092238520109 
[1, 24, 48], [24, 5, 1], [1, 10, 10], [10, 10, 10], [0, 1, 2], 20, 0.001, 1, False, False 1.2266900900958315 19.991045480423328 2.0158246081290097 0.05365452821848158 0.22902002548482994 0.08125013540284842 
[1, 24, 48], [24, 15, 15], [1, 5, 5], [30, 30, 30], [1, 2], 5, 0.001, 1, False, False 1.5521915821841468 27.66446159175644 3.406618157756805 0.19818238381201228 4.056407686017718 0.9155765059683969 
[1, 24, 48], [24, 1, 1], [1, 5, 5], [30, 30, 30], [1, 2], 20, 0.001, 1, False, False 1.1899762752155467 20.1021574879527 1.9859178455278146 0.04294017125685724 0.5656969368579716 0.1401645270447725 
[1, 24, 48], [24, 10, 1], [1, 20, 20], [40, 40, 40], [1, 2], 20, 0.001, 1, False, False 1.2616602430603021 19.164284979880325 2.088298890970361 0.03473093992220749 0.5717020367871749 0.13974369889894364 
[1, 24, 48], [24, 15, 5], [1, 10, 10], [10, 10, 10], [0, 1, 2], 20, 0.001, 1, False, False 1.2337045848093655 19.001759132933724 2.0246260877814253 0.10033868403041514 0.9004533021638199 0.31474322995863757 
[1, 24, 48], [24, 15, 1], [1, 5, 5], [40, 40, 40], [1, 2], 1, 0.001, 1, False, False 1.9616604151687136 35.40913224273026 5.623636342507299 0.043201322110112204 1.0684599375636439 0.16300540534311914 
[1, 24, 48], [24, 15, 1], [1, 20, 20], [40, 40, 40], [1, 2], 5, 0.001, 1, False, False 1.2133243063188814 20.941191449348224 1.895605713314511 0.07178914290034008 1.499296222509608 0.25120452055601344 
[1, 24, 48], [24, 10, 1], [1, 20, 20], [40, 40, 40], [1, 2], 1, 0.001, 1, False, False 1.9065876101316126 34.200142100857754 5.160474167668382 0.037567608531065354 0.667928678571036 0.20480276247329687 
[1, 24, 48], [24, 15, 1], [1, 10, 10], [10, 10, 10], [0, 1, 2], 1, 0.001, 1, False, False 1.835952541756409 34.33552460234721 4.929385158009751 0.06517459472382395 1.4072003166153324 0.45151979345956 
[1, 24, 48], [24, 10, 1], [1, 5, 5], [20, 20, 20], [0, 1, 2], 1, 0.001, 1, False, False 1.9786498790537868 36.09510033748405 5.744220648406845 0.03602998979857091 0.5874600730755403 0.20093915655179576 
[1, 24, 48], [24, 1, 1], [1, 5, 5], [40, 40, 40], [1, 2], 1, 0.001, 1, False, False 1.9929002758667425 36.658316892346 5.90786967395755 0.019374426229258432 0.12590708955493501 0.10654631049369045 
[1, 24, 48], [24, 15, 10], [1, 5, 5], [30, 30, 30], [1, 2], 1, 0.001, 1, False, False 2.010664426976884 36.5480194618099 5.896185183678413 0.014874392897694934 0.18785862772502096 0.13240318797036368 
[1, 24, 48], [24, 15, 5], [1, 5, 5], [10, 10, 10], [0, 1, 2], 1, 0.001, 1, False, False 1.9317982190599048 36.23124801290058 5.651617904102349 0.01213988577872728 0.5805491012540245 0.1171879907600006 
[1, 24, 48], [24, 5, 1], [1, 5, 5], [10, 10, 10], [0, 1, 2], 1, 0.001, 1, False, False 1.9186164507711376 36.19967581546254 5.612719695422441 0.048029773087349265 0.9248718859494965 0.23505732014790498 
[1, 24, 48], [24, 15, 15], [1, 10, 10], [10, 10, 10], [0, 1, 2], 20, 0.001, 1, False, False 1.105128874167524 18.54016470874185 1.6384946064619477 0.04824693850002226 0.9375349962876807 0.15472718277240924 
[1, 24, 48], [24, 15, 10], [1, 20, 20], [30, 30, 30], [1, 2], 10, 0.001, 1, False, False 1.1671865450287309 19.236117414069046 1.829163684226753 0.07634465713223187 0.9082011671170254 0.20350493217539967 
[1, 24, 48], [24, 15, 5], [1, 10, 10], [20, 20, 20], [0, 1, 2], 1, 0.001, 1, False, False 2.001606720534187 36.14840426280724 5.805277468589003 0.020421427795062126 0.23151314554682995 0.01743808454780711 
[1, 24, 48], [24, 15, 15], [1, 5, 5], [20, 20, 20], [0, 1, 2], 5, 0.001, 1, False, False 1.5372929633146635 27.45306382336415 3.5048790668135754 0.16356233181741064 2.6472390014730904 0.6749300765526141 
[1, 24, 48], [24, 15, 10], [1, 5, 5], [40, 40, 40], [1, 2], 5, 0.001, 1, False, False 1.5172883157928787 27.200647718902772 3.3563520798547155 0.18780030774692313 4.0810087564358275 0.8847715993482727 
[1, 24, 48], [24, 5, 1], [1, 20, 20], [40, 40, 40], [1, 2], 5, 0.001, 1, False, False 1.2981346015370006 22.636289020471168 2.2808593353805233 0.11864987449095707 2.212781214703879 0.4031042971686549 
[1, 24, 48], [24, 15, 5], [1, 20, 20], [30, 30, 30], [1, 2], 20, 0.001, 1, False, False 1.2344000916514133 18.81004425637664 2.0610927334713653 0.056811492640111656 0.5992925146545814 0.23892348206973452 
[1, 24, 48], [24, 1, 1], [1, 20, 20], [30, 30, 30], [1, 2], 5, 0.001, 1, False, False 1.1845604917931336 20.84587053073756 1.8505304714563275 0.02036264187444461 0.5963893332854033 0.04639725188227726 
[1, 24, 48], [24, 15, 1], [1, 5, 5], [40, 40, 40], [1, 2], 20, 0.001, 1, False, False 1.1406534854322674 19.596011050990068 1.8037579457197148 0.031983983230280504 0.851128156985927 0.12072711703977673 
[1, 24, 48], [24, 5, 1], [1, 5, 5], [30, 30, 30], [1, 2], 20, 0.001, 1, False, False 1.1773886527659165 20.050928257462967 1.8942974645826591 0.09917430081141014 1.23722745476951 0.29059139337888773 
[1, 24, 48], [24, 15, 10], [1, 20, 20], [40, 40, 40], [1, 2], 20, 0.001, 1, False, False 1.1974039280718125 18.877379257094134 1.9282943920304787 0.027973159478377488 0.12543318171416443 0.05425477609215522 
[1, 24, 48], [24, 15, 5], [1, 20, 20], [40, 40, 40], [1, 2], 1, 0.001, 1, False, False 1.9226308240520733 34.10943777444068 5.261510740873509 0.03444886049505657 0.4257671696321067 0.15760794898049876 
[1, 24, 48], [24, 15, 15], [1, 20, 20], [40, 40, 40], [1, 2], 20, 0.001, 1, False, False 1.2764552675049614 19.357239622199664 2.105753999210678 0.06433546267566968 0.5883012385079217 0.2967438087453679 
[1, 24, 48], [24, 15, 1], [1, 5, 5], [40, 40, 40], [1, 2], 5, 0.001, 1, False, False 1.7578411830520186 31.307028715407824 4.513337186777149 0.14088390752957777 2.257769331974756 0.6956117960752481 
[1, 24, 48], [24, 15, 1], [1, 5, 5], [30, 30, 30], [1, 2], 1, 0.001, 1, False, False 1.9731541933974732 36.429710584156304 5.809108533353489 0.0162909868898586 0.4039709276573087 0.08694809485534878 
[1, 24, 48], [24, 15, 1], [1, 20, 20], [30, 30, 30], [1, 2], 1, 0.001, 1, False, False 1.9136637320810994 34.10691299045029 5.178252951811442 0.0404350790986275 1.0596320629350646 0.272641684077362 
[1, 24, 48], [24, 15, 1], [1, 10, 10], [20, 20, 20], [0, 1, 2], 5, 0.001, 1, False, False 1.4506137121399796 25.523243351861524 2.89173397840387 0.14836022464073764 2.837039365770649 0.5475362366730491 
[1, 24, 48], [24, 1, 1], [1, 20, 20], [40, 40, 40], [1, 2], 10, 0.001, 1, False, False 1.2288257604326915 19.96036686358846 2.041699427629977 0.08625024080454967 1.3429840590168942 0.26935279877380836 
[1, 24, 48], [24, 5, 1], [1, 5, 5], [20, 20, 20], [0, 1, 2], 5, 0.001, 1, False, False 1.7532203847887338 31.385036929311422 4.374693352917768 0.053617051979834476 1.129884189100604 0.3402692705601943 
[1, 24, 48], [24, 15, 10], [1, 5, 5], [30, 30, 30], [1, 2], 5, 0.001, 1, False, False 1.4293752307003293 25.24549429182102 2.954492723241099 0.15366152352398338 2.779662025553217 0.6568140582593082 
[1, 24, 48], [24, 15, 1], [1, 10, 10], [10, 10, 10], [0, 1, 2], 5, 0.001, 1, False, False 1.4089760747220783 24.980906945375768 2.806795662034047 0.047701930346816426 0.628331917903583 0.09327654763447195 
[1, 24, 48], [24, 10, 1], [1, 5, 5], [30, 30, 30], [1, 2], 10, 0.001, 1, False, False 1.3668487162777672 23.824704218139136 2.6808497404535827 0.12927911633751854 3.2172363298009783 0.5909272453556684 
[1, 24, 48], [24, 15, 5], [1, 5, 5], [10, 10, 10], [0, 1, 2], 5, 0.001, 1, False, False 1.5763881401055386 28.75076351790058 3.614863160372934 0.10268841531251624 1.802149088931558 0.4588371426978789 
[1, 24, 48], [24, 15, 15], [1, 20, 20], [30, 30, 30], [1, 2], 20, 0.001, 1, False, False 1.1174031949222643 17.62752516492218 1.6885813264386471 0.08690048834479651 0.941725682609394 0.1994370559791597 
[1, 24, 48], [24, 15, 5], [1, 5, 5], [40, 40, 40], [1, 2], 20, 0.001, 1, False, False 1.1652970445031923 19.395166154020927 1.8903399024187924 0.06740975314222797 0.7786509457626246 0.21201543914831295 
[1, 24, 48], [24, 15, 1], [1, 10, 10], [20, 20, 20], [0, 1, 2], 10, 0.001, 1, False, False 1.1782304694048233 20.9702926443359 1.95661057876492 0.06452282442131987 1.2235722063005883 0.19035886508459732 
[1, 24, 48], [24, 15, 1], [1, 5, 5], [10, 10, 10], [0, 1, 2], 10, 0.001, 1, False, False 1.2674994907652337 23.102136978813203 2.319673839317782 0.0964792933453282 1.5541313032917197 0.331693106717614 
[1, 24, 48], [24, 15, 5], [1, 20, 20], [40, 40, 40], [1, 2], 5, 0.001, 1, False, False 1.2565715951845051 21.586821389094307 2.066917260215998 0.054474982394884124 1.1211932893769492 0.25530894310710345 
[1, 24, 48], [24, 15, 15], [1, 5, 5], [30, 30, 30], [1, 2], 10, 0.001, 1, False, False 1.184261603770709 20.383542294857932 1.89797026573423 0.07706205839981622 1.3252487986997337 0.2516967707393556 
[1, 24, 48], [24, 10, 1], [1, 10, 10], [10, 10, 10], [0, 1, 2], 10, 0.001, 1, False, False 1.1392005891228714 19.93073239656604 1.8300350585071008 0.07452602101509602 1.3785600371345421 0.24333727986090214 
[1, 24, 48], [24, 15, 5], [1, 20, 20], [30, 30, 30], [1, 2], 1, 0.001, 1, False, False 1.9510723773666 34.87232314756148 5.402718400518073 0.07886624559103023 1.5720611409518412 0.563430185177323 
[1, 24, 48], [24, 15, 15], [1, 20, 20], [40, 40, 40], [1, 2], 1, 0.001, 1, False, False 1.9098392294788802 34.00189170641111 5.2544730882000605 0.0825958887921259 1.2923586059070309 0.5560727806258486 
[1, 24, 48], [24, 15, 1], [1, 20, 20], [40, 40, 40], [1, 2], 10, 0.001, 1, False, False 1.1984124290515432 20.032104427496378 1.9488861257092862 0.0222933507672902 0.6543232073437398 0.07376270143973349 
[1, 24, 48], [24, 15, 15], [1, 5, 5], [40, 40, 40], [1, 2], 20, 0.001, 1, False, False 1.2476349092537056 21.098708402557595 2.1355505238224395 0.03147105649825695 1.0605483496278498 0.16523223278242188 
[1, 24, 48], [24, 15, 1], [1, 20, 20], [30, 30, 30], [1, 2], 5, 0.001, 1, False, False 1.178608706124403 20.13675304296139 1.8431988855511212 0.0687059084224086 1.349507100176729 0.27427175874490656 
[1, 24, 48], [24, 15, 10], [1, 5, 5], [40, 40, 40], [1, 2], 10, 0.001, 1, False, False 1.1641592769090228 20.240172049175527 1.88912588271843 0.1438732198321241 2.5706935886453257 0.4457348834952498 
[1, 24, 48], [24, 15, 5], [1, 5, 5], [30, 30, 30], [1, 2], 20, 0.001, 1, False, False 1.1166663004706308 18.858299393433004 1.7341137288081772 0.046321460919532965 0.7652953583295679 0.11872173373952001 
[1, 24, 48], [24, 15, 15], [1, 20, 20], [30, 30, 30], [1, 2], 1, 0.001, 1, False, False 1.8822150972568323 34.10808176106334 5.096364277786364 0.05254061931027925 1.088168175830589 0.3009259619338068 
[1, 24, 48], [24, 15, 5], [1, 5, 5], [40, 40, 40], [1, 2], 1, 0.001, 1, False, False 1.985418477143954 35.969496394473424 5.755271034057884 0.02217596305031248 0.2871854584758946 0.08900445325036792 
[1, 24, 48], [24, 15, 15], [1, 20, 20], [40, 40, 40], [1, 2], 5, 0.001, 1, False, False 1.357980976936718 23.698849237501417 2.36242239407651 0.06710278213597022 1.632778777343758 0.35808158800723594 
[1, 24, 48], [24, 15, 5], [1, 20, 20], [30, 30, 30], [1, 2], 5, 0.001, 1, False, False 1.1651183173543327 20.098214479119772 1.8368161325891779 0.08708504538746721 1.7445944845771058 0.2694289965953856 
[1, 24, 48], [24, 10, 1], [1, 5, 5], [40, 40, 40], [1, 2], 20, 0.001, 1, False, False 1.2421932879766384 20.002917147554815 2.115881445251734 0.08426272812491341 1.1613554875404413 0.23439001799070674 
[1, 24, 48], [24, 15, 5], [1, 20, 20], [40, 40, 40], [1, 2], 10, 0.001, 1, False, False 1.1293316549311083 18.559642800869117 1.7039962147933434 0.00796119823254302 0.34706285067080456 0.037892381027711745 
[1, 24, 48], [24, 15, 10], [1, 20, 20], [30, 30, 30], [1, 2], 20, 0.001, 1, False, False 1.3017391218493386 19.560466882623803 2.1950358247003976 0.057635474120725255 0.5512496372197624 0.2283512340503316 
[1, 24, 48], [24, 15, 1], [1, 20, 20], [30, 30, 30], [1, 2], 10, 0.001, 1, False, False 1.145426226186532 18.667711617934714 1.787016525504578 0.044861816359231914 0.5387419633362861 0.1216317336977452 
[1, 24, 48], [24, 10, 1], [1, 10, 10], [20, 20, 20], [0, 1, 2], 20, 0.001, 1, False, False 1.1694971617794152 19.309568152595734 1.8765655681885847 0.11663116504945573 1.800987281048901 0.3685669489163883 
[1, 24, 48], [24, 15, 1], [1, 5, 5], [10, 10, 10], [0, 1, 2], 20, 0.001, 1, False, False 1.11446478575882 19.027053296862743 1.7610056984621114 0.16281575246296273 3.1615023223306555 0.526173687252975 
[1, 24, 48], [24, 15, 1], [1, 5, 5], [20, 20, 20], [0, 1, 2], 20, 0.001, 1, False, False 1.1807993063289257 20.16462424093503 1.9343640282944394 0.0052784382356842645 0.185602823443019 0.09098598666644206 
[1, 24, 48], [24, 15, 15], [1, 5, 5], [30, 30, 30], [1, 2], 20, 0.001, 1, False, False 1.2735242930758333 20.545736758843745 2.169299742074232 0.047836915148023414 0.40140178172231844 0.08802645519576809 
[1, 24, 48], [24, 15, 1], [1, 20, 20], [40, 40, 40], [1, 2], 20, 0.001, 1, False, False 1.2172200161480795 19.08174743137707 1.9695923338370944 0.041048581030971865 0.4005152096101417 0.16567278831410653 
