lags time_steps dense_nodes lstm_nodes processed scales                        epochs l2 learning_rate mean_mae mean_mape mean_mse                         std mae std_mape std_mse 
[1, 24], [24, 5], [1, 10], [20, 20], [0, 1], 1, 0.001, 1, False, True 5.073946217588296 80.25180753168819 38.44403165723558 0.47347056576092494 4.991401659104899 8.243970270388266 
[1, 24], [24, 5], [1, 10], [30, 30], [0, 1], 1, 0.001, 1, False, True 4.054898682213389 65.20305583850283 24.838772729310033 0.42429743566692096 2.888139904027226 5.504669906425318 
[1, 24], [24, 5], [1, 5], [20, 20], [0, 1], 1, 0.001, 1, False, True 4.847216287531882 83.95702282703435 33.95867118853416 0.3011711948065787 7.6017320884748 4.5509144611411045 
[1, 24], [24, 5], [1, 5], [30, 30], [0, 1], 1, 0.001, 1, False, True 5.645991313083236 101.1047249633466 44.98288302466395 1.1446543323264415 17.45946382789608 17.426741092783754 
[1, 24], [24, 10], [1, 5], [20, 20], [0, 1], 1, 0.001, 1, False, True 4.538831477363473 72.92576490396047 31.570095297720325 0.42697044415557167 6.347190461419568 5.349315072919249 
[1, 24], [24, 10], [1, 5], [30, 30], [0, 1], 1, 0.001, 1, False, True 5.324807247041329 89.01735176809547 42.72784089488937 0.7188032508564778 21.049550326314073 9.773180094291117 
[1, 24], [24, 10], [1, 10], [20, 20], [0, 1], 1, 0.001, 1, False, True 5.002257829078439 78.3082340353795 40.60610318524215 1.6337824402401224 23.76588984981884 24.49305849073394 
[1, 24], [24, 15], [1, 5], [30, 30], [0, 1], 1, 0.001, 1, False, True 4.376060718043569 88.63581898330163 28.346275576061874 0.3637307213018235 16.837662600634914 4.797417502872256 
[1, 24], [24, 15], [1, 10], [30, 30], [0, 1], 1, 0.001, 1, False, True 4.461770132888987 69.79504209567455 30.583872382947458 0.35779968493019854 2.2293501848890163 5.202911115898051 
[1, 24], [24, 15], [1, 10], [20, 20], [0, 1], 1, 0.001, 1, False, True 4.5521051582457766 72.28873032328885 30.742563826798683 0.4873975067866245 6.854283169370005 5.8993848130854785 
[1, 24], [24, 15], [1, 5], [20, 20], [0, 1], 1, 0.001, 1, False, True 5.255652774185486 95.79685570407518 38.699434038041574 0.3611702470629189 8.518848636967473 4.1818634765204985 
[1, 24], [24, 20], [1, 5], [30, 30], [0, 1], 1, 0.001, 1, False, True 5.511802688498412 96.62162140099021 42.57478582532752 0.33489711480579887 5.442430014071322 7.4166104159639055 
[1, 24], [24, 20], [1, 5], [20, 20], [0, 1], 1, 0.001, 1, False, True 4.32730639799912 74.28292688782602 28.28718688738475 0.5175519318196764 11.280370001621243 5.5812375357577 
[1, 24], [24, 10], [1, 10], [30, 30], [0, 1], 1, 0.001, 1, False, True 4.588095353180716 68.76650906800172 33.33064022173937 0.5823314077131874 4.321521472842061 9.337919943487984 
[1, 24], [24, 20], [1, 10], [20, 20], [0, 1], 1, 0.001, 1, False, True 4.926403443420228 79.92577737281692 35.961548132568474 0.35406347836456664 6.7708239726227415 5.814761974485572 
[1, 24], [24, 20], [1, 10], [30, 30], [0, 1], 1, 0.001, 1, False, True 5.20888592432322 77.26984928043235 41.26522446738722 0.11897228173898866 3.6710130937476952 0.8675350185267696 
[1, 24], [24, 5], [1, 5], [20, 20], [1], 1, 0.001, 1, False, True 4.7944480346550264 78.8637914560075 33.98247031681133 0.5007068343464273 6.400675542302279 6.519451597994391 
[1, 24], [24, 5], [1, 10], [30, 30], [1], 1, 0.001, 1, False, True 4.5884101307071345 82.62048281140915 29.11198274461907 0.3380847481776589 3.3797824073677885 4.7452174411056935 
[1, 24], [24, 10], [1, 10], [20, 20], [1], 1, 0.001, 1, False, True 5.110968644215717 83.75364986542948 37.2660115392546 0.6669678264862268 12.787781275254051 7.312270587169581 
[1, 24], [24, 15], [1, 5], [30, 30], [1], 1, 0.001, 1, False, True 4.044495570808821 69.32342769876703 23.65400797079742 0.42065741169357473 3.915796503614748 5.149836303863534 
[1, 24], [24, 20], [1, 5], [20, 20], [1], 1, 0.001, 1, False, True 4.983167740369768 86.6705090288833 35.86583651981395 0.7381049218365805 8.91750664548191 11.441531347310997 
[1, 24], [24, 20], [1, 10], [30, 30], [1], 1, 0.001, 1, False, True 4.8984096820440355 81.03929919582781 35.491581846577674 0.8375080848349796 12.953472910157917 11.898381325451235 
[1, 24], [24, 5], [1, 5], [30, 30], [1], 1, 0.001, 1, False, True 4.778357292908562 80.55797122665827 32.859953221292976 0.4292387267632354 6.500723689174882 6.083755229085475 
[1, 24], [24, 10], [1, 10], [30, 30], [1], 1, 0.001, 1, False, True 5.978178681751403 95.45454150333957 53.24520924764507 0.8910419625535341 10.384783478471816 16.269286346181712 
[1, 24], [24, 10], [1, 5], [20, 20], [1], 1, 0.001, 1, False, True 5.207005846680841 91.02663375972561 37.058013115216546 0.5918562243878894 8.222323004515156 9.237353204200911 
[1, 24, 48], [24, 5, 5], [1, 10, 10], [20, 20, 20], [1, 2], 1, 0.001, 1, False, True 3.680496571230254 79.34524025105996 18.717571058842683 0.570148202855285 11.16831544676713 4.677698098535626 
[1, 24], [24, 15], [1, 10], [20, 20], [1], 1, 0.001, 1, False, True 4.809617550541751 80.87073856794534 32.27524620583382 0.6101681492728278 9.23303643111932 8.334767618669868 
[1, 24], [24, 20], [1, 5], [30, 30], [1], 1, 0.001, 1, False, True 5.276529273231669 83.2206554658017 41.29210580943285 0.5791222709793152 7.733055647935176 9.225925218876114 
[1, 24, 48], [24, 5, 5], [1, 20, 20], [30, 30, 30], [1, 2], 1, 0.001, 1, False, True 4.342604968753531 88.56908713269394 26.381557007154907 1.1671585121290071 19.126570812795176 12.161945436465393 
[1, 24, 48], [24, 10, 5], [1, 20, 20], [20, 20, 20], [1, 2], 1, 0.001, 1, False, True 3.6779686348849077 71.67752139257153 22.15500607129428 1.4567037431137635 17.43283950053204 14.584350829260925 
[1, 24, 48], [24, 15, 5], [1, 10, 10], [30, 30, 30], [1, 2], 1, 0.001, 1, False, True 6.395696836630642 125.31457233736978 58.23622725098224 1.8042391388466756 17.57837075174584 26.73906770484846 
[1, 24, 48], [24, 20, 20], [1, 10, 10], [20, 20, 20], [0, 1, 2], 1, 0.001, 1, False, True 3.2525613343940307 67.69169179150522 17.186714378076605 1.3182380959180826 15.545965734772219 11.188216646756059 
[1, 24], [24, 5], [1, 10], [20, 20], [1], 1, 0.001, 1, False, True 4.690570308575924 79.42588981488059 30.9137891547375 0.1492733330114294 2.077198629724805 2.414144190343307 
[1, 24, 48], [24, 20, 20], [1, 20, 20], [30, 30, 30], [0, 1, 2], 1, 0.001, 1, False, True 5.3538762887603495 110.68848373280501 52.645191984621114 3.1207984401511863 45.21687503705873 47.21173186528026 
[1, 24, 48], [24, 20, 15], [1, 10, 10], [30, 30, 30], [0, 1, 2], 1, 0.001, 1, False, True 3.6065682045666976 76.16334028138603 19.37662801372214 0.7899528369492216 10.93204525260529 8.64729414813527 
[1, 24, 48], [24, 20, 10], [1, 20, 20], [20, 20, 20], [0, 1, 2], 1, 0.001, 1, False, True 3.61885566060233 82.92438056284546 20.767998242263793 1.1186421571395802 8.93141133280262 10.491523456634175 
[1, 24, 48], [24, 5, 5], [1, 10, 10], [20, 20, 20], [0, 1, 2], 1, 0.001, 1, False, True 5.760313284443691 103.14703404688385 66.75476796836026 4.196609879192084 59.361305770608354 79.65859767278612 
[1, 24], [24, 10], [1, 5], [30, 30], [1], 1, 0.001, 1, False, True 5.132570831682016 84.4330146105468 38.001972185725215 0.8417183586694127 16.24152256533281 10.898595153515418 
[1, 24], [24, 15], [1, 5], [20, 20], [1], 1, 0.001, 1, False, True 4.842818677578989 87.05290534728123 31.86981734798609 0.3299738424105408 5.612506047008299 4.232949394074773 
[1, 24, 48], [24, 20, 5], [1, 20, 20], [30, 30, 30], [0, 1, 2], 1, 0.001, 1, False, True 4.251174292944509 76.87894175249359 33.965944113478045 2.0521825318298457 15.604127075848833 31.65700506021718 
[1, 24], [24, 15], [1, 10], [30, 30], [1], 1, 0.001, 1, False, True 4.917640697036404 84.02181578625289 35.137092159317966 1.1750853058276 17.047122479812042 16.018452646157204 
[1, 24, 48], [24, 20, 5], [1, 10, 10], [20, 20, 20], [0, 1, 2], 1, 0.001, 1, False, True 2.412284722172276 56.93535753471176 9.267486488553063 0.22588371684376635 3.494709510847557 1.0396923182674769 
[1, 24], [24, 20], [1, 10], [20, 20], [1], 1, 0.001, 1, False, True 5.151630006488671 83.91041956978563 37.5537084168565 0.3588568825852166 8.501191980987297 3.5318956397575927 
[1, 24, 48], [24, 5, 5], [1, 20, 20], [30, 30, 30], [0, 1, 2], 1, 0.001, 1, False, True 4.670921639014139 71.52747045706482 37.36059318172986 1.353836379087989 10.660167600471858 25.25769837107015 
[1, 24, 48], [24, 10, 5], [1, 20, 20], [20, 20, 20], [0, 1, 2], 1, 0.001, 1, False, True 3.855117768840433 73.7655361035218 25.28396113180844 1.380679651749951 11.700671994505859 17.6862332861818 
[1, 24, 48], [24, 15, 5], [1, 10, 10], [30, 30, 30], [0, 1, 2], 1, 0.001, 1, False, True 5.312143145130164 90.86733706453448 40.60979708364909 1.2034738194235082 14.251287019243241 16.47645893846981 
[1, 24, 48], [24, 5, 5], [1, 10, 10], [30, 30, 30], [1, 2], 1, 0.001, 1, False, True 2.9395210157131295 70.59524737901042 13.51826381582593 0.1864032236152128 2.2355810461428356 1.5505345541330433 
[1, 24, 48], [24, 10, 5], [1, 10, 10], [20, 20, 20], [1, 2], 1, 0.001, 1, False, True 4.039269876858668 70.19335871292141 25.365438402445772 0.6219369109775842 5.203624168046401 10.400164611275482 
[1, 24, 48], [24, 15, 5], [1, 20, 20], [20, 20, 20], [1, 2], 1, 0.001, 1, False, True 5.27557533335941 92.75101814151206 41.411317849678674 1.6288289031115766 22.37326738598334 25.369148477943924 
[1, 24, 48], [24, 10, 5], [1, 20, 20], [30, 30, 30], [1, 2], 1, 0.001, 1, False, True 3.3353122858856636 74.98528387767264 17.881330949881555 0.8914813725661255 16.01210577710647 7.333929321617206 
[1, 24, 48], [24, 20, 15], [1, 10, 10], [30, 30, 30], [1, 2], 1, 0.001, 1, False, True 4.454021855261764 94.2288033464158 27.13843487673991 0.27368873751093553 13.497777209284884 3.094367313575327 
[1, 24, 48], [24, 20, 5], [1, 10, 10], [20, 20, 20], [1, 2], 1, 0.001, 1, False, True 5.728052759282636 99.22018419063905 55.74125553020864 2.130010626053467 18.093668993000215 43.36672760021018 
[1, 24, 48], [24, 20, 10], [1, 20, 20], [20, 20, 20], [1, 2], 1, 0.001, 1, False, True 4.2354638405040745 76.45218115303665 28.59765523829964 1.4990119481386641 21.26244602114068 17.983782558706398 
[1, 24, 48], [24, 20, 5], [1, 20, 20], [30, 30, 30], [1, 2], 1, 0.001, 1, False, True 3.431469841239353 80.31481285031253 17.828296956144317 0.7995367243347453 15.81531080153357 8.51535232897819 
[1, 24, 48], [24, 20, 20], [1, 10, 10], [30, 30, 30], [0, 1, 2], 1, 0.001, 1, False, True 4.348858788801375 94.33368554796071 27.45914767028729 0.10717200018376598 25.80613248044421 5.513197661473392 
[1, 24, 48], [24, 20, 15], [1, 20, 20], [20, 20, 20], [0, 1, 2], 1, 0.001, 1, False, True 3.914190994588555 79.42184038748196 23.577536344429195 0.5797215773120677 16.64894336054446 6.3291363063739325 
[1, 24, 48], [24, 5, 5], [1, 10, 10], [20, 20, 20], [2], 1, 0.001, 1, False, True 3.403631071974006 68.00831667123443 16.49699086451254 0.319303538109953 14.61750557103316 2.0689522112971 
[1, 24, 48], [24, 5, 5], [1, 20, 20], [30, 30, 30], [2], 1, 0.001, 1, False, True 3.2756460399944682 67.41198589674043 16.884907979462007 0.8588463487539326 14.84928651293742 6.575178044312239 
[1, 24, 48], [24, 20, 20], [1, 10, 10], [20, 20, 20], [2], 1, 0.001, 1, False, True 3.637917971401045 71.00997421874752 17.93702068382346 0.41930131289776706 5.264535896006683 4.3411348434125365 
[1, 24, 48], [24, 20, 15], [1, 10, 10], [30, 30, 30], [2], 1, 0.001, 1, False, True 3.3125514683054966 63.86939801970694 16.31354588478279 0.5502013479193579 11.617104087325343 4.397910016830437 
[1, 24, 48], [24, 20, 10], [1, 20, 20], [20, 20, 20], [2], 1, 0.001, 1, False, True 3.0025757823001453 59.61203540313502 13.294387736301777 0.2225293441215509 4.496236575995842 1.540579677558887 
[1, 24, 48], [24, 5, 5], [1, 10, 10], [30, 30, 30], [0, 1, 2], 1, 0.001, 1, False, True 7.194259091587177 132.98008609163952 78.10085789912999 2.4839458148414395 38.06815728946058 50.3029505152339 
[1, 24, 48], [24, 5, 5], [1, 20, 20], [20, 20, 20], [1, 2], 1, 0.001, 1, False, True 4.579175043239741 92.13749369180435 33.91767770018356 2.040327839916084 35.82741381130119 24.83594816901535 
[1, 24, 48], [24, 20, 10], [1, 20, 20], [30, 30, 30], [0, 1, 2], 1, 0.001, 1, False, True 7.7247021417366355 136.75910557060936 88.6203865265101 2.4249680691805646 19.711678157887828 55.459067221703044 
[1, 24, 48], [24, 10, 5], [1, 10, 10], [30, 30, 30], [1, 2], 1, 0.001, 1, False, True 4.210885228101096 75.04298162541886 34.04371342576821 2.366725862726366 29.30590958835802 34.03410951771693 
[1, 24, 48], [24, 20, 10], [1, 10, 10], [20, 20, 20], [0, 1, 2], 1, 0.001, 1, False, True 5.5462833126927125 94.4555103662234 56.71533402677744 2.5570504163685386 23.152166543322913 51.81085717676632 
[1, 24, 48], [24, 20, 15], [1, 20, 20], [20, 20, 20], [1, 2], 1, 0.001, 1, False, True 2.6738345649162376 59.296344282887866 11.05749792676279 0.43088621335909405 1.1115617874258092 3.4184720135567215 
[1, 24, 48], [24, 20, 5], [1, 10, 10], [30, 30, 30], [0, 1, 2], 1, 0.001, 1, False, True 6.947073050281378 114.38353110841622 104.57583081602628 4.409417688671768 64.02264823079537 115.65516865602041 
[1, 24, 48], [24, 20, 10], [1, 10, 10], [20, 20, 20], [1, 2], 1, 0.001, 1, False, True 4.9759097066259494 94.83596041271839 33.24839051189099 0.6178866801199122 15.336769987723681 6.844222970331336 
[1, 24, 48], [24, 15, 5], [1, 20, 20], [30, 30, 30], [1, 2], 1, 0.001, 1, False, True 5.009551533030053 100.16785757700508 38.3125874791312 1.5430998011898411 19.847645206506346 21.254813267950375 
[1, 24, 48], [24, 20, 10], [1, 20, 20], [30, 30, 30], [1, 2], 1, 0.001, 1, False, True 3.8900904792585163 85.60863892476038 21.504938844054795 1.1516102976537572 13.99048138081308 12.025754175202506 
[1, 24, 48], [24, 20, 5], [1, 10, 10], [30, 30, 30], [1, 2], 1, 0.001, 1, False, True 3.4001737618364003 70.88188726594217 19.10585519891337 1.3551123659540627 15.5425781809035 13.031611941577301 
[1, 24, 48], [24, 15, 5], [1, 10, 10], [20, 20, 20], [1, 2], 1, 0.001, 1, False, True 3.6237215191781242 66.59077696686596 21.134383194202304 1.0655785269399736 5.655092800758939 13.939908027788965 
[1, 24, 48], [24, 10, 5], [1, 10, 10], [20, 20, 20], [0, 1, 2], 1, 0.001, 1, False, True 5.251467971982978 96.88848906310851 39.03792656616255 1.0384637551821625 10.079798062471065 14.80155924215999 
[1, 24, 48], [24, 20, 20], [1, 10, 10], [20, 20, 20], [1, 2], 1, 0.001, 1, False, True 3.1888851689347235 61.278799585744004 14.613524914426804 0.33090787422916706 3.5061564554017774 3.6691556286956404 
[1, 24, 48], [24, 20, 20], [1, 20, 20], [30, 30, 30], [1, 2], 1, 0.001, 1, False, True 3.8234871328325455 85.57002895206512 20.49409204700639 0.6536908541860593 17.591991182623847 6.864006565434724 
[1, 24, 48], [24, 5, 5], [1, 10, 10], [30, 30, 30], [2], 1, 0.001, 1, False, True 3.3294073308404126 69.25129845506659 15.020215676781987 0.28874359149770096 5.474503908721973 2.986038036228924 
[1, 24, 48], [24, 20, 20], [1, 10, 10], [30, 30, 30], [2], 1, 0.001, 1, False, True 3.27459477039261 62.38002452895725 15.59559251871571 0.4593152374675654 9.662396687761197 3.431649542588952 
[1, 24, 48], [24, 20, 10], [1, 10, 10], [20, 20, 20], [2], 1, 0.001, 1, False, True 3.5572043847456514 66.15535813084335 17.965552372919163 0.3869505456141765 9.232041009129158 3.136763119247197 
[1, 24, 48], [24, 20, 15], [1, 20, 20], [20, 20, 20], [2], 1, 0.001, 1, False, True 2.7479910821326214 55.59046408764875 11.610200589670791 0.3052141413774871 2.049002816996071 1.9321735979906884 
[1, 24, 48], [24, 20, 10], [1, 20, 20], [30, 30, 30], [2], 1, 0.001, 1, False, True 3.7414384751205536 78.14846062533262 19.88920102291895 0.4525544561726789 6.755177467310841 4.023847027135934 
[1, 24, 48], [24, 20, 20], [1, 20, 20], [30, 30, 30], [2], 1, 0.001, 1, False, True 3.473325612135577 67.8224228683302 17.63111883538554 0.27089542522141086 1.2862595449471388 3.285631903829251 
[1, 24, 48], [24, 15, 5], [1, 20, 20], [20, 20, 20], [0, 1, 2], 1, 0.001, 1, False, True 2.93039152310661 67.48481034331223 13.19113965527832 0.8243093485989583 17.05190599980386 5.789986832944028 
[1, 24, 48], [24, 10, 5], [1, 20, 20], [30, 30, 30], [0, 1, 2], 1, 0.001, 1, False, True 4.868732172567657 78.79366109225735 34.72834566601666 0.3862093940280954 2.377449214509634 7.472536256278384 
[1, 24, 48], [24, 5, 5], [1, 20, 20], [20, 20, 20], [2], 1, 0.001, 1, False, True 3.22641165058163 57.167384843875084 15.942192418966137 0.3201308888299349 4.424799802520354 3.1457681160119035 
[1, 24, 48], [24, 20, 20], [1, 20, 20], [20, 20, 20], [0, 1, 2], 1, 0.001, 1, False, True 3.41092257808411 77.16121276489632 19.134847791921292 0.608163323214328 18.172604283096078 6.5705989894363315 
[1, 24, 48], [24, 20, 20], [1, 20, 20], [20, 20, 20], [2], 1, 0.001, 1, False, True 3.4388482495831947 66.06393930778962 17.610435216715107 0.5951860597804162 7.956008049477092 5.824333358761856 
[1, 24, 48], [24, 20, 10], [1, 10, 10], [30, 30, 30], [2], 1, 0.001, 1, False, True 3.9877223302351523 72.64600278475616 22.23803988903279 0.3682673663384328 6.873300143982512 3.1315581732444824 
[1, 24, 48], [24, 20, 15], [1, 20, 20], [30, 30, 30], [1, 2], 1, 0.001, 1, False, True 3.3314069399610164 68.18976070818802 15.139358924757511 0.2574082681688279 5.341026457615676 2.423561533441343 
[1, 24, 48], [24, 20, 15], [1, 10, 10], [20, 20, 20], [2], 1, 0.001, 1, False, True 4.4466718360971385 78.99863694392168 30.180130575730818 1.400507709589397 18.79053760701843 20.737534280871103 
[1, 24, 48], [24, 20, 15], [1, 20, 20], [30, 30, 30], [2], 1, 0.001, 1, False, True 3.04795526444429 64.52621083165697 13.718075430535876 0.19948317048428946 6.856556881822596 1.6117625182032411 
[1, 24, 48], [24, 20, 5], [1, 20, 20], [20, 20, 20], [1, 2], 1, 0.001, 1, False, True 3.0942652207299104 66.26559929932696 16.84472679626141 0.7606768005250796 3.6057499452375517 7.75695290977709 
[1, 24, 48], [24, 20, 15], [1, 10, 10], [20, 20, 20], [1, 2], 1, 0.001, 1, False, True 3.727479976124165 73.78686203660077 19.964807272184057 0.3803245254127923 12.481257863902286 3.3416833954591354 
[1, 24, 48], [24, 20, 15], [1, 20, 20], [30, 30, 30], [0, 1, 2], 1, 0.001, 1, False, True 2.9593469581497764 75.0931808546705 13.938139363604341 0.22547109920384653 11.203574022400103 3.5071965028605 
[1, 24, 48], [24, 20, 10], [1, 10, 10], [30, 30, 30], [1, 2], 1, 0.001, 1, False, True 3.903653452823939 77.13318204772195 20.571653596020656 0.11393229657702089 4.0610547054531985 0.8615148525188754 
[1, 24, 48], [24, 20, 20], [1, 10, 10], [30, 30, 30], [1, 2], 1, 0.001, 1, False, True 4.078817445598543 83.22435747092767 28.040599350621807 1.818102743506339 19.878756271820016 21.03322257573362 
[1, 24, 48], [24, 20, 15], [1, 10, 10], [20, 20, 20], [0, 1, 2], 1, 0.001, 1, False, True 3.159732170380583 65.22565674846847 14.115384428757723 0.3741392751049797 3.8808786335918635 3.5634945902505812 
[1, 24, 48], [24, 20, 10], [1, 10, 10], [30, 30, 30], [0, 1, 2], 1, 0.001, 1, False, True 7.953296258888547 131.9698689811543 106.19547468183623 3.433972193920505 44.470193563390964 67.53070530651097 
[1, 24, 48], [24, 5, 5], [1, 20, 20], [20, 20, 20], [0, 1, 2], 1, 0.001, 1, False, True 3.968697713453461 66.55328435277879 25.37348545174945 1.1670861557109766 8.278689861340114 15.782664016966057 
[1, 24, 48], [24, 20, 5], [1, 20, 20], [20, 20, 20], [0, 1, 2], 1, 0.001, 1, False, True 4.098539363544572 98.40035767446419 23.88582080853801 0.6708882080103075 8.80695144947298 8.188615113974283 
[1, 24, 48], [24, 10, 5], [1, 10, 10], [30, 30, 30], [0, 1, 2], 1, 0.001, 1, False, True 8.751130495790425 148.22902196116056 130.9472254534218 3.700279433234222 38.460932519290665 81.5699646001033 
[1, 24, 48], [24, 20, 20], [1, 20, 20], [20, 20, 20], [1, 2], 1, 0.001, 1, False, True 3.3568679817158866 62.88353053623603 17.12245185996437 0.6685635617173139 4.643766280276448 6.731284020435564 
[1, 24, 48], [24, 15, 5], [1, 10, 10], [20, 20, 20], [0, 1, 2], 1, 0.001, 1, False, True 4.966963484405575 94.02774487792726 33.55555012474061 0.9615881266603159 17.582038026605357 11.017387145581225 
[1, 24, 48], [24, 15, 5], [1, 20, 20], [30, 30, 30], [0, 1, 2], 1, 0.001, 1, False, True 6.740895919519029 115.82017446506688 76.08437255190394 3.3025449580760227 39.79774807832983 63.34375377373853 
