lags time_steps dense_nodes lstm_nodes processed scales                        epochs l2 learning_rate mean_mae mean_mape mean_mse                         std mae std_mape std_mse 
[1, 12, 24, 48], [24, 5, 5, 5], [1, 5, 5, 5], [5, 5, 5, 5], [0, 1, 2, 3], 1, 0.001, 512, False, True 3.532054068520665 90.27361915162815 19.748899629740613 2.1600838490021865 48.782045599553975 21.89692175216224 
[1, 12, 24, 48], [24, 5, 5, 5], [1, 5, 5, 5], [5, 5, 5, 5], [0, 1, 2, 3], 5, 0.001, 512, False, True 2.244476094022393 78.27113393829919 7.43699123749998 0.18099968576785047 5.877291184685926 1.047933760641536 
[1, 12, 24, 48], [24, 5, 5, 5], [1, 5, 5, 5], [10, 10, 10, 10], [0, 1, 2, 3], 1, 0.001, 512, False, True 2.03429054674589 63.868143574647306 6.080966015234349 0.3215902069879665 18.737749619856515 2.008981466256024 
[1, 12, 24, 48], [24, 5, 5, 5], [1, 5, 5, 5], [10, 10, 10, 10], [0, 1, 2, 3], 5, 0.001, 512, False, True 2.262584275280436 78.98321244347862 7.538983846065736 0.09775846429737052 3.1301017187917686 0.560987562317917 
[1, 12, 24, 48], [24, 5, 5, 5], [1, 10, 10, 10], [5, 5, 5, 5], [0, 1, 2, 3], 1, 0.001, 512, False, True 2.35924915926324 74.16792661849752 8.769403627204506 1.1522982454572086 37.13120970145322 7.932670146419593 
[1, 12, 24, 48], [24, 5, 5, 5], [1, 10, 10, 10], [5, 5, 5, 5], [0, 1, 2, 3], 5, 0.001, 512, False, True 1.9737822379723742 69.03240722126506 5.921580901865137 0.22980999389088733 8.032216424568743 1.2713177361604682 
[1, 12, 24, 48], [24, 5, 5, 5], [1, 10, 10, 10], [10, 10, 10, 10], [0, 1, 2, 3], 1, 0.001, 512, False, True 1.964556890386674 66.11159618153943 5.8318866134755165 0.36956474450828913 15.940840893381315 2.1194248412188763 
[1, 12, 24, 48], [24, 5, 5, 5], [1, 10, 10, 10], [10, 10, 10, 10], [0, 1, 2, 3], 5, 0.001, 512, False, True 2.252726866991983 78.72882217854958 7.486772288824892 0.04900793821564251 1.5299845996778647 0.2756906390936213 
[1, 12, 24, 48], [24, 10, 5, 5], [1, 5, 5, 5], [5, 5, 5, 5], [0, 1, 2, 3], 1, 0.001, 512, False, True 4.308844549066766 107.95315033451439 29.228817909608903 2.8516985930301835 63.946805947840716 29.089957481960116 
[1, 12, 24, 48], [24, 10, 5, 5], [1, 5, 5, 5], [5, 5, 5, 5], [0, 1, 2, 3], 5, 0.001, 512, False, True 2.1417682707861614 74.51666538372567 6.8745786239590085 0.2849511663437661 10.064926473715989 1.5925165284097758 
