layers lag time_steps epochs l2 learning_rate mean_mae                         mean_mape mean_mse std mae std_mape std_mse 
[5], 24, 1, 1, 0.001, 0.05, 1, False 3.622350329306855 48.389845189985785 19.005097640286035 0.5119009515150369 6.618319779915161 4.501574517150139 
[10], 12, 1, 1, 0.001, 0.05, 1, False 5.535369126481668 74.34282767651597 42.65496271163455 0.5278983825365224 1.6749603290588875 9.099710792113914 
[15], 24, 1, 1, 0.001, 0.05, 1, False 3.812615574420326 44.10302705966986 23.03969070358109 0.8410046727741307 7.8846171280538755 9.361456900317645 
[15], 36, 1, 1, 0.001, 0.05, 1, False 4.553243028344068 50.445890917008576 31.12254186577212 1.0712665802524939 11.680882263191942 12.245984275938397 
[15], 1, 1, 1, 0.001, 0.05, 1, False 5.5206252729227 60.1309787157376 43.51635093033216 0.13298987686706076 0.896735318259044 2.8473899080639646 
[20], 1, 1, 1, 0.001, 0.05, 1, False 5.806229880774669 60.15689824861608 48.994582766667726 0.2232875344845264 0.5931301058509824 4.247186844723187 
[15], 12, 1, 1, 0.001, 0.05, 1, False 5.511042564936602 76.0609591457374 41.82945843243352 0.513991579569874 5.778289528736989 7.9033204479411205 
[10], 36, 1, 1, 0.001, 0.05, 1, False 4.286809299223091 45.41738173094124 28.96909662299399 0.930647991827952 9.80716133065457 10.639706552809916 
[10], 1, 1, 1, 0.001, 0.05, 1, False 5.464505361415514 62.17096245218038 42.015194145924454 0.20356388079281143 1.106364886147752 3.979776290330946 
[10], 24, 1, 1, 0.001, 0.05, 1, False 4.623789176823468 53.72390733418336 34.61298167202103 0.7601654798451126 7.27790878433142 8.543866140408051 
[5], 36, 1, 1, 0.001, 0.05, 1, False 3.3932948817654194 42.54613815271116 19.576325730194196 1.1803772262713306 11.154575271401779 12.468736286085374 
[30], 24, 1, 1, 0.001, 0.05, 1, False 3.875794152598138 46.653385383390365 23.810936848811547 0.2019721420946389 2.9899439866549233 1.8994712959977416 
[30], 36, 1, 1, 0.001, 0.05, 1, False 4.502475124532011 48.38967465742568 31.023908600901393 0.4939076378876284 8.066732637704723 5.852789456178602 
[20], 24, 1, 1, 0.001, 0.05, 1, False 4.071489044205561 49.09554868554063 26.347259689353937 0.29600452564881286 5.310440495867594 2.8475663098931943 
[30], 1, 1, 1, 0.001, 0.05, 1, False 5.493742553594832 59.89614070588545 43.040593671731166 0.055224872473970156 0.4492777659617316 1.2628148463780076 
[30], 12, 1, 1, 0.001, 0.05, 1, False 4.889014400358104 64.76184031206127 34.49753639355621 0.3634699815080705 4.433262929641469 4.8183502515138645 
[20], 12, 1, 1, 0.001, 0.05, 1, False 5.530433988080066 71.80080460200536 42.518222331476686 0.6339211468108218 9.722224270462807 8.456752026553238 
[20], 36, 1, 1, 0.001, 0.05, 1, False 4.4299327392510515 46.04209004275604 32.01445437059886 0.8604103725838752 7.2812438831256525 11.62818912089486 
[5], 12, 1, 1, 0.001, 0.05, 1, False 4.858482218052571 73.00483631432051 32.04257981863431 0.36201070752491493 12.204195386469037 3.993247189413495 
[5], 1, 1, 1, 0.001, 0.05, 1, False 4.851221500336261 63.17877951905185 33.758776891087614 0.822127276209483 1.8582975019822325 13.15485521272816 
[10], 24, 1, 5, 0.001, 0.05, 1, False 3.606900064980921 45.94161617432402 22.5222375277323 0.8684886860491599 10.051267505654701 9.231671746872763 
[5], 24, 1, 5, 0.001, 0.05, 1, False 3.9280092922345453 49.97039107320442 25.7150092699565 0.6284601709476774 8.803218707893265 7.850793324538838 
[10], 24, 15, 5, 0.001, 0.05, 1, False 2.796748226925868 31.835598488006685 11.676212600106034 0.07629831892642713 1.4199168173842542 0.9217855211579277 
[10], 12, 1, 5, 0.001, 0.05, 1, False 5.47395624960859 70.50842192957394 43.68646519139556 0.7164575858314344 5.413466444642777 10.830714914915262 
[30], 12, 15, 5, 0.001, 0.05, 1, False 3.0601047803613324 36.67252890627464 13.47517125501946 0.07701991008124552 0.8410391996658335 0.8725340304092644 
[30], 24, 1, 5, 0.001, 0.05, 1, False 4.142043478542904 48.45080260447344 28.112338693198307 0.49747000230799016 5.805800878257996 6.644861529032652 
[30], 36, 15, 5, 0.001, 0.05, 1, False 2.8680643740868947 29.46742977171859 12.503330258424967 0.13783762023564372 0.9984757199966797 1.144724494966904 
[5], 12, 15, 5, 0.001, 0.05, 1, False 2.624253581060717 40.21538858387199 10.611186621081494 0.26531736755514207 10.253231568689325 2.093553901934722 
[30], 36, 1, 5, 0.001, 0.05, 1, False 3.8497449447625076 41.235109697438105 24.16839264512716 0.3822710672036415 4.291737190597407 4.348336700648262 
[30], 24, 15, 5, 0.001, 0.05, 1, False 3.0659873626505334 31.522554077413925 14.28388893649482 0.05227345549907406 0.14799608227094865 0.4696393935222921 
[5], 24, 15, 5, 0.001, 0.05, 1, False 2.7308276062900263 34.80061570782754 10.695366719498475 0.08307536131866619 1.4618164758704384 0.9093343663434021 
[10], 1, 15, 5, 0.001, 0.05, 1, False 3.7612697262213453 52.66756299375269 19.51968618120109 0.07715882984149434 1.4951514115311941 0.7007163805128042 
[10], 12, 15, 5, 0.001, 0.05, 1, False 2.875827041972015 34.76035021572074 12.09007397525104 0.0635357090458162 1.5052199055506237 0.8133978930059524 
[15], 36, 1, 5, 0.001, 0.05, 1, False 4.919076246629401 51.729013431371506 38.58387874332862 0.6792795586298878 6.9636710475207035 9.58965588149626 
[15], 24, 1, 5, 0.001, 0.05, 1, False 3.6556308481928514 44.04513789233105 21.709454630524856 0.35244934697245794 4.628254427273688 3.749241052911899 
[15], 1, 1, 5, 0.001, 0.05, 1, False 4.727713414086718 61.779508223160995 31.24133288828884 0.4519924311581609 1.4604158891263326 5.88152720387355 
[15], 24, 15, 5, 0.001, 0.05, 1, False 2.8899446097513035 31.34063254427389 12.417391678004506 0.074813378857979 1.1447684759051227 0.5655762698157891 
[20], 1, 1, 5, 0.001, 0.05, 1, False 4.488934489122282 61.61483447899561 27.837962794559928 0.2621976971461313 1.2102854492199466 2.959650396067663 
[10], 36, 1, 5, 0.001, 0.05, 1, False 4.0860443657867735 44.57409140904031 26.00234718645669 0.5014326348772368 5.9629220479045655 6.1601186804103385 
[15], 1, 15, 5, 0.001, 0.05, 1, False 3.7494660333350853 49.70443026573844 19.57304519511779 0.10722817035361955 0.34864782912300846 1.0220960809380006 
[15], 12, 1, 5, 0.001, 0.05, 1, False 5.439644620705103 72.64886829769517 46.02480197612087 0.6215575941783238 8.570704940680566 10.002514200832003 
[15], 36, 15, 5, 0.001, 0.05, 1, False 2.6937927349574036 29.38146478405857 11.09723171469745 0.3064858452206166 1.5459325954180412 2.8384470603916605 
[10], 24, 5, 10, 0.001, 0.05, 1, False 2.8079572014269165 33.9290034698038 12.341132289258608 0.12156478024675768 2.8407565527516425 0.8418796713438258 
[10], 1, 1, 5, 0.001, 0.05, 1, False 4.96369605253761 60.93610008663051 35.216355895183256 0.5562754517352034 1.6370059014129619 7.788656735706238 
[20], 1, 15, 5, 0.001, 0.05, 1, False 3.706191383571259 49.98802764365596 18.801668216156216 0.023527128773183657 0.5575951693712481 0.18477039087236058 
[30], 1, 1, 5, 0.001, 0.05, 1, False 3.6019523367527175 53.06563876073748 18.89661582982184 0.14553114061979355 1.4363987598551768 1.2227958436375612 
[20], 24, 1, 5, 0.001, 0.05, 1, False 4.268284040737651 48.76963705309992 30.85836835404255 0.8820890724607151 10.015104740307459 12.095968737148464 
[30], 12, 1, 5, 0.001, 0.05, 1, False 5.114881421903285 69.01510988325937 39.63648413757281 0.22018987511155608 4.474996439549207 3.4183424084288783 
[5], 36, 1, 5, 0.001, 0.05, 1, False 3.9093415696781846 51.75696985508254 25.82199648551635 1.2684405918696366 15.608110121318498 15.153376916094507 
[15], 12, 15, 5, 0.001, 0.05, 1, False 2.952454409123984 35.58407947466022 12.696574886310671 0.14046115630253161 2.9649365156449554 1.141620472362832 
[20], 12, 1, 5, 0.001, 0.05, 1, False 5.312256860425393 71.97243806918252 43.48771335844191 1.2224444891751076 15.886247000636281 17.24417658676793 
[10], 36, 15, 5, 0.001, 0.05, 1, False 2.806551101603717 30.486603377519486 11.949773449806335 0.11919601317468274 1.4780630146071483 0.9995788369720955 
[20], 36, 1, 5, 0.001, 0.05, 1, False 3.9808801514726055 42.52986155975264 26.486298836012953 0.6638491171930324 6.699604335076301 8.963551896510957 
[5], 1, 1, 5, 0.001, 0.05, 1, False 5.570644904734324 59.16303798840743 44.93885104507759 0.25832616414632464 1.8627192489321525 4.568797716061574 
[5], 12, 1, 5, 0.001, 0.05, 1, False 4.91304325950332 71.86752135232423 34.19885540011731 0.9620679147702236 9.103955325416026 11.227676405299695 
[20], 24, 15, 5, 0.001, 0.05, 1, False 2.9942890876283244 32.17971518004572 13.396974130371818 0.07275438391779741 0.7575458380638898 0.8534146928359748 
[20], 12, 15, 5, 0.001, 0.05, 1, False 3.033594874164986 36.24281751903414 13.288037688819921 0.053831227691825995 0.6560509377762147 0.5473588292998451 
[30], 1, 15, 5, 0.001, 0.05, 1, False 3.714033437613397 47.89990530879154 18.903883943522533 0.016627970230519318 0.208203292842413 0.20663435440397634 
[20], 36, 15, 5, 0.001, 0.05, 1, False 2.6054633249183765 27.59540904875857 10.288643746628791 0.10483699076927552 0.4747473872573862 1.0021617562457288 
[10], 24, 10, 1, 0.001, 0.05, 1, False 2.8828008283136612 34.06951503485174 12.25239552250971 0.09699738251785818 1.0847334124658756 1.2202149643406115 
[5], 36, 15, 5, 0.001, 0.05, 1, False 2.662049501775591 30.281504579085553 10.792593114995599 0.11049921144489658 1.3085478176369838 0.7756134368521667 
[30], 36, 5, 10, 0.001, 0.05, 1, False 2.946246146500386 29.921432047827764 13.441793424833579 0.05685735430526403 0.7345925279925541 0.38963374083336355 
[30], 24, 5, 10, 0.001, 0.05, 1, False 3.1623659625476983 35.48278677091233 15.327150750959484 0.12804847208172918 2.241494572097333 1.0615234732967753 
[5], 12, 5, 10, 0.001, 0.05, 1, False 3.270037938533696 47.9923066154192 15.41924184932416 0.1667281566780327 5.662877819521712 1.9756187706730894 
[5], 1, 15, 5, 0.001, 0.05, 1, False 3.9383807784981184 57.20875390162848 20.936927848452758 0.14505894722743753 1.2904018988716641 1.0744043393738811 
[5], 24, 5, 10, 0.001, 0.05, 1, False 2.830688935345797 36.35812294808114 12.12181879033954 0.20655798994002111 1.104899052735226 1.3910832922663725 
[10], 12, 5, 10, 0.001, 0.05, 1, False 3.4353826917776895 45.49091827526926 17.07366806744699 0.12689166339000574 1.8598980215596383 1.492045299264729 
[10], 1, 5, 10, 0.001, 0.05, 1, False 3.5710311376972608 49.36387805105804 16.42975491990218 0.07766213804003906 0.5018799913966914 1.2430187453688077 
[15], 12, 5, 10, 0.001, 0.05, 1, False 3.4586304762504163 44.0382481811144 17.184655767448806 0.09090828537801034 0.7617084840968034 0.6274091825394137 
[10], 36, 5, 10, 0.001, 0.05, 1, False 3.134545500645482 33.47516273876827 15.47505596237936 0.24370249006956285 3.7763336430936834 1.991329177081909 
[20], 1, 5, 10, 0.001, 0.05, 1, False 3.5942941215924082 49.0002634635 16.151760300987906 0.040867005531820606 0.5150879651881379 0.45384495099847366 
[15], 24, 5, 10, 0.001, 0.05, 1, False 2.930258978665288 34.24113558512996 13.5634680730788 0.2997303640688413 5.052363616887239 2.124624571660622 
[30], 36, 10, 1, 0.001, 0.05, 1, False 2.748339890657613 29.39310731465153 11.156367126060855 0.12512430398034163 0.8322923774058266 1.2688054402536149 
[5], 12, 10, 1, 0.001, 0.05, 1, False 3.7089766447915244 53.24075504138322 18.426124904570305 0.2916344504764969 3.8998102299106607 3.4553688702446403 
[30], 24, 10, 1, 0.001, 0.05, 1, False 3.0831568093522 34.48882671200089 14.228976722509742 0.09850699483062611 0.7533943162059928 0.9409393215922853 
[5], 24, 10, 1, 0.001, 0.05, 1, False 2.774092805592549 39.6916013527758 11.606474889729332 0.05141141652026596 4.173375007572859 0.738006846060366 
[15], 36, 5, 10, 0.001, 0.05, 1, False 2.6584757996429853 28.022474271773277 10.939932459235779 0.22543337192040575 2.3961797852379747 1.8215030535522423 
[15], 1, 5, 10, 0.001, 0.05, 1, False 3.533277649653178 49.21849055157 15.594028836107313 0.052198956360182645 0.6098773934182113 0.5130310979153647 
[10], 12, 10, 1, 0.001, 0.05, 1, False 3.3460966210329417 44.03034978634352 15.401280104673745 0.013257402077010212 1.7920027761340263 0.36988497525247044 
[10], 1, 10, 1, 0.001, 0.05, 1, False 4.032329176266297 55.71263969073422 21.71033135666536 0.06939732284054138 0.5251959547069007 0.8872692688239047 
[10], 36, 10, 1, 0.001, 0.05, 1, False 2.6063962358394974 28.275422946217105 10.760958833654522 0.16282237236504696 2.2092387929760795 1.1659923366352587 
[15], 12, 10, 1, 0.001, 0.05, 1, False 3.266582150546902 41.402406932106864 14.462727367775033 0.0637173004872588 2.068532937889598 0.6521225868425553 
[20], 1, 10, 1, 0.001, 0.05, 1, False 4.036676137621893 53.547091741449385 21.627141173558556 0.026058586405647125 0.25359203518225526 0.28657654605000055 
[20], 12, 5, 10, 0.001, 0.05, 1, False 3.4878828276086726 44.15495492408518 17.81220777542167 0.06673736502248635 1.3401846272112194 0.6529210889905261 
[10], 24, 1, 10, 0.001, 0.05, 1, False 3.1454660998743567 41.14187882184806 16.20308429703206 0.1941511245684725 2.51355474938869 1.946908215348895 
[20], 36, 5, 10, 0.001, 0.05, 1, False 2.778103226506047 29.4693816212652 11.879567873834972 0.327696427440796 3.404663398204597 2.900444533054272 
[15], 24, 10, 1, 0.001, 0.05, 1, False 2.8713166585502514 33.099575507961084 12.535301465645666 0.07657737051179268 1.3206681290371416 0.36192577479922244 
[30], 1, 5, 10, 0.001, 0.05, 1, False 3.7088295780743152 49.761487510666335 17.698176064678773 0.0333795913678155 0.11828478775529569 0.42626148997912877 
[5], 24, 1, 10, 0.001, 0.05, 1, False 4.408099720158606 55.97740651483224 30.988408159307657 0.889907486163596 9.79978624276071 12.027740453017927 
[15], 36, 10, 1, 0.001, 0.05, 1, False 2.731722054754694 31.202318504444747 11.276315136481275 0.3282897583051382 3.0834095904633854 2.505013493013414 
[30], 12, 5, 10, 0.001, 0.05, 1, False 3.4701456227995173 43.35937974722065 17.371972271445625 0.06479473678412985 1.063769169442335 0.7943744442495716 
[15], 1, 10, 1, 0.001, 0.05, 1, False 4.068192019496389 54.703852374583995 22.202331011433444 0.015475036546985179 0.46732153739888777 0.22943844468891095 
[20], 24, 5, 10, 0.001, 0.05, 1, False 3.1181044153420725 34.959108388477226 15.107588234623249 0.045162486655429795 0.25570376041715887 0.381710062325452 
[30], 24, 1, 10, 0.001, 0.05, 1, False 3.9311495656113102 45.83004139276065 25.189391476218976 0.2544219914220093 2.662428833414253 2.904507089281549 
[10], 24, 5, 1, 0.001, 0.05, 1, False 2.7751193446245175 35.28874562160332 11.833466984686604 0.1501815051823691 1.2163309332989334 1.2287140701304864 
[30], 36, 1, 10, 0.001, 0.05, 1, False 4.021774159604684 41.8714973202197 26.919892401106164 0.36687596440689463 2.702838648018123 5.082324494427495 
[5], 36, 5, 10, 0.001, 0.05, 1, False 2.7840377257446995 32.57335068473967 12.013873267879275 0.17816082155255003 2.4604109795488256 1.1237728808601446 
[10], 24, 10, 5, 0.001, 0.05, 1, False 2.5141965273733216 28.290773553206915 10.029949716316636 0.2150735473776261 3.04534296309674 1.1273620718647632 
[20], 12, 10, 1, 0.001, 0.05, 1, False 3.215639894010705 39.437538334101966 14.52715708654548 0.05754259209800256 1.0761100250742788 0.7520784645249761 
[5], 1, 5, 10, 0.001, 0.05, 1, False 3.759647977555653 54.0242399071982 18.656206757735507 0.3589563863930889 2.1716892332025037 4.0223001697988385 
[20], 36, 10, 1, 0.001, 0.05, 1, False 2.6609856386651725 29.18322246596132 10.417590513240933 0.34462073520176795 3.5665798632730277 2.6695154690826084 
[5], 24, 5, 1, 0.001, 0.05, 1, False 2.816951901872676 35.89035722065585 11.869237662260637 0.2931577932551201 2.5395870988089517 2.5424121357384015 
[30], 1, 10, 1, 0.001, 0.05, 1, False 4.07732510930962 52.77779177034517 22.1494607812146 0.01113717388349659 0.3265451306062546 0.1129000125010487 
[10], 12, 1, 10, 0.001, 0.05, 1, False 5.677140318067676 76.55394318558758 47.77150449066678 0.6083947674204536 7.378430035349219 7.838674797778683 
[20], 24, 10, 1, 0.001, 0.05, 1, False 2.9888492004221505 34.17242915722102 13.225905351539573 0.1870674226201174 0.7315635940363455 1.7238893405905829 
[30], 12, 10, 1, 0.001, 0.05, 1, False 3.299119564083714 39.84970662710279 15.37755467405752 0.057294916189048944 0.7563906731777403 0.39073401069487307 
[5], 36, 10, 1, 0.001, 0.05, 1, False 2.475037889282598 33.30961704391522 8.33026435369645 0.1426411757758107 2.552894891468102 0.5462303805473897 
[30], 24, 5, 1, 0.001, 0.05, 1, False 3.0449422718267196 35.26670896731966 14.193748248798085 0.135966698369389 2.4228696054883283 1.005588365863777 
[5], 1, 10, 1, 0.001, 0.05, 1, False 3.7694206830735006 58.661936005951695 18.99668359382673 0.17883580514566774 2.007626029887923 1.6539106764555018 
[30], 36, 15, 10, 0.001, 0.05, 1, False 2.897697739651495 30.433176802107088 12.336387454722555 0.2407714590781094 2.292199828331676 1.8474964097524882 
[30], 36, 5, 1, 0.001, 0.05, 1, False 2.9847517611355414 30.669080608232594 13.479445504671775 0.12486012798472014 1.2967137656277963 1.3548729359708547 
[30], 24, 15, 10, 0.001, 0.05, 1, False 3.1356594260230097 32.644624886575485 15.148741171831752 0.0372290187211132 0.4832307067898815 0.3654494474153828 
[30], 12, 15, 10, 0.001, 0.05, 1, False 2.978559136601095 35.59306338497807 12.910341225655115 0.023437543734680204 0.4915118701174291 0.21416396158380807 
[30], 24, 10, 5, 0.001, 0.05, 1, False 3.274994840855813 35.27137959377739 16.34879420139279 0.1445774228037692 1.98371639614891 1.3438417707094061 
[30], 36, 10, 5, 0.001, 0.05, 1, False 2.864513173492418 29.232981751203173 12.404666944715139 0.04476598824326741 0.6404908266243503 0.3657437786500977 
[15], 1, 1, 10, 0.001, 0.05, 1, False 2.8635375303319752 45.00154003104087 13.314207073558464 0.35626853647808987 5.2907710567092066 3.0135121343189977 
[5], 12, 10, 5, 0.001, 0.05, 1, False 2.8313157815072265 44.00003376804765 11.216413400230309 0.25306198113526995 4.26668716653265 1.3853470356770206 
[15], 24, 1, 10, 0.001, 0.05, 1, False 3.8080952097489327 45.4294573163861 25.060438308241505 0.4002568887087268 4.191559270877024 4.821217633638189 
[10], 36, 1, 10, 0.001, 0.05, 1, False 4.717408334666483 50.346223008986094 35.51416986048731 0.5841888789478729 5.0088220751563775 7.371463582705439 
[5], 24, 10, 5, 0.001, 0.05, 1, False 2.8792478147859644 34.787434735934916 12.150264316700673 0.0725338363554841 2.140421513735665 0.3340189834031662 
[15], 36, 1, 10, 0.001, 0.05, 1, False 3.639950974052771 39.377346191550515 21.391222322289366 0.37449277439337164 5.398795919133522 3.954203510869045 
[10], 12, 5, 1, 0.001, 0.05, 1, False 3.243420240576206 46.077182666189486 14.663895471972758 0.01318020905593658 2.8150337545983093 0.598785467650676 
[20], 1, 1, 10, 0.001, 0.05, 1, False 2.8868163148700083 44.49740929009769 12.934233146843676 0.12738798753994374 1.7596919627397818 1.2233701853977663 
[15], 12, 1, 10, 0.001, 0.05, 1, False 5.64391040771389 78.0868414097277 46.17777688582763 0.1997261293893439 2.092356763052617 3.725828147716523 
[10], 24, 15, 10, 0.001, 0.05, 1, False 2.6472975963036767 30.55940051154926 10.268979770266164 0.12900749584835816 0.9399762520309438 0.8653574739750972 
[30], 36, 20, 1, 0.001, 0.05, 1, False 3.06351317721419 31.86214626186155 13.814748285503569 0.08702534491263476 1.7474699409021328 0.45296488493271575 
[20], 12, 1, 10, 0.001, 0.05, 1, False 4.9256212458575 66.98719516211638 37.81413769639396 0.25317420249919803 4.422813186307063 3.3166638127959214 
[30], 24, 20, 1, 0.001, 0.05, 1, False 2.95153511526339 32.088870791012795 12.812546129657703 0.06275172814104764 1.8717943225576201 0.4825071756616041 
[30], 12, 20, 1, 0.001, 0.05, 1, False 3.0213557828804127 36.18881736157586 13.153749213765282 0.02356069287674019 0.3381476941707572 0.26448286219523204 
[30], 1, 1, 10, 0.001, 0.05, 1, False 2.881557353489376 41.05741052213724 12.710525751642876 0.1717555188247094 2.71219226009253 1.3834577364468095 
[10], 1, 10, 5, 0.001, 0.05, 1, False 3.775258160034124 49.69018795435648 19.586491942177116 0.06460606713772589 1.3702322001417093 0.7828807270491266 
[10], 12, 10, 5, 0.001, 0.05, 1, False 3.158254290813648 38.069497615412836 14.553703557353726 0.07725107574426293 2.3019041618874923 0.7043471129386675 
[30], 12, 1, 10, 0.001, 0.05, 1, False 5.35378667016824 70.27213488863993 44.82611248571569 0.2319567875861391 3.7399641555305423 2.5202390580974914 
[20], 24, 1, 10, 0.001, 0.05, 1, False 4.127856168701071 50.08231264606123 27.422951538712685 0.210414803854448 1.888832672570821 2.732795492309133 
[5], 12, 15, 10, 0.001, 0.05, 1, False 3.048602055199444 40.651992507334285 12.77578084259431 0.0975720626959535 1.3183037561790543 1.1273136961637285 
[10], 12, 15, 10, 0.001, 0.05, 1, False 2.8478870021662215 36.47972882100209 11.544699505918578 0.13809475403103774 1.8571509270749746 1.143368011166042 
[5], 24, 15, 10, 0.001, 0.05, 1, False 2.612587074055853 32.74426253371524 10.55033704967508 0.10503412915563673 3.441698491773821 0.9613604174187717 
[10], 1, 15, 10, 0.001, 0.05, 1, False 3.764503781911399 51.229586698039206 19.768585986143346 0.15715383890613419 0.7425133574131321 1.6833788618800924 
[20], 36, 1, 10, 0.001, 0.05, 1, False 3.873379441818083 40.80937150841611 25.093211208750983 0.20854892392609733 1.8563431148162917 3.2724683096229907 
[20], 1, 10, 5, 0.001, 0.05, 1, False 3.5579491639820233 47.07308039030688 16.579330838168573 0.03223756646402711 1.1951183368849 0.18708139854304365 
[15], 12, 10, 5, 0.001, 0.05, 1, False 3.1555610530526823 38.58996495862595 14.485084581438892 0.05286610139679625 0.5867814835454764 0.2918991740782312 
[10], 36, 10, 5, 0.001, 0.05, 1, False 2.9082170913064913 31.353825873817712 12.973174427009548 0.3226635754480932 3.1179273086697754 2.935367595814571 
[15], 1, 5, 1, 0.001, 0.05, 1, False 4.304566235738566 56.024109853028754 24.98436249555734 0.07560762002701545 0.603792975601094 0.7523182060590663 
[10], 1, 1, 10, 0.001, 0.05, 1, False 3.119828569116415 53.74515485871901 15.116309785734396 0.3315143378273134 5.055425790107005 2.6350950114363365 
[15], 24, 5, 1, 0.001, 0.05, 1, False 2.6737896642095786 30.657906660830765 11.336350113811909 0.16478985792792197 1.7685478251557174 0.9449795258223738 
[10], 24, 20, 1, 0.001, 0.05, 1, False 2.790750002457449 34.280571806642875 10.985908894107515 0.11186456285636548 2.2696764902685462 0.43956332258569114 
[10], 36, 5, 1, 0.001, 0.05, 1, False 2.4992222666257504 30.116870074193205 9.264923305666112 0.21746715743099362 0.4352031914262958 2.0030062552526613 
[15], 36, 5, 1, 0.001, 0.05, 1, False 2.7849201710687734 31.42651493633458 12.027595371536504 0.13045228889083196 0.5039461754416711 1.1023026186363711 
[20], 1, 5, 1, 0.001, 0.05, 1, False 4.240079842811382 54.70371831832134 24.33450114400212 0.08930937203334718 1.6548498229539323 0.9371042915601778 
[10], 24, 5, 5, 0.001, 0.05, 1, False 2.9044567809785122 33.67114650415733 12.897291966619056 0.06485302309100341 2.796595824128016 0.34661672463854865 
[5], 36, 1, 10, 0.001, 0.05, 1, False 4.0286240719758935 48.02429414803951 25.8461149380519 0.6082228497473418 2.25950957654879 8.219144854945558 
[15], 1, 10, 5, 0.001, 0.05, 1, False 3.554335493918646 46.84915951601548 16.711031831373784 0.06798549258977526 1.3504521252566841 0.5609894259117972 
[15], 12, 5, 1, 0.001, 0.05, 1, False 3.580259133632191 45.585289823725795 18.030641191672284 0.20471307000984285 2.3534730793109597 2.112132612942106 
[15], 24, 10, 5, 0.001, 0.05, 1, False 3.020532470286168 33.603943637630856 13.564388058934654 0.022700828461986407 0.5000298693646945 0.42696500286470784 
[5], 1, 1, 10, 0.001, 0.05, 1, False 5.121716963761934 59.25928111265091 36.61471269365516 0.06261487549221173 3.4628856664028693 0.9270995100520677 
[20], 12, 5, 1, 0.001, 0.05, 1, False 3.472147135139892 43.71580331572432 17.40928173897707 0.07465519678706492 0.7111467537463397 0.4525973556479446 
[15], 36, 10, 5, 0.001, 0.05, 1, False 2.7106761578780905 28.795214315624907 11.382213220330476 0.1579894136577964 1.5738312901553597 1.426658090417589 
[30], 1, 5, 1, 0.001, 0.05, 1, False 4.257779344530017 54.03261507065226 24.568973926659098 0.014529629688247265 0.29824718084977686 0.13753287493247537 
[5], 12, 1, 10, 0.001, 0.05, 1, False 4.774756767223933 68.59208329287678 35.47565212366338 1.250712592976686 11.177266152996369 17.375826267439283 
[5], 24, 5, 5, 0.001, 0.05, 1, False 2.8171053232349172 37.192535929969004 11.867257411216757 0.16689858128727766 1.8462974383596586 0.9975972195593004 
[5], 12, 20, 1, 0.001, 0.05, 1, False 3.4144370478198485 52.97798390026046 15.834054865431332 0.33047584791093126 0.9741328066205053 2.683290355390185 
[5], 24, 20, 1, 0.001, 0.05, 1, False 2.838388552492553 37.94423425811391 11.708051388243634 0.19414047274969784 4.740782975206329 1.05680243372871 
[10], 1, 20, 1, 0.001, 0.05, 1, False 3.9930134488476647 54.31692588063359 21.111252243018132 0.09519020246532708 0.21457435966293106 1.1522371046270785 
[10], 12, 20, 1, 0.001, 0.05, 1, False 3.308675877325651 43.626226618888076 14.84254313594907 0.07046717800992862 1.8242162384286833 0.749863290179812 
[15], 1, 15, 10, 0.001, 0.05, 1, False 3.63073862845906 48.698900433076055 17.954174372810574 0.11359001087476851 0.295231577649615 1.0951484253353905 
[30], 12, 5, 1, 0.001, 0.05, 1, False 3.3741729007343992 41.45088180229845 16.172341388519094 0.15256182646545632 2.715989606851831 1.6701498024980395 
[20], 24, 5, 1, 0.001, 0.05, 1, False 2.8473392028327065 31.779808151118626 12.283808717902017 0.20001189598713598 2.7682376200149417 1.6776765540496226 
[20], 36, 5, 1, 0.001, 0.05, 1, False 2.709663775266596 30.07421323570715 10.746009365498713 0.09464033928409443 0.799605128400585 0.6538665374352425 
[15], 24, 15, 10, 0.001, 0.05, 1, False 2.9907574303241233 33.010320559490424 13.447654959321055 0.10799047173654923 1.3006694619035066 0.9927547666836429 
[30], 36, 5, 5, 0.001, 0.05, 1, False 2.9110814852881486 30.04796900617562 12.752844593335764 0.097736276985572 0.9712994285134247 0.8622998552895462 
[30], 24, 5, 5, 0.001, 0.05, 1, False 3.256096658014036 36.86353625889797 15.884409738832526 0.10355684222766683 1.625896966838131 0.974543102103383 
[15], 36, 15, 10, 0.001, 0.05, 1, False 2.911670895338196 31.277783079374505 12.872168405161135 0.054816103078880817 0.7847173488870228 0.7646221658642172 
[20], 12, 10, 5, 0.001, 0.05, 1, False 3.131687008503272 37.626901371684106 14.214864015592612 0.13830657751340467 1.8069254033946849 1.185082386349565 
[10], 1, 5, 1, 0.001, 0.05, 1, False 4.033488708944922 56.21073489481765 21.86760027372118 0.017928481709869586 0.7564510475246531 0.17056055954042765 
[20], 1, 15, 10, 0.001, 0.05, 1, False 3.64965622699302 48.63862139038468 18.06240557268345 0.06927179909358555 0.6625357363658587 0.6823450514283438 
[20], 36, 10, 5, 0.001, 0.05, 1, False 2.633356793152375 28.562416940899812 10.437171051702533 0.04209332023198726 0.3824782840739922 0.7084649361318003 
[30], 1, 10, 5, 0.001, 0.05, 1, False 3.6889834774934034 47.26504531681339 17.71510521782407 0.029215212692838072 0.2249481809398378 0.24396707462950165 
[10], 36, 15, 10, 0.001, 0.05, 1, False 2.5173992604017252 27.185825036903328 9.842448767857215 0.21175236427640845 2.2097296630485728 1.6026050860680647 
[5], 36, 5, 1, 0.001, 0.05, 1, False 2.8601738305210507 37.46712357875918 12.194907622538304 0.4516453510274948 6.216602089757325 3.6148521093263324 
[15], 12, 15, 10, 0.001, 0.05, 1, False 2.8660049161839267 34.3143083695575 12.012627039809734 0.025224636064905076 0.2732420229729552 0.2541174046190109 
[5], 1, 5, 1, 0.001, 0.05, 1, False 3.9640762075109195 59.23069176766688 20.90065757317009 0.14603291965931275 0.8650284507263504 1.174691035639726 
[5], 12, 5, 1, 0.001, 0.05, 1, False 3.3616426178840566 48.300747568171765 15.43300692515536 0.28566427553614765 3.6194507313198403 3.0501683594771003 
[20], 24, 10, 5, 0.001, 0.05, 1, False 3.1873797110005935 33.87274811040655 15.552558595161484 0.1556757700434463 1.726361021190365 1.5209507381021194 
[30], 12, 10, 5, 0.001, 0.05, 1, False 3.2526355941986864 39.40691663474041 15.08204234313032 0.008806605157776471 0.6376142398685878 0.234261605627129 
[15], 1, 20, 1, 0.001, 0.05, 1, False 4.04588944280382 53.058822189192746 21.799786609135612 0.04960471825451951 0.7823111372153898 0.6877374309215297 
[5], 36, 10, 5, 0.001, 0.05, 1, False 2.789399396883392 34.079599431666786 11.525840268622403 0.2164761051839318 2.2068150473947634 2.12770184624014 
[15], 24, 20, 1, 0.001, 0.05, 1, False 2.741784685563848 32.57052788200941 10.915842030805804 0.08479373535886996 0.8522312622025727 0.58212272685965 
[20], 12, 15, 10, 0.001, 0.05, 1, False 2.9220040980140083 34.79787581559966 12.308442946377333 0.06040258496674593 1.153981955605353 0.4433404537367325 
[15], 36, 20, 1, 0.001, 0.05, 1, False 2.6996824442546945 29.797740603768187 11.016223896332159 0.24632211349897787 0.9938275703911786 2.3381844712499755 
[5], 1, 10, 5, 0.001, 0.05, 1, False 3.861798881070205 53.19876177456971 20.053714459534664 0.3501963163545146 4.623358126440627 3.3669154145811584 
[20], 36, 15, 10, 0.001, 0.05, 1, False 2.9423664904372 30.305956442742687 13.269481331072077 0.16711034648253956 1.3047930844867126 1.5249098846834286 
[20], 1, 20, 1, 0.001, 0.05, 1, False 4.153678106426916 52.91580004410438 23.162408240811686 0.005850105236583357 0.3981681854516123 0.09421232945214765 
[10], 12, 5, 5, 0.001, 0.05, 1, False 3.2734575477325247 42.9193340526322 15.67235968155986 0.22770386052570368 4.198526758481168 2.3927602523384617 
[20], 24, 15, 10, 0.001, 0.05, 1, False 2.9771866189971283 31.45758482668853 13.44887883994173 0.05367928852826361 0.7261209329814633 0.4075026682541158 
[30], 12, 20, 5, 0.001, 0.05, 1, False 3.1080475975586856 37.48169834082223 13.72523942457856 0.1479755345315275 1.8403355795613907 1.0891314064421471 
[30], 1, 15, 10, 0.001, 0.05, 1, False 3.728035328633807 47.72913991985635 18.81282441841249 0.023291763383761557 0.30713954988809006 0.251502198171176 
[30], 36, 20, 5, 0.001, 0.05, 1, False 2.6461140710377578 27.68853121902994 10.50210907699479 0.11696071037510551 1.2929715787841995 0.870110239626813 
[10], 36, 20, 1, 0.001, 0.05, 1, False 2.5232068580368314 30.0031269958655 9.33801805604597 0.3620556461270009 0.1745879445669056 3.1628906152635317 
[30], 24, 20, 5, 0.001, 0.05, 1, False 3.1222547585731024 31.717864437232674 14.783064158854428 0.07889314630293655 0.8037289310836876 0.550756386572567 
[15], 12, 20, 1, 0.001, 0.05, 1, False 3.249243102519324 40.96534634798104 14.613479827496034 0.1663390498084579 2.6005180226604927 1.3824248341335903 
[5], 1, 15, 10, 0.001, 0.05, 1, False 3.5479397429291293 51.90669808667269 17.718601623601725 0.05037017148203283 1.3853061048964244 0.9883373206521933 
[5], 36, 15, 10, 0.001, 0.05, 1, False 2.77703005798092 32.85907212846383 11.306978789887557 0.18345621581354943 1.6548005821304004 1.654399421075642 
[15], 24, 5, 5, 0.001, 0.05, 1, False 2.861379895707661 32.3536566260029 12.583383012476418 0.05778416235842337 2.370340703410052 0.2449104655284699 
[30], 24, 10, 10, 0.001, 0.05, 1, False 3.198085293197934 35.147233384691695 15.538402744333572 0.04697524709860707 0.24886506259155097 0.5676407288437819 
[15], 1, 5, 5, 0.001, 0.05, 1, False 3.784130705975823 50.905144432107384 18.826181271932303 0.2438640013627617 2.558899053159476 3.009630877547194 
[20], 12, 20, 1, 0.001, 0.05, 1, False 2.988518019224068 36.93853402472075 12.662275900037613 0.15157761289841584 2.232014500677238 0.924527177455678 
[10], 24, 20, 5, 0.001, 0.05, 1, False 2.5206073471724433 28.82246603097411 9.463925367705512 0.2616627508099936 4.124538905529582 1.6742300312735434 
[10], 24, 10, 10, 0.001, 0.05, 1, False 2.8982225450928567 32.05384452419148 13.198278353710508 0.1219767593123502 2.5116843375382616 0.873685917501942 
[30], 36, 10, 10, 0.001, 0.05, 1, False 3.0568530281160573 31.30774163576164 14.07365926930508 0.08959510911709004 1.0182588010425524 1.0188238908411567 
[20], 36, 20, 1, 0.001, 0.05, 1, False 2.7830737251995337 29.39843681562702 11.772297696340027 0.1434017513192412 1.7009415567525918 0.8614264988732828 
[10], 36, 5, 5, 0.001, 0.05, 1, False 2.4128245557382417 27.604503914148253 8.68978445036086 0.15140353657118524 0.9538274777134311 1.0112250595250305 
[20], 24, 20, 1, 0.001, 0.05, 1, False 2.8627761369502096 30.809660205772207 12.065931599645767 0.10811486161583835 1.3446733383205693 0.803476097864917 
[20], 1, 5, 5, 0.001, 0.05, 1, False 3.7172371198147256 49.81200395508188 17.811465655897546 0.12759967420711105 0.8159792574258437 1.6064607396445236 
[30], 1, 20, 1, 0.001, 0.05, 1, False 4.143309763260184 52.367988445972514 23.169694107147112 0.003964568473841915 0.36456610558364244 0.0729011320963415 
[15], 12, 5, 5, 0.001, 0.05, 1, False 3.3932917116071883 43.60046898164705 16.300029209689942 0.20529363959280497 3.569204226496222 1.5238982637114413 
[15], 36, 5, 5, 0.001, 0.05, 1, False 2.705528907181211 28.708437540518872 11.31136031489907 0.16223452487788745 2.071699549771463 1.2845802949683442 
[5], 1, 20, 1, 0.001, 0.05, 1, False 3.879663133897163 55.980901930887654 19.695597439145377 0.18358211505728167 2.0312726943812924 2.167670781266635 
[5], 24, 20, 5, 0.001, 0.05, 1, False 2.67323744189753 35.12792608169383 10.17548767835941 0.1639108636859596 2.6226399834825704 1.1630014221560894 
[5], 12, 20, 5, 0.001, 0.05, 1, False 3.114978631209858 42.55393770296308 13.433201512567171 0.15282738224420767 2.859798772937783 1.0608129847189876 
[5], 24, 10, 10, 0.001, 0.05, 1, False 2.836565533297619 33.94507217658193 12.229669663292468 0.03663789187907958 1.5617242971889524 0.22621795830775893 
[20], 12, 5, 5, 0.001, 0.05, 1, False 3.3938627421407506 43.28712542701914 16.89523751327007 0.1578429254671387 1.4368809990860352 1.779422477373845 
[30], 1, 5, 5, 0.001, 0.05, 1, False 3.8730356206807 51.165482485327324 19.57713714542575 0.11948257782301933 1.1284617006273514 1.5757224052996819 
[5], 36, 20, 1, 0.001, 0.05, 1, False 2.8055194411081845 38.39976410609045 10.873293980124636 0.16923436661136326 3.6287554260623254 1.5240286537585093 
[5], 12, 10, 10, 0.001, 0.05, 1, False 3.013777201909019 44.631807185594994 12.995699835614298 0.14934074191228355 1.7462762988443492 0.7678863091345733 
[10], 24, 15, 1, 0.001, 0.05, 1, False 2.610988264317037 31.3760656985084 10.064513064653255 0.10061064043987843 2.0854984831906753 0.808352264475397 
[30], 24, 15, 1, 0.001, 0.05, 1, False 3.183983244063953 34.10658807621075 14.919950961570763 0.0999972309602469 0.5060886949424045 0.973127718781125 
[30], 12, 5, 5, 0.001, 0.05, 1, False 3.4961387213802446 43.44180300415857 17.481547792086246 0.004096475557264754 0.1794152580777103 0.28016235315763505 
[20], 24, 5, 5, 0.001, 0.05, 1, False 3.0874607199078627 33.98695873807822 14.664618518664625 0.0442377761762018 0.9492637510282674 0.4126599010092696 
[20], 36, 5, 5, 0.001, 0.05, 1, False 2.8643992989806932 30.10229712294256 12.507975187148867 0.13036966767270666 0.9247583409439546 1.3799471088310165 
[30], 36, 15, 1, 0.001, 0.05, 1, False 2.8925104131715162 30.82479547818939 12.296343100546308 0.23587265211697653 1.6229177312891618 2.2451855648486467 
[10], 12, 20, 5, 0.001, 0.05, 1, False 2.8147444190078033 37.176588065383044 11.310628691665386 0.16047888421000173 1.980817015082703 1.1718743166133445 
[10], 1, 20, 5, 0.001, 0.05, 1, False 3.966264728711987 53.261016167659896 21.55704410526108 0.15680995993566163 2.0277706411560557 1.7968238803784873 
[10], 1, 5, 5, 0.001, 0.05, 1, False 4.058193383569381 53.846347659844064 22.1543158074314 0.08589269883637662 1.115852569353756 0.9930418997411165 
[5], 36, 5, 5, 0.001, 0.05, 1, False 2.223336532991379 25.95385957527471 8.003327093552421 0.2510061253225637 1.1597757626769336 2.396102664511715 
[5], 1, 5, 5, 0.001, 0.05, 1, False 4.035081446422609 56.47589581581173 21.75878781042958 0.2399380063870984 1.5259555278105543 2.954602751231489 
[5], 12, 5, 5, 0.001, 0.05, 1, False 3.366598578049215 49.174179311494505 16.770821936501928 0.3096191631044584 1.4166457564136363 2.1855043271886463 
[10], 1, 10, 10, 0.001, 0.05, 1, False 3.5909459265914774 48.67336591371375 17.71517781128837 0.15573741182097747 1.062439961347658 1.7519556683409618 
[5], 24, 15, 1, 0.001, 0.05, 1, False 3.091419827958776 43.468347352285654 13.192594732616662 0.3425153327512435 7.323378158003191 2.284582307915214 
[10], 12, 10, 10, 0.001, 0.05, 1, False 3.154986221274291 40.36563875281289 14.498607656509662 0.21359098340081492 3.0518228302402255 2.031551822930837 
[5], 12, 15, 1, 0.001, 0.05, 1, False 3.6508531777636595 54.49676889264675 17.78183984426332 0.2689527957745456 1.3683143414130439 1.7761172398265697 
[15], 1, 20, 5, 0.001, 0.05, 1, False 3.77445325523408 50.06508123477381 19.388581664345878 0.004122054538701519 0.9651013827004052 0.07435540358919279 
[10], 36, 10, 10, 0.001, 0.05, 1, False 2.659956250974425 28.026800933882257 11.003851986798423 0.08993367147722987 0.6719307595917924 1.0600872408388717 
[15], 24, 20, 5, 0.001, 0.05, 1, False 2.8259909411823307 30.763213440543428 11.914203142146263 0.06831849043968956 1.3052307473422786 0.45904617683963517 
[15], 12, 10, 10, 0.001, 0.05, 1, False 2.9812842795625323 36.86060668174884 12.71333304544715 0.15107951832774646 1.7514186951009312 0.976187516139484 
[20], 1, 20, 5, 0.001, 0.05, 1, False 3.7372997372859604 48.36788287449961 19.051250591300207 0.08826174409558314 1.4163141794543108 1.0640730892157295 
[15], 36, 20, 5, 0.001, 0.05, 1, False 2.820703852031793 29.938643902867042 12.024013750217406 0.10994277305311334 2.0838716380051534 0.6720616433495008 
[20], 1, 10, 10, 0.001, 0.05, 1, False 3.571769117536368 47.10753865785989 17.008516220409444 0.05559954690051875 0.022875942844200203 0.46321874143946196 
[10], 1, 15, 1, 0.001, 0.05, 1, False 4.068801510896257 54.52692562768339 22.103894986778375 0.045467366195700076 0.39953946061773626 0.5895908990905393 
[15], 24, 10, 10, 0.001, 0.05, 1, False 3.0879362493822415 33.4969016398016 14.681928144808994 0.0937235855731824 1.2088663193107902 0.8711797704196858 
[15], 12, 20, 5, 0.001, 0.05, 1, False 3.0779109564609812 37.96479819657754 13.29766697019511 0.1353567099876516 1.3233665001200605 1.0582081463953001 
[10], 12, 15, 1, 0.001, 0.05, 1, False 3.3675208398865313 44.86765658172147 15.905463437118607 0.12760064578466038 2.331907067885135 1.0961522669404973 
[10], 36, 20, 5, 0.001, 0.05, 1, False 2.7730332927950823 28.946716394675164 11.830543777138635 0.1659259098591347 1.4212004312193711 1.6261868096792913 
[15], 1, 10, 10, 0.001, 0.05, 1, False 3.641259130373321 48.08501514159412 17.534659363660484 0.03542286328505335 0.5247110384659213 0.21930393199884363 
[15], 36, 10, 10, 0.001, 0.05, 1, False 2.8572278524110843 30.344926384580805 12.507317183071136 0.13731583759222837 0.7494495844809812 1.486814071175698 
[30], 12, 20, 10, 0.001, 0.05, 1, False 3.05918543677846 37.39982887671275 13.175665495673384 0.03458375714390334 0.30206430568489523 0.33550075751598046 
[10], 36, 15, 1, 0.001, 0.05, 1, False 2.6139294263803285 30.798917184417295 10.14073776438454 0.280066006712665 2.7680563093456154 2.0711420612919995 
[20], 12, 20, 5, 0.001, 0.05, 1, False 3.0085615983957212 36.343867289769804 13.012063352967678 0.047983723248020076 0.11894698744019824 0.5099893196156058 
[15], 12, 15, 1, 0.001, 0.05, 1, False 3.1873554543592033 37.666396784875566 14.560531699749026 0.23853906458839444 3.348341823436534 1.8147195159018805 
[20], 36, 20, 5, 0.001, 0.05, 1, False 2.8421540922450785 29.92372581934193 12.105307058086934 0.13139344079872486 1.7887708553421424 1.0536889827128575 
[20], 24, 20, 5, 0.001, 0.05, 1, False 2.826706743223109 30.16218963339321 12.071465981787602 0.10254566865567358 0.19541712605777004 1.159904295318709 
[20], 12, 10, 10, 0.001, 0.05, 1, False 3.0525725321430293 36.67497002695723 13.224149504015747 0.13640853189980867 1.5972977417976855 1.4067073804930688 
[20], 1, 15, 1, 0.001, 0.05, 1, False 4.052261907172699 53.07269912546468 21.96571000182695 0.03495379852725461 0.4899870853042409 0.3705968466872365 
[15], 24, 15, 1, 0.001, 0.05, 1, False 2.7989058572867944 32.677412495338906 11.474740825973699 0.09877737047611823 2.0442460715262376 0.6957131264900921 
[30], 1, 20, 5, 0.001, 0.05, 1, False 3.7631363297398717 47.50107294307653 19.467660578181448 0.02444761308563656 0.5514501982168343 0.4359031597304714 
[5], 1, 20, 5, 0.001, 0.05, 1, False 3.955009950642232 56.01331967601724 20.784735348235134 0.07126400101332842 1.1703545144523124 0.6021479850774347 
[30], 36, 20, 10, 0.001, 0.05, 1, False 2.8373336665866957 29.525530825266824 12.002643888325274 0.10140192781952144 1.5261738500848183 0.6288994454302342 
[20], 36, 10, 10, 0.001, 0.05, 1, False 2.8600760780171384 29.210586282739012 12.549705444868026 0.09662126501780903 1.1308978787783477 0.7694951604035289 
[30], 1, 10, 10, 0.001, 0.05, 1, False 3.638680970003069 46.74089573595984 17.521660802022442 0.03544161594495021 0.17486253141619243 0.3042598685623913 
[30], 24, 20, 10, 0.001, 0.05, 1, False 3.0689699195773783 32.09650634633616 14.311001251816803 0.04523733230569479 0.9143902702086592 0.5815311011675367 
[5], 36, 20, 5, 0.001, 0.05, 1, False 2.777647265057182 33.424604070001244 11.788604810524454 0.3619475592431012 2.032661072345681 2.8915473609245974 
[15], 36, 15, 1, 0.001, 0.05, 1, False 2.8472923506844645 31.218196844542764 12.030119856354174 0.07373240354104278 2.2783769897206456 0.40152729629573664 
[15], 1, 15, 1, 0.001, 0.05, 1, False 4.063303416432743 53.70005358345251 22.022325226153608 0.02714408016471819 0.37194167442878184 0.2816274180622383 
[20], 24, 10, 10, 0.001, 0.05, 1, False 3.170995632179632 34.4267649494073 15.44640804711171 0.12594807350063797 1.6022231421240007 0.9703565603904483 
[5], 36, 10, 10, 0.001, 0.05, 1, False 2.6564734407942043 30.137681816275684 10.796181626117914 0.0892160913914496 1.3867636707090125 0.7065162300398746 
[20], 12, 15, 1, 0.001, 0.05, 1, False 2.880872454852969 33.76932853907652 12.246030444162294 0.05355100527991497 0.25399957112762533 0.4550767222133538 
[30], 12, 10, 10, 0.001, 0.05, 1, False 3.1968142873745538 38.72229294340391 14.550162526923339 0.025942694910948437 0.5342050260639711 0.35057171322715486 
[10], 24, 20, 10, 0.001, 0.05, 1, False 2.823338401738416 31.163877179551065 11.982760539918786 0.10474998181953733 1.0999755859627898 1.2279813019270316 
[20], 36, 15, 1, 0.001, 0.05, 1, False 2.868670355283689 30.725449761967596 12.133899553010096 0.1807777539881897 1.2652973639506573 1.4243205025427752 
[30], 1, 15, 1, 0.001, 0.05, 1, False 4.123025224940782 52.120530224463174 22.88207286561766 0.057528302052575565 0.875079945339911 0.5456275547936096 
[20], 24, 15, 1, 0.001, 0.05, 1, False 3.0123927218667053 33.885004209035024 13.31826582056018 0.055204641158760746 0.7753482794833277 0.6429704962823861 
[5], 1, 10, 10, 0.001, 0.05, 1, False 4.0480129682045005 54.448562978422935 22.02973924525593 0.0754070058892864 0.926751973674295 0.7734427383964306 
[5], 12, 20, 10, 0.001, 0.05, 1, False 2.7608429130994607 40.42874634639373 10.771989486857493 0.29595621950841283 3.735331052929967 1.8097704917264825 
[5], 36, 15, 1, 0.001, 0.05, 1, False 2.5667266964119055 35.53372752922019 8.928682617458124 0.18529384086700584 2.545247098963281 1.5891437338130698 
[30], 12, 15, 1, 0.001, 0.05, 1, False 3.151432825800859 37.77538184426219 14.032243258942813 0.043480042661580454 0.5203814928472695 0.4827975294059576 
[5], 24, 20, 10, 0.001, 0.05, 1, False 2.710415608811847 31.696872216794464 10.819864169502182 0.043046532019740145 1.0659222623796991 0.534902559365965 
[5], 1, 15, 1, 0.001, 0.05, 1, False 3.880825727298441 55.61081825678289 19.828668616409562 0.19116062776610776 1.7362925919246597 2.2561337846279335 
[10], 12, 20, 10, 0.001, 0.05, 1, False 2.8448455061970477 35.5061619271863 11.715739114955992 0.3327606450861579 4.250980673047128 2.427181412980049 
[10], 1, 20, 10, 0.001, 0.05, 1, False 3.732203404274251 49.766869845024814 18.953587747692875 0.08686938889743846 0.7328375382505196 0.795257773749371 
[30], 1, 20, 10, 0.001, 0.05, 1, False 3.6350966905519635 46.39102281182017 17.776398260245248 0.05000388173583429 0.8118037152254755 0.5638705424521018 
[20], 36, 20, 10, 0.001, 0.05, 1, False 2.843764640047663 29.612302295497603 12.206680824721245 0.13802112400745792 1.952941392781531 1.0778338592549617 
[20], 12, 20, 10, 0.001, 0.05, 1, False 3.0867098021217516 36.8117489962303 13.612633131659905 0.06650696612219606 0.892141069936837 0.7186567841489204 
[20], 24, 20, 10, 0.001, 0.05, 1, False 2.836587132327258 29.822728996368895 11.987688269513063 0.044693563473747464 0.6534697968557389 0.1363161834437219 
[15], 1, 20, 10, 0.001, 0.05, 1, False 3.655925214639003 48.22231833305548 18.063061309234886 0.07411684481013538 1.2171214923973794 0.6910088152832788 
[5], 36, 20, 10, 0.001, 0.05, 1, False 2.6118340069221113 32.69185706450283 10.064993918485667 0.33317280768275864 3.554555109077728 2.064472390789779 
[15], 24, 20, 10, 0.001, 0.05, 1, False 2.8542444906956335 32.459752319511885 11.965581786555555 0.1336832449136369 1.780355739156206 1.0715568387740186 
[20], 1, 20, 10, 0.001, 0.05, 1, False 3.680142361998419 46.7196126896882 18.261037855697136 0.053459946717842495 1.0767785183210692 0.606138335203693 
[5], 1, 20, 10, 0.001, 0.05, 1, False 3.864315136259904 56.05118498230189 20.250898041750443 0.08568892977092414 0.9048131979145764 0.6942399186714076 
[15], 36, 20, 10, 0.001, 0.05, 1, False 2.7733833344704983 28.86458944842457 11.693525617123479 0.13070535819515802 1.6056381212188275 0.5461429925816131 
[10], 36, 20, 10, 0.001, 0.05, 1, False 2.725219247217668 30.67477771659993 11.194171588186444 0.05871963987432004 1.3414227213634184 0.6392628266426605 
[15], 12, 20, 10, 0.001, 0.05, 1, False 2.8812290761619805 36.091671313233356 11.931435568928926 0.09158200347815718 1.6694571993103065 0.5970240099468788 
