layers lag time_steps epochs l2 learning_rate mean_mae                         mean_mape mean_mse std mae std_mape std_mse 
[5], 1, 1, 1, 0.001, 0.05, 1, False 2.5115831931294115 55.951314632570835 9.386734232537808 0.17494488190350327 8.928957563199445 2.440559030730649 
[5], 12, 1, 1, 0.001, 0.05, 1, False 2.895654208382109 80.8796343279979 12.399153666112781 0.43504648500754894 12.764179828624258 3.838567257230347 
[5], 1, 15, 5, 0.001, 0.05, 1, False 4.301328332328962 123.52542210670374 27.906274151290244 0.06238991525101417 2.407515351272356 1.1358632998653142 
[5], 24, 1, 1, 0.001, 0.05, 1, False 2.562650940045973 70.73417900996476 9.664956782394837 0.28185337085989653 13.312962964936213 2.830309657083116 
[5], 1, 1, 5, 0.001, 0.05, 1, False 3.013023626162774 43.36813969320206 15.80985878364748 0.3017066672924919 2.6294780805393843 2.6328010010386675 
[10], 1, 1, 1, 0.001, 0.05, 1, False 2.277753844203565 46.53070851564434 7.890412821309989 0.077328648723763 3.3535003700961323 0.9712605820889387 
[5], 12, 1, 5, 0.001, 0.05, 1, False 2.9187267551595273 81.0992066985736 13.646225051341212 0.8825914460063693 23.28580673326947 6.088640884401922 
[5], 36, 1, 1, 0.001, 0.05, 1, False 2.67248310894119 76.86450231204572 11.393757824009066 0.5796995445697624 14.947744828188226 4.207818866163058 
[10], 12, 1, 1, 0.001, 0.05, 1, False 2.5299060083873983 54.664301815140824 9.204841623377876 0.7428353450156807 14.238924243229546 4.064624456236595 
[5], 12, 15, 5, 0.001, 0.05, 1, False 3.4966408063830046 101.49730802377299 18.41769321127867 0.12333744919179356 3.1109347681553086 0.9427006921331628 
