layers lag time_steps epochs l2 learning_rate mean_mae                         mean_mape mean_mse std mae std_mape std_mse 
[15], 24, 1, 1, 0.001, 0.05, 1, False 2.686740006744879 43.11559102265443 10.563341329907033 0.11132086202011299 2.295039746170362 1.251572492424786 
[15], 36, 1, 1, 0.001, 0.05, 1, False 2.227757155308845 35.15632208984905 7.761281766581969 0.688827508922602 6.675194896995262 3.667011941534281 
[10], 1, 1, 1, 0.001, 0.05, 1, False 3.8738271582871673 51.47323347070462 20.05696767561119 0.12704700022812088 0.34492546870154767 1.377641389086862 
[10], 12, 1, 1, 0.001, 0.05, 1, False 3.283757404472541 49.56107040584194 14.491904703206506 0.14918053259711853 1.2936176673875772 1.758885236449635 
[10], 24, 1, 1, 0.001, 0.05, 1, False 4.933464538205967 73.89924650468879 37.5385925981563 3.049013096985244 43.32115040410313 37.177143435729874 
[15], 1, 1, 1, 0.001, 0.05, 1, False 3.8536677486194235 51.64509074152363 19.836323015881902 0.34096489392182955 1.7029358033301913 3.769946527224537 
[15], 12, 1, 1, 0.001, 0.05, 1, False 3.403124202691295 51.23793516550922 16.180548724912175 0.2607787814881477 1.3827500725222284 2.465585501636682 
[10], 36, 1, 1, 0.001, 0.05, 1, False 2.6106310720624473 41.88024384531699 9.95706407034116 0.24584330254783898 1.4756764325954759 2.219749179270231 
[5], 1, 1, 1, 0.001, 0.05, 1, False 4.018483653290335 56.04185121421441 22.207334044500158 1.1307433516122118 9.721736329930192 11.279794241559204 
[5], 36, 1, 1, 0.001, 0.05, 1, False 2.9888764197403503 44.55987119648125 14.32797924904326 0.8226449692744204 13.093929285550995 8.035916636618717 
[5], 24, 1, 1, 0.001, 0.05, 1, False 2.3775043518213486 39.147049674419634 8.65759531375058 0.6489882071826442 9.391719222245985 5.159047059711193 
[20], 12, 1, 1, 0.001, 0.05, 1, False 3.397050046925951 52.84380577890628 16.816208474285283 0.13454270171621666 1.4644781310463009 1.6063609938233885 
[20], 1, 1, 1, 0.001, 0.05, 1, False 4.21113579046947 53.086540075447694 23.7428075117157 0.030783370126423706 0.1556282608019948 0.28585613771308704 
[20], 24, 1, 1, 0.001, 0.05, 1, False 2.3439155414838484 38.624656764778955 7.522838262156257 0.13693612888781925 2.0129793387045622 0.9445895687177445 
[5], 12, 1, 1, 0.001, 0.05, 1, False 3.255070050210796 49.026670660931465 14.159008945975565 0.36272134807655076 2.5328710536469745 2.9183301307963405 
[20], 36, 1, 1, 0.001, 0.05, 1, False 2.391601187856523 38.318967024097084 8.64198386811195 0.45228961121331807 6.619590375383547 3.3116487401348667 
[15], 36, 15, 5, 0.001, 0.05, 1, False 1.3911197388820626 22.612620559750955 2.4581641911481213 0.03946517558714431 0.3528429253165112 0.10251291158810348 
[15], 24, 1, 5, 0.001, 0.05, 1, False 1.7829662812977203 30.396772152519663 4.69245989839114 0.10749830637835388 1.7012677632596571 0.46712815887043724 
[15], 36, 1, 5, 0.001, 0.05, 1, False 1.4802043104475293 23.1259145988262 3.121325757290265 0.21349464468524804 2.080052212924901 0.9036989152014552 
[15], 24, 15, 5, 0.001, 0.05, 1, False 1.4284801716122917 24.08838017473302 2.6684520662448983 0.059593743424369544 1.5843418668234772 0.27310193546145306 
[15], 12, 15, 5, 0.001, 0.05, 1, False 1.7621089115876842 31.38569406896553 4.702264242419086 0.22644700999873726 3.588934299798992 1.0485257476548229 
[20], 12, 1, 5, 0.001, 0.05, 1, False 3.8906250169604184 55.32914564225721 22.952749689210737 0.549987855769855 4.071561553372256 6.863345364869285 
[15], 1, 1, 5, 0.001, 0.05, 1, False 3.494964754778064 49.88680708666113 16.0133046066027 0.060799305117854655 0.4884754068162874 0.5714527207722863 
[10], 36, 1, 5, 0.001, 0.05, 1, False 1.84711433891207 27.33620679504534 5.140211811406419 0.3922787847297723 4.514382646157442 2.61696486157402 
[20], 1, 1, 5, 0.001, 0.05, 1, False 2.8922915122368273 48.71087057833083 11.27726944456169 0.02608672948238856 1.0673147493766766 0.21966611831517063 
[10], 1, 1, 5, 0.001, 0.05, 1, False 3.9240738466864933 52.221835266455734 20.533214180370862 0.4748401511936652 3.2056391654123257 4.9414707989568765 
[15], 12, 1, 5, 0.001, 0.05, 1, False 2.894037578134211 48.28001944222229 11.368883616417108 0.09619582047595066 1.5774130693125843 0.7400647548246324 
[20], 24, 1, 5, 0.001, 0.05, 1, False 1.7063709478756346 29.250105271466285 4.354460226655498 0.12620619649655124 2.059265690361556 0.6423473750903776 
[20], 24, 15, 5, 0.001, 0.05, 1, False 1.4380213011194158 24.34675529722139 2.695362020423937 0.06691775925872528 1.001526937340883 0.22513685737406117 
[30], 12, 1, 1, 0.001, 0.05, 1, False 3.677144031862177 53.46135712092032 20.706647539948182 0.3253057706822595 2.4886804596902117 4.5820487595643815 
[30], 1, 1, 1, 0.001, 0.05, 1, False 4.068807202432719 52.10481683199143 22.160719172742745 0.05374392122354351 0.3011613628305303 0.49667664850960136 
[15], 24, 5, 10, 0.001, 0.05, 1, False 1.4184187192952746 22.622269166161956 2.597553690296363 0.09223189119577496 1.2288841840975548 0.38184288173948483 
[5], 1, 1, 5, 0.001, 0.05, 1, False 3.9901411493205363 53.5881872553043 21.181596501377758 0.556286259155213 4.007616894918133 5.787602944263432 
[15], 1, 15, 5, 0.001, 0.05, 1, False 2.3509991374487673 41.90129832768815 7.447405912439076 0.09114417300571127 1.4716477982571408 0.4551785423417234 
[10], 36, 15, 5, 0.001, 0.05, 1, False 1.4240886027476305 23.259550036762974 2.6638386972485013 0.07234377381000534 1.3475296003199928 0.41784677611000137 
[10], 24, 15, 5, 0.001, 0.05, 1, False 1.418154717195365 24.53048276303335 2.7839759994608335 0.06555604361423276 1.3392321442083446 0.43013912176452807 
[15], 36, 5, 10, 0.001, 0.05, 1, False 1.2767524470195728 20.134578150035182 2.070435464481829 0.08651096342399252 1.6098948885550906 0.35679471340354263 
[5], 36, 15, 5, 0.001, 0.05, 1, False 1.5393664905249522 26.92768523544741 3.5027324035186758 0.08238483771915577 1.5130048169346746 0.5107241980679148 
[10], 12, 1, 5, 0.001, 0.05, 1, False 2.813922784736173 47.860324003333034 10.794039822899984 0.14193296130811228 1.3250122085349765 1.3443487477459342 
[15], 24, 10, 1, 0.001, 0.05, 1, False 1.5612383471112008 27.113635461585815 3.1706806741296263 0.09596581983670027 1.7049886477953804 0.4685515918358411 
[5], 24, 1, 5, 0.001, 0.05, 1, False 2.532287185702525 37.752197577332396 10.335083798221788 1.064150198732208 9.182911670152157 7.745859413712546 
[20], 1, 5, 10, 0.001, 0.05, 1, False 1.950240692882626 36.10151434453815 5.161473183287657 0.035473351507138505 0.5815810030783759 0.14416240239660863 
[10], 24, 1, 5, 0.001, 0.05, 1, False 1.6031161124473092 27.8527277137797 3.876133474192333 0.1512502494019213 2.4238948766481623 0.8877956429222316 
[5], 36, 1, 5, 0.001, 0.05, 1, False 2.169254779843269 32.8377977121933 6.995807489459555 0.319031682518943 6.210735192283593 1.9461169729172145 
[15], 1, 5, 10, 0.001, 0.05, 1, False 2.0463970066634594 37.561201204092235 5.594031710071935 0.0453988376732819 0.4844014786844747 0.1743152090754924 
[10], 1, 15, 5, 0.001, 0.05, 1, False 2.39992796631047 42.75303647856088 7.581526481746644 0.025813418547343096 1.161476928014243 0.15416878303350084 
[20], 24, 5, 10, 0.001, 0.05, 1, False 1.3872084542832994 21.81837351882855 2.4536719369024422 0.12579024563899951 1.9145270652320903 0.5555452223803178 
[15], 36, 10, 1, 0.001, 0.05, 1, False 1.6054466418783973 27.954731058237765 3.7571343482786155 0.15345927463679349 2.444793574090809 0.6180642690410328 
[5], 12, 1, 5, 0.001, 0.05, 1, False 2.972602889007302 50.06783250203065 12.747695293766526 0.5636034983200594 5.342964435261026 5.011666455267147 
[10], 12, 15, 5, 0.001, 0.05, 1, False 2.172262810584572 38.40005290770255 6.62150229858987 0.052197224880599254 0.7047407591911008 0.163983153325171 
[10], 36, 5, 10, 0.001, 0.05, 1, False 1.3372362280195509 20.97210201085115 2.3160195772601813 0.049873141001321 0.48474942444152636 0.23515113263472412 
[20], 36, 1, 5, 0.001, 0.05, 1, False 1.945682621009096 28.99019108463268 5.9089355310592095 0.27695876742851033 3.4602833051569086 1.875246699950659 
[15], 12, 5, 10, 0.001, 0.05, 1, False 2.2074875108138827 40.296584320877294 6.517144644275174 0.036080371164460404 1.0257407789160784 0.12208566944585078 
[5], 24, 15, 5, 0.001, 0.05, 1, False 1.587375416399704 28.47842865706048 3.525079734212106 0.06532792693340295 1.7052989029487136 0.4290736438279182 
[5], 1, 15, 5, 0.001, 0.05, 1, False 2.2600217058426804 41.74334815521957 7.0181693234133755 0.06078182323464436 0.8046800673251153 0.2819908765473421 
[20], 1, 10, 1, 0.001, 0.05, 1, False 2.3557431901770607 39.814678829701805 7.435465030672898 0.055306874029984035 0.34510182946623486 0.27508803505345 
[10], 24, 5, 10, 0.001, 0.05, 1, False 1.278363328744416 21.549389921381813 2.2378456010993015 0.1896541473049725 3.280931130279361 0.5274126519522004 
[20], 1, 15, 5, 0.001, 0.05, 1, False 2.3734029340247313 42.236167109594334 7.5295899909640305 0.03003707407344717 0.30348410186985025 0.1788566098454246 
[30], 12, 1, 5, 0.001, 0.05, 1, False 3.281758835832416 50.11812788406246 15.308538097703893 0.304631200859785 1.8771509555234016 2.747115409630944 
[15], 1, 10, 1, 0.001, 0.05, 1, False 2.3997888005304113 40.471130633080826 7.619053968589299 0.08266862472167504 0.5995714837514049 0.44650094010410196 
[30], 1, 1, 5, 0.001, 0.05, 1, False 2.698677592096781 47.34909607505039 9.740337464470407 0.007148658367497716 0.427361215711809 0.015627347350774298 
[20], 24, 10, 1, 0.001, 0.05, 1, False 1.6512073477592182 29.253663401383353 3.763682527678519 0.15251974976134164 2.545054546187151 0.6820677923971558 
[30], 1, 15, 5, 0.001, 0.05, 1, False 2.372207865146575 41.72702767769465 7.538673118498823 0.05743294085210637 0.8266677469609633 0.31686558796066255 
[30], 12, 15, 5, 0.001, 0.05, 1, False 1.8829209268369056 33.43880649820772 5.143793253287067 0.0445452093647186 0.5357284702754005 0.24023022960449045 
[5], 1, 5, 10, 0.001, 0.05, 1, False 2.1591893256676418 39.73265556393644 6.556422255073188 0.30186894843120954 2.7253821349396867 1.54559341294335 
[10], 36, 10, 1, 0.001, 0.05, 1, False 1.8394467828795313 31.94843377914043 4.728632029192412 0.12598672483175744 2.052137981124945 0.5279735699328082 
[20], 12, 15, 5, 0.001, 0.05, 1, False 1.7341971169467325 30.88621652267035 4.561175533997891 0.04184502316250476 0.6365331486839546 0.32658705806886834 
[15], 24, 1, 10, 0.001, 0.05, 1, False 1.8159308196010968 28.115439807125757 5.6825064068151745 0.5225196167551169 6.841596860954899 2.749754111955131 
[10], 1, 5, 10, 0.001, 0.05, 1, False 2.274845013105207 40.59488509450194 6.868513840416824 0.04329625516340759 0.17885428643652337 0.18949495612901537 
[15], 12, 10, 1, 0.001, 0.05, 1, False 2.1390559979059076 38.28794104637112 6.41878334505769 0.05501257408340081 1.0115066773445875 0.6217082915613369 
[15], 36, 1, 10, 0.001, 0.05, 1, False 2.073260061360068 28.74182067644165 6.789447681932839 0.29051001950407945 2.4089802595381538 2.3001703990791498 
[30], 24, 1, 1, 0.001, 0.05, 1, False 2.5964546202535366 41.227334592896426 10.550216947111055 0.07670909496136549 1.9436657539358928 0.8717774032847965 
[10], 24, 10, 1, 0.001, 0.05, 1, False 1.7470387396368163 30.21160360680868 4.259536317212675 0.1823292902149313 3.2872070050481854 0.9085140305908259 
[20], 36, 15, 5, 0.001, 0.05, 1, False 1.281246127160611 20.546573431012053 2.1071458380949637 0.07677117384963901 0.9048171227793382 0.20928555562534323 
[5], 1, 10, 1, 0.001, 0.05, 1, False 2.088299959304708 38.88416912175169 6.315015565144563 0.0921958340918941 0.6450977440412583 0.4272994763760071 
[15], 24, 5, 1, 0.001, 0.05, 1, False 1.544833910106509 26.371636883261633 3.166947607253215 0.1861210682991977 2.8767063337580434 0.7922677953691407 
[15], 24, 10, 5, 0.001, 0.05, 1, False 1.3157789124865775 22.429426811140996 2.3001731326706345 0.06426387730009975 0.7584635840573256 0.18438835985927762 
[20], 12, 1, 10, 0.001, 0.05, 1, False 3.00650192891006 48.26931257245399 13.232852764955553 0.41746126976671355 2.8259678226994187 3.9853255453315 
[20], 24, 1, 10, 0.001, 0.05, 1, False 1.5952746933326125 26.20374489477992 3.7554975054854096 0.12039820465363257 1.776114732865912 0.5680338100521566 
[15], 36, 15, 10, 0.001, 0.05, 1, False 1.2794701991740753 19.74981990443537 2.0846520640673973 0.05506764016376619 1.1765636685618095 0.1827873725631223 
[20], 1, 1, 10, 0.001, 0.05, 1, False 2.12007797167257 42.37441485768818 6.715779959164082 0.14898078220356775 2.37621172227716 0.24035612943062667 
[10], 1, 10, 1, 0.001, 0.05, 1, False 2.3624871041901683 40.3383683936753 7.496457600251436 0.04373234797190469 0.35834115158290886 0.2452467291504261 
[30], 1, 5, 10, 0.001, 0.05, 1, False 2.008569266750581 36.90927748699195 5.423678630327308 0.07599585537516512 1.214793767055743 0.320278148731004 
[15], 36, 10, 5, 0.001, 0.05, 1, False 1.3086077977799713 21.054982243830256 2.232670152399878 0.013419351614571565 0.46711986735706723 0.04167656314507441 
[15], 36, 5, 1, 0.001, 0.05, 1, False 1.4734005142693167 25.195371692803516 3.0589519863970267 0.21013591948167162 4.545283914397274 1.0390016746671944 
[30], 12, 5, 10, 0.001, 0.05, 1, False 1.961592110460279 35.583583359602066 5.233699761877361 0.059766339950909436 1.0478661065483155 0.36485429636449956 
[15], 24, 15, 10, 0.001, 0.05, 1, False 1.2673436832717728 20.959987636186884 2.06347258138786 0.01884544110751301 0.13816450521212395 0.03646103386074097 
[5], 24, 5, 10, 0.001, 0.05, 1, False 1.336370069816433 22.53048947318227 2.404523938486936 0.07677056111973773 2.072571253750217 0.3379972255039441 
[15], 12, 15, 10, 0.001, 0.05, 1, False 1.8799929435192428 33.95482649746983 5.317249052495284 0.19444304481278119 3.237688461628479 0.9802775569252989 
[5], 36, 5, 10, 0.001, 0.05, 1, False 1.3760219538998273 21.946040192388878 2.55253831852062 0.09423854377845403 1.783353395436511 0.3713477597306143 
[30], 1, 10, 1, 0.001, 0.05, 1, False 2.3558596859651577 39.7224374239021 7.36597371988514 0.054212862451312065 0.4237659319521526 0.27757964237271715 
[15], 1, 1, 10, 0.001, 0.05, 1, False 2.271179873924012 44.90038049247915 7.264619415816957 0.11076152951905135 0.5018610785836256 0.043159377116699496 
[5], 12, 5, 10, 0.001, 0.05, 1, False 2.232032243624605 41.76511933710964 6.6705462324460365 0.048979788431356974 0.7256305043409893 0.20795386713126096 
[10], 36, 1, 10, 0.001, 0.05, 1, False 1.8604704457231696 26.381775688317337 5.734319814915086 0.4274313784607732 4.402045914332479 3.1367809590043016 
[15], 36, 20, 1, 0.001, 0.05, 1, False 1.6279639144048643 28.876935199788424 3.7770958006161734 0.10471865724655667 2.8088891691971067 0.5743941052895206 
[10], 12, 5, 10, 0.001, 0.05, 1, False 2.0166921416780466 37.87897658630286 5.883259031602588 0.09516884813982483 2.2191720603968323 0.48010914300479796 
[15], 12, 1, 10, 0.001, 0.05, 1, False 2.939892903239363 47.81055883260088 12.263713459731848 0.21576446909236036 1.1875231330767637 2.548028898561804 
[30], 12, 10, 1, 0.001, 0.05, 1, False 2.270676063421975 39.93254218460465 6.93306439760975 0.08559424588922372 1.0783035094581837 0.4110088433879176 
[20], 24, 15, 10, 0.001, 0.05, 1, False 1.3465509512220268 21.82885527726386 2.3622100653287723 0.06586604643204895 1.499555702994086 0.2973394734829208 
[20], 12, 5, 1, 0.001, 0.05, 1, False 2.3172823718990436 40.861069391636995 7.29208298851416 0.260042247842309 3.0613615059774135 1.714533363064089 
[20], 1, 5, 1, 0.001, 0.05, 1, False 2.7218638590019615 43.84342833590239 9.618877662898766 0.0898716006404357 0.8416656748437192 0.6133992084890436 
[20], 1, 10, 5, 0.001, 0.05, 1, False 2.2670629290932856 40.94562698239752 6.798686893512653 0.03291080158875145 0.7087955228260803 0.17701512997962382 
[20], 24, 5, 1, 0.001, 0.05, 1, False 1.4518967227596378 24.6341747921382 2.7464685475181105 0.1316385942143354 2.4313312948238286 0.5829369241351618 
[20], 24, 10, 5, 0.001, 0.05, 1, False 1.395670891456582 22.861821048887858 2.4914242204231645 0.08699968515365086 1.5586721478045464 0.38673089859578463 
[15], 24, 20, 1, 0.001, 0.05, 1, False 1.8421483233433078 32.634266423575504 4.908740722988296 0.22553237727961134 4.314260259847581 1.5115888440289154 
[10], 1, 1, 10, 0.001, 0.05, 1, False 3.0188210695361097 50.950902340990716 12.098005709212543 0.13860689076075974 2.3555746142706586 1.2904550958686598 
[30], 36, 1, 1, 0.001, 0.05, 1, False 1.781553103923108 28.889922433671273 5.2585418090696905 0.513245248146674 6.762055575327866 2.5365412107512233 
[5], 1, 1, 10, 0.001, 0.05, 1, False 3.4742079880605967 51.53591545151399 16.170990646228574 0.42367204780834505 1.8741603240059106 3.991787243624345 
[15], 12, 20, 1, 0.001, 0.05, 1, False 2.1919559587621023 39.49393752842911 6.603204514994046 0.022724560424397897 0.31651522126233284 0.12931119500024296 
[15], 1, 10, 5, 0.001, 0.05, 1, False 2.2912337435547396 41.5052985760467 6.948583532693756 0.06133307973571846 0.8743584430805555 0.3667316887360479 
[15], 1, 5, 1, 0.001, 0.05, 1, False 2.7867853860405307 44.900786270113024 10.183867192528584 0.11232095865816209 0.9077790356517059 0.755136907669879 
[10], 36, 5, 1, 0.001, 0.05, 1, False 1.5892225854098794 26.387812101325522 3.57040989628009 0.12684212898512884 3.114558559358766 0.5489649538592918 
[5], 36, 10, 1, 0.001, 0.05, 1, False 1.6314159751628283 29.220960075314224 3.824283978242468 0.14989487962695297 4.081180326824367 0.8590822810816053 
[5], 24, 10, 1, 0.001, 0.05, 1, False 1.648245621058676 28.784704323135568 3.880478967671563 0.060159889455269476 0.7619301771138663 0.5385356026712279 
[10], 36, 10, 5, 0.001, 0.05, 1, False 1.3064970196259242 20.682418244054507 2.1497594725929456 0.05815150812401687 0.8251858397848626 0.22234630485044754 
[15], 12, 5, 1, 0.001, 0.05, 1, False 2.3183028614010524 41.25831647841841 7.105737805875744 0.06142661600082358 0.9910272009007951 0.4736201142942328 
[5], 12, 10, 1, 0.001, 0.05, 1, False 2.173040594215746 40.69153009601148 6.744246061196905 0.03310761080463006 0.4184254128863028 0.24566631781815593 
[10], 12, 10, 1, 0.001, 0.05, 1, False 2.397403854449038 41.528365088816265 7.625736267373878 0.18633931508704724 1.3313911696736267 0.968730347517938 
[20], 24, 20, 1, 0.001, 0.05, 1, False 1.6996681763756054 29.56590066944449 3.9989985586498142 0.13889403795171523 2.3479154108502476 0.6331791100844427 
[15], 12, 10, 5, 0.001, 0.05, 1, False 2.247371901502764 40.50168437145587 6.836162910173535 0.11161057855770036 2.1181391301876946 0.6086797077228835 
[30], 24, 1, 5, 0.001, 0.05, 1, False 1.8872469366804043 30.318884722558778 5.421477983370518 0.24882481012206492 2.627085096604715 1.5835193133709617 
[5], 1, 5, 1, 0.001, 0.05, 1, False 2.5208306130504714 43.88672902764333 8.443428217369998 0.12548674602737905 1.1370548323739786 0.857750567878357 
[20], 36, 5, 10, 0.001, 0.05, 1, False 1.1513988788619087 17.839617062314506 1.674056635648977 0.09707136605031269 1.561114578993853 0.33090434459457857 
[15], 24, 5, 5, 0.001, 0.05, 1, False 1.3621860101819039 22.19101192826449 2.4207134822197225 0.03281974635867158 0.8073150528828303 0.11421257164658495 
[30], 12, 1, 10, 0.001, 0.05, 1, False 2.965261446405202 47.71349096123748 12.20900284296694 0.13678523205315019 1.589447792945733 1.452423953573263 
[10], 24, 10, 5, 0.001, 0.05, 1, False 1.3921639391117624 24.787294590042226 2.7892722440893998 0.06738738829403956 0.8007850484006559 0.2808743003240349 
[10], 1, 5, 1, 0.001, 0.05, 1, False 2.6650116031989453 44.16774874564757 9.361599529767613 0.03608823186764553 0.20416079368244455 0.22587492154806887 
[30], 1, 1, 10, 0.001, 0.05, 1, False 1.8825146738094862 38.465824972371855 5.951993161939606 0.04627553837853206 0.7393438744564325 0.13808474623713793 
[15], 36, 5, 5, 0.001, 0.05, 1, False 1.2548371376469734 19.668894862059492 2.0631855195227278 0.01287305038199871 0.2975904059176221 0.08352696644035515 
[30], 36, 1, 5, 0.001, 0.05, 1, False 1.89214983664591 27.528874178818416 5.558165629771991 0.11275469294662116 1.32367965509686 0.6628457151227563 
[15], 1, 15, 10, 0.001, 0.05, 1, False 2.403463703821654 42.397179309746804 7.74880001110073 0.12292272132364469 1.8691020533487206 0.7235365486781735 
[10], 36, 15, 10, 0.001, 0.05, 1, False 1.2312105364890564 19.642495047264166 1.9338853533703022 0.028582297874213645 1.0407562290123742 0.16764144330956232 
[20], 36, 10, 1, 0.001, 0.05, 1, False 1.5336039235263514 25.6694448308658 3.209167224210512 0.04084612972725783 0.6840961733229368 0.11052966104222248 
[30], 12, 5, 1, 0.001, 0.05, 1, False 2.46680168188522 42.8090752310787 7.823851917320597 0.028590503462472747 0.5512850729079332 0.16142789911817457 
[10], 24, 15, 10, 0.001, 0.05, 1, False 1.352794658951461 22.905271888780224 2.4965857509949734 0.09151487868899692 0.6048751683652713 0.2891162156440294 
[30], 1, 5, 1, 0.001, 0.05, 1, False 2.707128505726103 43.28240064567937 9.414398315702787 0.058195009151072265 0.6431082255164813 0.4075080375703169 
[30], 1, 10, 5, 0.001, 0.05, 1, False 2.3164157215367864 41.31229977317411 7.007204624372619 0.006310355943218182 0.10102767035823701 0.03637381091563884 
[10], 1, 10, 5, 0.001, 0.05, 1, False 2.241406908990056 41.09810708324006 6.755610801729046 0.0746527145292 1.5622719375284078 0.38745141709075903 
[5], 1, 10, 5, 0.001, 0.05, 1, False 2.3560476584911902 41.756702068466744 7.466505418779776 0.042280948768789475 0.30235430550318326 0.2948888864941211 
[20], 1, 5, 5, 0.001, 0.05, 1, False 2.094766895404016 37.572998874373496 5.886124568974487 0.04373092486619808 0.5062231708878734 0.19883579476697164 
[30], 24, 15, 5, 0.001, 0.05, 1, False 1.3428185293657915 22.184769465191252 2.316649842788543 0.05031125061805933 0.7984404558517393 0.18172320678256135 
[20], 12, 5, 5, 0.001, 0.05, 1, False 2.1259780227999996 38.20486113424585 6.157650072104846 0.13757798009586633 2.067571692318467 0.6702537913593297 
[5], 36, 1, 10, 0.001, 0.05, 1, False 1.705985219190242 26.54452663674083 4.498827938258031 0.2399081604111077 3.000952431184518 1.4064374652252238 
[20], 24, 5, 5, 0.001, 0.05, 1, False 1.408047275983349 23.387895761135223 2.6253705582039792 0.01888139842417575 0.63169651639126 0.10363849270794563 
[10], 12, 1, 10, 0.001, 0.05, 1, False 3.156666988593147 52.17707760559562 13.77880644846723 0.2301455522349836 2.844594742313493 2.382330743449961 
[15], 36, 20, 5, 0.001, 0.05, 1, False 1.3509783833184177 21.370947283952706 2.278026034843787 0.055071041492868525 0.4449321309687401 0.14972769113856788 
[5], 24, 1, 10, 0.001, 0.05, 1, False 2.372735832007257 35.11460568106792 9.269897894985414 0.43934623437136927 4.481986861178278 3.538168201473193 
[20], 36, 1, 10, 0.001, 0.05, 1, False 1.8586554812612357 26.73670361175303 5.501019729751384 0.298063074622595 4.0817722874862215 2.097912851810899 
[15], 1, 20, 1, 0.001, 0.05, 1, False 2.212929302854118 38.89234065908429 6.604152832008956 0.021228453667669064 0.23222748179669414 0.1069046137074796 
[30], 12, 10, 5, 0.001, 0.05, 1, False 2.1423733365480544 38.458466560054156 6.33652478928845 0.01886783915679905 0.6771926542009713 0.11870774890664679 
[10], 24, 1, 10, 0.001, 0.05, 1, False 1.6249744027922002 26.920604980157908 3.8135279395766553 0.05685766171100078 0.2646451845825598 0.15244798615513 
[15], 24, 10, 10, 0.001, 0.05, 1, False 1.3056292121126145 21.20151780347479 2.2097672230048873 0.0964872469091117 1.9509743679228007 0.31914903883309614 
[10], 36, 20, 1, 0.001, 0.05, 1, False 1.6927132282406092 29.100176824399814 4.20794180746883 0.11812953399676807 3.219024749784216 1.058810894675768 
[5], 12, 1, 10, 0.001, 0.05, 1, False 5.949701382685021 92.94662716858345 56.37326323250093 3.956056872538883 57.818962186250936 59.997822057073726 
[30], 12, 15, 10, 0.001, 0.05, 1, False 1.5259329556039087 27.189635928616326 3.4635479811877565 0.12003487088415189 2.0839565831093525 0.5106405800745241 
[30], 1, 15, 10, 0.001, 0.05, 1, False 2.3526043011496465 41.5294547720654 7.388305535544178 0.017251355802634365 0.361835788523961 0.07597419295523412 
[15], 24, 20, 5, 0.001, 0.05, 1, False 1.3738243494320799 23.060273206232353 2.4067190526130275 0.05362045576268885 1.0668750246345071 0.20174455923067303 
[10], 24, 20, 1, 0.001, 0.05, 1, False 1.7747039961042228 30.53011917076094 4.176105361434037 0.14861090840462315 3.2279838066895663 0.9905492197926796 
[15], 36, 10, 10, 0.001, 0.05, 1, False 1.216693619611087 18.820327765372113 1.9696600638749768 0.01980223194912606 0.25695787450235535 0.03437694490948221 
[30], 24, 5, 10, 0.001, 0.05, 1, False 1.3609460212152316 21.44592608285223 2.4711851743036237 0.033140275625552766 0.4076064337395713 0.18016119532019986 
[15], 12, 20, 5, 0.001, 0.05, 1, False 2.0621272909696455 37.232774992174 5.9043302587223705 0.08399440336742224 1.294499481646232 0.4286903492215055 
[15], 1, 5, 5, 0.001, 0.05, 1, False 2.2019524711839575 39.261116293325465 6.457788900824567 0.13635893827666887 1.4513872802481618 0.7397558369292769 
[10], 36, 5, 5, 0.001, 0.05, 1, False 1.4367521106920862 22.653858553316265 2.953477162519865 0.06760772367821569 1.087909441713871 0.35567886333042503 
[15], 12, 5, 5, 0.001, 0.05, 1, False 2.495127144642174 43.79900099527748 8.37172797122838 0.05447544680504903 1.0189843616113414 0.3870005712001026 
[5], 36, 5, 1, 0.001, 0.05, 1, False 2.0280044751241806 37.69234741898648 5.612173318501081 0.0515228784989455 1.5520458581457521 0.23634931579557222 
[20], 36, 5, 1, 0.001, 0.05, 1, False 1.4014275890809518 23.07882290048455 2.7242938264074934 0.07721649137586721 1.9448259904347547 0.34477343542197625 
[20], 24, 20, 5, 0.001, 0.05, 1, False 1.3860718012132027 23.19846078455632 2.3972856982446746 0.06980309551444679 1.243570478487846 0.2896667106552445 
[10], 12, 5, 1, 0.001, 0.05, 1, False 2.6173820270432366 45.65281667710992 9.227349070541804 0.20280393623336915 2.1863920708836595 1.2816853866845797 
[5], 36, 15, 10, 0.001, 0.05, 1, False 1.3430315293647626 22.650148568835505 2.4504262033637967 0.11241408232713468 2.1423911593534286 0.4252288271779518 
[15], 24, 15, 1, 0.001, 0.05, 1, False 1.6956142664093665 29.556075242632996 3.9390444726031766 0.15332668829731805 2.4843697874621333 0.7796332767863291 
[5], 24, 5, 1, 0.001, 0.05, 1, False 1.9753770064838505 35.22838246276845 5.22149597647324 0.12942854952548555 3.389949691970657 0.7609697046907864 
[30], 12, 20, 1, 0.001, 0.05, 1, False 2.1715810776308735 38.32745124625632 6.430783313172043 0.030127181697931712 0.42349948627361295 0.15523707770287007 
[30], 1, 20, 1, 0.001, 0.05, 1, False 2.29052528657571 38.90229717125305 7.0015804236306245 0.04907948436254534 0.3534942457262956 0.27123926716688934 
[20], 1, 10, 10, 0.001, 0.05, 1, False 2.3751488921473976 42.22392101341183 7.458655452110411 0.1562332549398988 2.275023139609109 0.9341866597237927 
[10], 24, 5, 1, 0.001, 0.05, 1, False 1.6494820960969836 28.08010522626132 4.152350266555703 0.13904293296390274 3.8725271845600067 0.665007115145507 
[15], 36, 15, 1, 0.001, 0.05, 1, False 1.7315352637320753 30.144505116253885 4.27532341410763 0.1482036108139654 4.050770999541024 0.7194374262889095 
[30], 24, 10, 1, 0.001, 0.05, 1, False 1.5555754020810129 26.794388632852034 3.2930673756930866 0.10666097758412364 1.9191183649990735 0.516674645804281 
[20], 24, 10, 10, 0.001, 0.05, 1, False 1.2856632643689714 20.690079498641264 2.1118919549462354 0.05030394222507566 0.8094402261961733 0.15345518181554735 
[5], 12, 5, 1, 0.001, 0.05, 1, False 2.3013548091191933 42.05070266213874 7.274822715723718 0.11797332387902693 2.1954622603559075 0.7850571336685923 
[30], 36, 5, 10, 0.001, 0.05, 1, False 1.2490876568826261 19.418265617781355 1.9993644072868166 0.07535597210293922 1.11672674543573 0.3077655822299008 
[5], 1, 5, 5, 0.001, 0.05, 1, False 2.405408049126466 42.34922113914502 7.727991703125906 0.14733537841552602 1.571460811958155 0.8524563861439771 
[10], 1, 5, 5, 0.001, 0.05, 1, False 2.299877387554281 40.77881747570266 7.009981025786842 0.1303912085948122 1.0020209215946094 0.7037226081837554 
[30], 12, 5, 5, 0.001, 0.05, 1, False 2.086688124671302 37.55035692918093 5.76498933696926 0.03521073951247303 0.8053932635287104 0.25137548389859976 
[5], 36, 10, 5, 0.001, 0.05, 1, False 1.428720218308822 24.098769263614695 2.735993832390229 0.028235435496417965 0.9004732171414089 0.1657916630570982 
[30], 36, 1, 10, 0.001, 0.05, 1, False 1.5895232682909681 23.991506517566574 3.81431707956777 0.10070961812796386 0.7324876561409442 0.5660636054099115 
[10], 12, 10, 5, 0.001, 0.05, 1, False 2.412118452825342 42.97571067835555 7.8797366494507415 0.14709029886655495 1.4022721938821017 0.9575305737690083 
[5], 24, 10, 5, 0.001, 0.05, 1, False 1.5100598555886087 27.136796822026724 3.268270420577498 0.16106484112447533 2.4349456369767015 0.6145230997771627 
[30], 36, 10, 1, 0.001, 0.05, 1, False 1.536984408136319 25.543742845333142 3.1157165671108573 0.07940362562878577 1.310875677110799 0.3006094243145853 
[5], 36, 20, 1, 0.001, 0.05, 1, False 2.0085669795189194 36.76205415523856 5.697668725787769 0.20727218982147805 4.870262717501736 1.1391873334774658 
[10], 1, 15, 10, 0.001, 0.05, 1, False 2.510640942236339 44.801016177940674 8.268964678587261 0.028942131500867763 0.3592345739487011 0.1989086616178069 
[30], 1, 5, 5, 0.001, 0.05, 1, False 2.0326285265524078 36.533229907416455 5.515126158329213 0.07999007960916 1.099345973363893 0.3732530676312946 
[5], 12, 10, 5, 0.001, 0.05, 1, False 2.354169225734141 43.50060300622803 7.491191926859503 0.11184050202382069 2.029657101233516 0.5456513074064486 
[20], 1, 15, 1, 0.001, 0.05, 1, False 2.217200434470066 38.62328301745369 6.652870601445616 0.07320120793612166 0.7015762344570377 0.3830940042909882 
[20], 36, 15, 10, 0.001, 0.05, 1, False 1.2732512338431896 19.745979183247417 2.080683885502308 0.006614638635449504 0.21804830031071454 0.03520423454941709 
[20], 24, 15, 1, 0.001, 0.05, 1, False 1.7803225205452353 30.73589654624739 4.35755323266462 0.025440030896338624 0.2610909611429981 0.2239528613882721 
[10], 12, 15, 10, 0.001, 0.05, 1, False 1.8638383228745727 33.02431207727076 5.286706971818114 0.33942763093234213 5.715745925732023 1.774449598701679 
[20], 36, 10, 5, 0.001, 0.05, 1, False 1.3597730068765854 21.732632494907104 2.329272091212424 0.03805162358152063 0.5550944431031531 0.11573021201361076 
[30], 36, 5, 1, 0.001, 0.05, 1, False 1.3260490091103647 21.22676440774325 2.2817190354315318 0.05134275951671416 0.9931640447466521 0.22338659075877984 
[20], 1, 15, 10, 0.001, 0.05, 1, False 2.3645215182392687 41.70919054412482 7.495411063468816 0.0904512201303363 1.286119911123445 0.44769142582916044 
[5], 24, 15, 10, 0.001, 0.05, 1, False 1.394855861062253 24.311989785340245 2.737421487173723 0.1293423418639931 1.80897803760644 0.40295894565080875 
[5], 12, 15, 5, 0.001, 0.05, 1, False 2.1648494539161516 41.10484776060827 6.548192965115599 0.0379826870250675 0.786198629803447 0.2296894494472057 
[5], 1, 15, 10, 0.001, 0.05, 1, False 2.2888151927402727 41.065692153368225 7.164190675373678 0.06919032598189316 0.36422572961293476 0.3167269627498245 
[30], 36, 15, 5, 0.001, 0.05, 1, False 1.2608549916633853 20.1610245746495 2.004373546171333 0.019091795592177427 0.08885819462710119 0.04243303799781128 
[10], 1, 20, 1, 0.001, 0.05, 1, False 2.296780631291094 39.654749429905216 7.124541280556076 0.07047783995766503 0.7069820991106222 0.41794781422662675 
[20], 36, 20, 1, 0.001, 0.05, 1, False 1.544030747879986 25.84583857650937 3.2882239280909764 0.11785177424928414 3.1234108910600207 0.6727199166294496 
[15], 1, 10, 10, 0.001, 0.05, 1, False 2.3348423515480974 42.069513563322865 7.178110405863801 0.0923704515885136 1.4879760773141533 0.5714251289303827 
[30], 24, 1, 10, 0.001, 0.05, 1, False 1.6089725691756165 25.66790777566683 3.730433459811058 0.09993538523379969 1.023293752754341 0.5075067907756109 
[10], 36, 10, 10, 0.001, 0.05, 1, False 1.257129450708076 20.488979870403693 2.084399723667012 0.05213127213963441 0.8531760604772218 0.17025151673660777 
[10], 12, 20, 1, 0.001, 0.05, 1, False 2.1785292941249073 39.81441668255612 6.787474327734452 0.04998837627024623 0.7595107885960174 0.366991371547755 
[15], 1, 20, 5, 0.001, 0.05, 1, False 2.391043485763172 43.05070141204954 7.5893620411933105 0.022180139945870706 0.2271546410013768 0.15720906126312584 
[10], 36, 20, 5, 0.001, 0.05, 1, False 1.3694768859487443 23.088243770218195 2.5630183724239135 0.06434263271385769 1.40669143747128 0.31028982223953844 
[10], 24, 20, 5, 0.001, 0.05, 1, False 1.4207831746588153 23.834800427376035 2.602804261892093 0.14314485892715825 2.880491350453327 0.5935402158029616 
[20], 12, 15, 10, 0.001, 0.05, 1, False 1.796789123904374 31.718109866553288 4.735951095703184 0.14672283610365647 2.461243335546108 0.5867448882257325 
[15], 12, 10, 10, 0.001, 0.05, 1, False 2.2084103069233674 39.789541915774954 6.542608415594095 0.06939641558903144 1.4023207139773364 0.4214949263811857 
[10], 24, 10, 10, 0.001, 0.05, 1, False 1.3487729686622816 21.536081865881155 2.372254232009297 0.10294922554365593 1.3586723235037057 0.31381581170983164 
[20], 36, 5, 5, 0.001, 0.05, 1, False 1.2707064536227675 20.202191203226665 2.0318000071410385 0.03164156677781384 0.3138641293351621 0.09710100913976977 
[30], 36, 10, 5, 0.001, 0.05, 1, False 1.2950042033774987 20.655745537972447 2.1722239965803873 0.035475070735494586 0.7244835866884748 0.1312341968143008 
[20], 1, 20, 1, 0.001, 0.05, 1, False 2.345508783627991 39.4338884143094 7.307303731288752 0.060721628479148824 0.6002713779421686 0.2773116941051029 
[15], 1, 15, 1, 0.001, 0.05, 1, False 2.24988381014102 39.04549672713895 6.8782881537169045 0.07359714141930514 0.5353864729306027 0.3652094661632574 
[30], 24, 5, 1, 0.001, 0.05, 1, False 1.446756570192951 23.812810807522524 2.870550441211091 0.07353582291596193 1.419679788309738 0.4470096685940814 
[5], 24, 20, 1, 0.001, 0.05, 1, False 2.048828721253408 36.4018542364222 6.21920682902537 0.3598217714300237 5.815012437671202 2.162354658503669 
[5], 1, 20, 1, 0.001, 0.05, 1, False 2.3270075650954687 40.058795677807574 7.295988156287952 0.009431796659790373 0.6263667622290804 0.07935793775235489 
[10], 36, 15, 1, 0.001, 0.05, 1, False 1.71345847711243 29.585323795577995 4.266174671924301 0.2627960136297166 4.248687226006726 1.4152226280077205 
[30], 12, 20, 5, 0.001, 0.05, 1, False 1.9030939463801957 33.77235444454947 5.199284020474029 0.2012145659654816 3.9650739427612693 0.939720210770814 
[30], 1, 20, 5, 0.001, 0.05, 1, False 2.321566809044668 41.47291625217352 7.193813303570738 0.014247646273647994 0.27524901738428365 0.0670398278738275 
[30], 1, 10, 10, 0.001, 0.05, 1, False 2.345555202062759 41.6965838523604 7.164562195044659 0.02238300180688926 0.2802177066504071 0.15060127181048782 
[5], 36, 5, 5, 0.001, 0.05, 1, False 1.2435085508627475 21.43595641130725 2.2512445331789657 0.10604029936627543 2.5675713407800203 0.42235104855983296 
[10], 12, 5, 5, 0.001, 0.05, 1, False 2.330359347461274 41.992087998195636 7.311035087288167 0.16997041777008765 3.0815181189993606 0.9230311367632871 
[30], 24, 10, 5, 0.001, 0.05, 1, False 1.3681682745477668 22.220684936524282 2.428103971752774 0.08923925000765116 1.6049458868673196 0.37598271858440796 
[15], 12, 15, 1, 0.001, 0.05, 1, False 2.221889774018415 39.27628599988999 6.6330239617023485 0.09259503133419258 1.3095748208202982 0.4411759438987184 
[5], 24, 5, 5, 0.001, 0.05, 1, False 1.4274813291099335 25.82809788684862 2.8870391736391903 0.09404138611487478 1.6134701640777014 0.3622485665065346 
[10], 24, 15, 1, 0.001, 0.05, 1, False 1.9751109428151887 34.475433404426774 5.268651044049577 0.05975439546351063 1.2750140207883085 0.40708303082656894 
[20], 24, 20, 10, 0.001, 0.05, 1, False 1.31629834347577 20.917867529060942 2.1643527882492646 0.0412380264372463 0.9232511231613854 0.10740848322159764 
[10], 24, 5, 5, 0.001, 0.05, 1, False 1.3055845119473006 22.439687240803305 2.187507996333894 0.030716719382395154 0.6742861977496271 0.20513675467521286 
[30], 36, 5, 5, 0.001, 0.05, 1, False 1.2916020227044267 20.20855294209581 2.078517530369328 0.0633257391703697 0.9742728191733868 0.22201735648712964 
[20], 12, 20, 1, 0.001, 0.05, 1, False 2.253335939982423 39.762854447334426 6.841001100218072 0.05005747777327447 0.5290961870785055 0.2892123461221712 
[5], 12, 5, 5, 0.001, 0.05, 1, False 2.13699901919398 40.488316718338666 6.275804400967857 0.10531098854308289 1.2628365234445214 0.3986722871549267 
[30], 12, 10, 10, 0.001, 0.05, 1, False 2.004069652325577 36.414362440548636 5.526111776641764 0.025391762780962522 0.676305757902128 0.10884022205571106 
[30], 1, 15, 1, 0.001, 0.05, 1, False 2.2969243130060253 39.30556434993972 7.0777504276442755 0.016585063291114 0.1066561379329433 0.07359511674404826 
[20], 12, 5, 10, 0.001, 0.05, 1, False 2.0686988496739 37.63497307025808 5.771689981193582 0.04681982123130341 0.5519589477163667 0.22293999919810897 
[15], 36, 20, 10, 0.001, 0.05, 1, False 1.2131207534560453 19.194425812670236 1.9134010448088674 0.05935875848158524 0.6596123401442491 0.11942186383048489 
[30], 12, 15, 1, 0.001, 0.05, 1, False 2.247718462506654 39.098014612640235 6.826327380438253 0.062430799871329004 1.0358953663212727 0.26350248837089557 
[15], 12, 20, 10, 0.001, 0.05, 1, False 1.5346598630150161 26.962170141290002 3.507860443712257 0.3270583330400094 6.797277612116373 1.548351901893901 
[10], 1, 10, 10, 0.001, 0.05, 1, False 2.3448403009179013 42.697143164121876 7.260690491494251 0.06366799706878863 0.7522158442970057 0.39457425857379497 
[15], 24, 20, 10, 0.001, 0.05, 1, False 1.2663798001422377 20.357395228040733 2.0025445672236795 0.05883693950671306 1.2462325889024792 0.18655863628189961 
[5], 36, 20, 5, 0.001, 0.05, 1, False 1.3752839289467644 23.383084326934917 2.699377186298589 0.07365733255481537 1.7497065677512569 0.41238400959663035 
[20], 12, 10, 1, 0.001, 0.05, 1, False 2.266479496271522 40.48469204961469 6.984662493461659 0.04354628437961708 0.6662344322224018 0.1547568730409249 
[5], 1, 10, 10, 0.001, 0.05, 1, False 2.297865071616791 41.98702341893088 7.125110151942988 0.08400145016260378 1.2768151718322032 0.4027744539445097 
[30], 24, 15, 10, 0.001, 0.05, 1, False 1.2422255449686894 19.892816829336706 1.9658868336175084 0.011506582104034019 0.11439067598126844 0.09090600295880973 
[10], 1, 20, 5, 0.001, 0.05, 1, False 2.518621175525779 46.086472583917235 8.331253423888674 0.08544871848775105 1.2208792561764796 0.6078094623174232 
[10], 1, 15, 1, 0.001, 0.05, 1, False 2.2731435323341027 39.60620956516674 7.0026208293729555 0.01717053232597204 0.11301240332834117 0.08326987579930763 
[20], 36, 20, 5, 0.001, 0.05, 1, False 1.3062291689355066 20.705028817311046 2.2413995390787727 0.014408055547006067 0.21530549881381064 0.10584546030992316 
[5], 1, 15, 1, 0.001, 0.05, 1, False 2.169039800942496 39.503613942716676 6.613857021347113 0.1088101439470247 0.894069692067721 0.43881713054314964 
[10], 12, 20, 5, 0.001, 0.05, 1, False 2.2894912898954414 41.60758417567931 7.118096634599717 0.05907990640244098 1.0638283504102328 0.24424345310569126 
[30], 24, 20, 1, 0.001, 0.05, 1, False 1.5643711968290586 27.51565798064128 3.352742006078708 0.08211753674673888 1.4666021474100006 0.6103955127900322 
[30], 24, 5, 5, 0.001, 0.05, 1, False 1.349088577408758 21.31591895966687 2.422814319704331 0.09001418935338658 1.7443221369272526 0.45228074721061523 
[30], 36, 10, 10, 0.001, 0.05, 1, False 1.2334505255506547 19.414717559414203 1.9383051721237685 0.043644267571839195 0.8355409460712584 0.16067142724395764 
[5], 24, 20, 5, 0.001, 0.05, 1, False 1.549729247605083 27.45770978103005 3.3250635856288864 0.1952807276861441 3.3435878196815505 0.7816604605503427 
[20], 36, 10, 10, 0.001, 0.05, 1, False 1.2907836712482907 20.319924028522237 2.117817014910897 0.01870490399771411 0.388083221481028 0.1009943246745316 
[5], 36, 10, 10, 0.001, 0.05, 1, False 1.1854899531092358 19.030071769250636 1.989364879091939 0.13952780690394267 2.3693369760641643 0.4836506637967419 
[10], 12, 10, 10, 0.001, 0.05, 1, False 2.212202410703456 40.108556090644925 6.718966617657582 0.1388990932088085 2.5788268640210266 0.7807940243950799 
[30], 1, 20, 10, 0.001, 0.05, 1, False 2.283205413942536 40.807752767319926 6.975554906438486 0.019664138647514092 0.27862440375989805 0.11095570947960573 
[15], 1, 20, 10, 0.001, 0.05, 1, False 2.44917963668704 44.19299001517529 7.905477484971523 0.07495649132653749 1.0681142611977463 0.4635245110525793 
[5], 1, 20, 5, 0.001, 0.05, 1, False 2.1759108027098355 39.80620172038823 6.646775972873415 0.11751471237183808 1.0681208942424119 0.48998174942258327 
[5], 24, 10, 10, 0.001, 0.05, 1, False 1.4545861512146614 25.141781652812707 2.9533030349428024 0.0595337101215407 0.826969742760727 0.0993418168910225 
[30], 36, 15, 1, 0.001, 0.05, 1, False 1.4743830252645742 25.204533325259064 3.0995729210200786 0.193983071157167 3.402878967754082 1.017588277305671 
[20], 1, 20, 5, 0.001, 0.05, 1, False 2.388230184789885 43.11432511839612 7.556717142260307 0.02967970677851499 0.8345739542158225 0.12049472125456169 
[10], 36, 20, 10, 0.001, 0.05, 1, False 1.2680869800625028 20.288787206243807 2.138605867418215 0.11358334610208111 1.5167943918690605 0.40192090786261125 
[10], 24, 20, 10, 0.001, 0.05, 1, False 1.299129871265204 21.72387457766907 2.2428624465615217 0.051859858967696355 1.0940818560693142 0.22000883240834632 
[20], 36, 15, 1, 0.001, 0.05, 1, False 1.5414339364057892 26.321269623866442 3.458403823705441 0.147760632657313 2.942572241683414 0.5123938773382222 
[30], 12, 20, 10, 0.001, 0.05, 1, False 1.843265780502999 32.83358675891618 5.016670304396182 0.15499615788068685 2.7223705982365316 0.6766157130110254 
[5], 12, 10, 10, 0.001, 0.05, 1, False 2.2839402925361085 42.86292532677746 7.036272192993043 0.08900531410661214 1.8102466400570973 0.4428706472301455 
[5], 36, 15, 1, 0.001, 0.05, 1, False 1.6724152165844484 30.550619082858685 4.474508420907866 0.06404438355102535 1.0252961970939944 0.37890399227508725 
[10], 12, 15, 1, 0.001, 0.05, 1, False 2.2838121417909867 41.37851512736179 7.196914383474677 0.08065064413081226 1.179353138920187 0.5227992745016968 
[20], 12, 20, 5, 0.001, 0.05, 1, False 2.0553554570095405 37.034887577396596 6.141110453175277 0.08672888341069963 1.1990657942723402 0.4837430921908683 
[5], 24, 15, 1, 0.001, 0.05, 1, False 1.9760195583381035 34.813212293642415 5.710168583017812 0.2649650038442517 4.344858775384412 1.5025783846170488 
[20], 12, 10, 5, 0.001, 0.05, 1, False 2.074131358428686 37.1990787021907 6.094300011843992 0.09706493213042139 1.6666388921102981 0.35348223489338376 
[5], 12, 15, 10, 0.001, 0.05, 1, False 1.9888641407506331 36.48023831087261 5.785110432337006 0.14204688138463464 3.13658908612341 1.1413218968132102 
[30], 36, 15, 10, 0.001, 0.05, 1, False 1.242284211806125 19.329316042296803 1.9015140414018727 0.01979994630091746 0.5353717606098422 0.07280084076481133 
[5], 12, 15, 1, 0.001, 0.05, 1, False 2.2403533534457285 41.95339630736316 6.94576452744698 0.1731199902078511 2.4747023457274793 0.7825823743917943 
[5], 12, 20, 1, 0.001, 0.05, 1, False 2.11502173235295 39.586557790095874 6.772106207703196 0.12189950546532168 1.8251626121916171 0.6450233096218769 
[30], 24, 10, 10, 0.001, 0.05, 1, False 1.2704821825165442 20.338547875506425 2.0732165264903855 0.019389417654457265 0.3497854576778681 0.058938528312132206 
[30], 24, 20, 5, 0.001, 0.05, 1, False 1.308151663232733 21.738790740317132 2.165170378134953 0.03726072269067733 0.330796403131266 0.08865168334135055 
[30], 36, 20, 1, 0.001, 0.05, 1, False 1.400483559789481 23.137581357256156 2.7524073474730044 0.10014758002527577 1.8067200238586063 0.4723105958704969 
[30], 24, 15, 1, 0.001, 0.05, 1, False 1.7134140408977316 29.518824197343864 4.015004175266357 0.07711557060288714 0.9150424341810293 0.31724534078262906 
[5], 24, 20, 10, 0.001, 0.05, 1, False 1.4434000538041196 25.457010194561907 2.874672549284296 0.042613244784496684 0.2157604059950529 0.10919401210665909 
[5], 36, 20, 10, 0.001, 0.05, 1, False 1.2896792198082918 21.454841652845065 2.208539357139543 0.08287983440070332 1.7131618076733737 0.2928085880417526 
[10], 1, 20, 10, 0.001, 0.05, 1, False 2.4235794391138135 44.579697628512626 7.645985550497418 0.05761565330974977 1.1374144125878538 0.31322692449928863 
[10], 12, 20, 10, 0.001, 0.05, 1, False 1.9862095217737885 35.90442873034553 5.702243563452313 0.20080658175969124 3.4971193829167087 1.0606066353628412 
[20], 36, 20, 10, 0.001, 0.05, 1, False 1.250469782665648 19.401978023187976 2.040528866044976 0.06052587526025729 1.0125659447977284 0.2051206598758515 
[5], 12, 20, 5, 0.001, 0.05, 1, False 2.2264865286924223 41.488140721249806 6.842930817140963 0.03256235582398122 1.061690783467805 0.2514185806213081 
[30], 36, 20, 5, 0.001, 0.05, 1, False 1.2519124341300794 20.12500995876904 2.0250072487990542 0.04874567886882318 0.951030673145234 0.1979088664162754 
[20], 12, 10, 10, 0.001, 0.05, 1, False 2.162254904610691 39.01582446875389 6.383313285959976 0.05830407581968957 1.125441150405477 0.3582435236173575 
[5], 1, 20, 10, 0.001, 0.05, 1, False 2.3427193016917616 42.61000245683533 7.373955419810741 0.13259654447395974 1.495585205360361 0.8058444179648004 
[20], 1, 20, 10, 0.001, 0.05, 1, False 2.3235665109146524 41.77954237090546 7.146843901870281 0.02030238465515139 0.32548922916504996 0.12226233526017301 
[20], 12, 15, 1, 0.001, 0.05, 1, False 2.2271533447076326 39.171780371608754 6.656434690003579 0.05601371205943443 0.5657830398417301 0.40149883029145383 
[30], 24, 20, 10, 0.001, 0.05, 1, False 1.2442338340950234 19.8150135076858 1.983329954771728 0.02600419961210652 0.6687512928335224 0.06325645967141202 
[20], 12, 20, 10, 0.001, 0.05, 1, False 1.986165805340365 35.636736927456234 5.630232920346802 0.17885851794363095 3.053038903610631 0.9392667791444121 
[5], 12, 20, 10, 0.001, 0.05, 1, False 2.289441055983857 41.56554579308039 7.387882193496618 0.06824909662639095 0.9668023959129857 0.3360311754596064 
[30], 36, 20, 10, 0.001, 0.05, 1, False 1.2707702075717628 19.403235100834426 2.0294615395435742 0.03421360217851678 0.47226480808875426 0.10470671680478447 
