lags time_steps dense_nodes lstm_nodes processed scales                        epochs l2 learning_rate mean_mae mean_mape mean_mse                         std mae std_mape std_mse 
[1, 12, 24, 48], [24, 5, 5, 5], [1, 5, 5, 5], [5, 5, 5, 5], [0, 1, 2, 3], 1, 0.001, 512, False, True 2.8690244135833174 93.76389499999587 12.550759921141248 0.37898641928953775 33.971113786307065 3.476066865063132 
[1, 12, 24, 48], [24, 5, 5, 5], [1, 5, 5, 5], [5, 5, 5, 5], [0, 1, 2, 3], 5, 0.001, 512, False, True 2.6246284886725526 100.07970944003743 9.762408794225452 0.03810173783797813 5.609551711752177 0.8316558686385764 
[1, 12, 24, 48], [24, 5, 5, 5], [1, 5, 5, 5], [10, 10, 10, 10], [0, 1, 2, 3], 1, 0.001, 512, False, True 4.407253612212974 122.40703781902093 29.1179136136083 2.0960250858275273 19.468077151191654 22.39601423393925 
[1, 12, 24, 48], [24, 5, 5, 5], [1, 5, 5, 5], [10, 10, 10, 10], [0, 1, 2, 3], 5, 0.001, 512, False, True 2.620159734520647 98.76176292252676 9.623331496920425 0.05194525090440738 7.471530561294016 1.034864294579225 
[1, 12, 24, 48], [24, 5, 5, 5], [1, 10, 10, 10], [5, 5, 5, 5], [0, 1, 2, 3], 1, 0.001, 512, False, True 4.559047289769407 125.72871885198599 31.460209400828745 2.3485283552426255 28.61715229717352 26.504551574591613 
[1, 12, 24, 48], [24, 5, 5, 5], [1, 10, 10, 10], [5, 5, 5, 5], [0, 1, 2, 3], 5, 0.001, 512, False, True 2.6031742531813125 97.09192375488159 9.264181691433228 0.03128474100600575 4.8882471158462675 0.746354153363237 
[1, 12, 24, 48], [24, 5, 5, 5], [1, 10, 10, 10], [10, 10, 10, 10], [0, 1, 2, 3], 1, 0.001, 512, False, True 2.620338214125346 91.82654359539984 9.770765959590216 0.039775445047355334 17.44647969272602 0.706548644952584 
[1, 12, 24, 48], [24, 5, 5, 5], [1, 10, 10, 10], [10, 10, 10, 10], [0, 1, 2, 3], 5, 0.001, 512, False, True 2.6088775764571297 98.66907509558648 9.498191014412658 0.02339465983641329 4.217463555417732 0.5896843761067321 
[1, 12, 24, 48], [24, 10, 5, 5], [1, 5, 5, 5], [5, 5, 5, 5], [0, 1, 2, 3], 1, 0.001, 512, False, True 2.7813383239976783 93.55706274388706 11.605868474667954 0.24984304369521637 20.480779795926388 2.6537155286394913 
[1, 12, 24, 48], [24, 10, 5, 5], [1, 5, 5, 5], [5, 5, 5, 5], [0, 1, 2, 3], 5, 0.001, 512, False, True 2.5778074964218667 92.30803243790254 8.72387252348517 0.028747891127295082 6.802714294871812 0.6846244693204204 
