lags time_steps dense_nodes lstm_nodes processed scales                        epochs l2 learning_rate mean_mae mean_mape mean_mse                         std mae std_mape std_mse 
[1, 24], [24, 5], [1, 10], [20, 20], [0, 1], 1, 0.001, 1, False, True 1.795709172387918 25.88489017258678 4.325340808864709 0.1281306791830247 1.2581650542473422 0.33187073018091195 
[1, 24], [24, 5], [1, 10], [30, 30], [0, 1], 1, 0.001, 1, False, True 1.7770485131001033 24.627090080316265 4.395193356330491 0.12895192591610385 1.5569553987538942 0.7096659585947253 
[1, 24], [24, 5], [1, 5], [20, 20], [0, 1], 1, 0.001, 1, False, True 1.8726898945316124 26.126818484092183 5.036083735564942 0.3621157959081121 5.456669222256154 1.356737189187875 
[1, 24], [24, 5], [1, 5], [30, 30], [0, 1], 1, 0.001, 1, False, True 1.8998907011933628 25.14057989089585 5.339701540248885 0.14292461894384623 1.3874802548809722 0.8284599080465942 
[1, 24], [24, 10], [1, 5], [20, 20], [0, 1], 1, 0.001, 1, False, True 3.5669277954777634 52.103749128350934 18.34256810205943 1.4975616172395827 22.175693509574412 10.772411540197364 
[1, 24], [24, 10], [1, 5], [30, 30], [0, 1], 1, 0.001, 1, False, True 2.526905191134386 34.290419896599616 9.620061272460985 0.1909326655668909 1.0026992897765976 2.818129745604188 
[1, 24], [24, 10], [1, 10], [20, 20], [0, 1], 1, 0.001, 1, False, True 1.4905616529941283 20.586398840769615 3.5137554145997356 0.04547279693525024 0.8472347108327485 0.27618037817150454 
[1, 24], [24, 15], [1, 5], [30, 30], [0, 1], 1, 0.001, 1, False, True 3.375127675315296 49.902737743577234 17.580575282262824 1.4114548241500076 23.4805606386627 13.52481650950435 
[1, 24], [24, 15], [1, 10], [30, 30], [0, 1], 1, 0.001, 1, False, True 2.1181194013329567 27.59437500864811 6.588850046463679 0.3620019589957318 1.8488278721887608 2.5026897189672668 
[1, 24], [24, 15], [1, 10], [20, 20], [0, 1], 1, 0.001, 1, False, True 1.599117636790982 21.129126563987285 4.104705237213918 0.14164167879852427 1.5121113501333932 0.8001056947007291 
[1, 24], [24, 15], [1, 5], [20, 20], [0, 1], 1, 0.001, 1, False, True 2.8037384211948075 41.941639005052686 13.711947896456556 1.6383184439269838 25.896775304027774 13.15880744992473 
[1, 24], [24, 20], [1, 5], [30, 30], [0, 1], 1, 0.001, 1, False, True 2.3347126255743205 32.24465920847605 7.766073696140677 0.6087737551821429 9.393553160541348 3.877408744818325 
[1, 24], [24, 20], [1, 5], [20, 20], [0, 1], 1, 0.001, 1, False, True 3.252857100184041 47.24493984000956 15.87659030588002 1.473963085397154 22.78560934754561 11.643194706491029 
[1, 24], [24, 10], [1, 10], [30, 30], [0, 1], 1, 0.001, 1, False, True 1.9733059781120608 25.503305382541175 5.992175276618712 0.4753431117686022 4.215017207540874 3.1029290116333716 
[1, 24], [24, 20], [1, 10], [20, 20], [0, 1], 1, 0.001, 1, False, True 1.8306160426664135 26.748119832542915 4.577867520907056 0.19862104003616116 2.887317471256798 1.0143526607555726 
[1, 24], [24, 20], [1, 10], [30, 30], [0, 1], 1, 0.001, 1, False, True 1.929250950607713 27.793477371647537 4.918970809574689 0.16187960165897672 2.886714028861876 0.8880025727521355 
[1, 24], [24, 5], [1, 5], [20, 20], [1], 1, 0.001, 1, False, True 2.0594470504188434 27.846161814561736 6.1519462841735475 0.30693228500238934 4.13976519591875 1.4945351701750904 
[1, 24], [24, 5], [1, 10], [30, 30], [1], 1, 0.001, 1, False, True 1.630895309936669 21.764343472920018 4.500202971357719 0.022016105683069772 1.1268024698656522 0.23811743860419518 
[1, 24], [24, 10], [1, 10], [20, 20], [1], 1, 0.001, 1, False, True 1.8663392170539337 24.34966072751683 6.332417828947793 0.29965197003024746 3.554413659256515 1.7409678671336593 
[1, 24], [24, 15], [1, 5], [30, 30], [1], 1, 0.001, 1, False, True 1.6070732451768388 22.65352911738366 4.337578909479871 0.4780636841484226 8.105479653885231 1.9869440985076725 
[1, 24], [24, 20], [1, 5], [20, 20], [1], 1, 0.001, 1, False, True 1.536916369189405 20.64299323949624 3.791755701529459 0.3431584448690516 5.689171207337361 1.2921458365633358 
[1, 24], [24, 20], [1, 10], [30, 30], [1], 1, 0.001, 1, False, True 1.4721711386202114 20.31620904376443 3.501844116178521 0.055601354514065754 1.5880614079866606 0.25599786430034643 
[1, 24], [24, 5], [1, 5], [30, 30], [1], 1, 0.001, 1, False, True 2.201270872685645 30.230029678649213 7.105591970019508 0.6570474219314271 11.171992509756647 3.3963933985654293 
[1, 24], [24, 10], [1, 10], [30, 30], [1], 1, 0.001, 1, False, True 1.8347438911838392 24.659915058607442 5.980547282411003 0.18410908442573842 1.4546968933175286 1.449956460575054 
[1, 24], [24, 10], [1, 5], [20, 20], [1], 1, 0.001, 1, False, True 2.448687218985072 34.37365951564404 8.069286940396251 0.21777678857249613 4.815303890466909 1.0400486989792659 
[1, 24, 48], [24, 5, 5], [1, 10, 10], [20, 20, 20], [1, 2], 1, 0.001, 1, False, True 3.5001892119025197 44.162414384440304 18.096096965650975 0.13094165325011833 3.485089138579662 0.9238891807244285 
[1, 24], [24, 15], [1, 10], [20, 20], [1], 1, 0.001, 1, False, True 1.8236209411587982 26.032234256884266 4.666971939263992 0.20319009438350305 2.419677153282428 1.0125459428075705 
[1, 24], [24, 20], [1, 5], [30, 30], [1], 1, 0.001, 1, False, True 2.183199318270716 27.967241056493688 7.617271750350498 0.45174227501543673 4.2173705883370625 3.1583681995368305 
[1, 24, 48], [24, 5, 5], [1, 20, 20], [30, 30, 30], [1, 2], 1, 0.001, 1, False, True 4.208202600441184 55.1353290923158 24.310039224129923 1.275618181866617 17.385763184878705 11.148850687946052 
[1, 24, 48], [24, 10, 5], [1, 20, 20], [20, 20, 20], [1, 2], 1, 0.001, 1, False, True 4.512408564710577 58.02459024658933 27.35782505499087 0.7543430833159845 10.126929273332442 7.5125356427153305 
[1, 24, 48], [24, 15, 5], [1, 10, 10], [30, 30, 30], [1, 2], 1, 0.001, 1, False, True 2.6548929815594526 33.69685303936627 12.23220916969552 0.8852733530189903 12.07385317542828 6.434618911764726 
[1, 24, 48], [24, 20, 20], [1, 10, 10], [20, 20, 20], [0, 1, 2], 1, 0.001, 1, False, True 3.942877061923759 50.794047789394064 20.05423987503416 0.48070610612586323 7.983703675614834 3.0733875256141534 
[1, 24], [24, 5], [1, 10], [20, 20], [1], 1, 0.001, 1, False, True 1.4603266821139391 20.48566316069659 3.629237440772401 0.06577184581827959 0.8874904352237921 0.6226501968146101 
[1, 24, 48], [24, 20, 20], [1, 20, 20], [30, 30, 30], [0, 1, 2], 1, 0.001, 1, False, True 2.958789387572971 40.55463265783515 14.047237458704018 1.467883228618603 22.22587128766654 10.722229792553787 
[1, 24, 48], [24, 20, 15], [1, 10, 10], [30, 30, 30], [0, 1, 2], 1, 0.001, 1, False, True 2.179238822837188 26.49301692822846 8.788588158154118 0.656046334638793 7.727542145819928 4.582881539435418 
[1, 24, 48], [24, 20, 10], [1, 20, 20], [20, 20, 20], [0, 1, 2], 1, 0.001, 1, False, True 2.8668377203970326 36.52871735214011 12.633984866131422 0.35962875696404073 5.155445074201566 2.653925468852097 
[1, 24, 48], [24, 5, 5], [1, 10, 10], [20, 20, 20], [0, 1, 2], 1, 0.001, 1, False, True 3.261145987147811 42.14213195298265 14.818373983068994 0.46802484027277197 7.5563973182875275 2.61402357960362 
[1, 24], [24, 10], [1, 5], [30, 30], [1], 1, 0.001, 1, False, True 1.5241351062638897 20.693572143150735 4.328853098519149 0.19181461511274553 2.5687879093680204 1.0694580371226021 
[1, 24], [24, 15], [1, 5], [20, 20], [1], 1, 0.001, 1, False, True 2.06562176267444 27.290108993879073 6.151527633005476 0.3690899232746327 5.664725283418794 1.6431382343790033 
[1, 24, 48], [24, 20, 5], [1, 20, 20], [30, 30, 30], [0, 1, 2], 1, 0.001, 1, False, True 2.9534534937219217 36.689888352623704 12.522373000889884 0.47672296996988367 6.164690973195378 2.89220500656328 
[1, 24], [24, 15], [1, 10], [30, 30], [1], 1, 0.001, 1, False, True 1.6502029060696568 23.02131615229909 4.288004982438955 0.2638992984761119 4.863935891052152 0.9729774357381477 
[1, 24, 48], [24, 20, 5], [1, 10, 10], [20, 20, 20], [0, 1, 2], 1, 0.001, 1, False, True 3.0168749629554377 36.97610685387295 14.170708006536403 0.3954448740150671 4.348818447118728 3.1037997575229936 
[1, 24], [24, 20], [1, 10], [20, 20], [1], 1, 0.001, 1, False, True 1.6310086721623385 20.472442327380453 4.492829569638036 0.1515839195841754 1.1652121444616068 0.5449698450918494 
[1, 24, 48], [24, 5, 5], [1, 20, 20], [30, 30, 30], [0, 1, 2], 1, 0.001, 1, False, True 3.9606713908896953 51.221441882704575 21.212049789072818 0.5446246098446619 8.56236125463406 4.576440225736879 
[1, 24, 48], [24, 10, 5], [1, 20, 20], [20, 20, 20], [0, 1, 2], 1, 0.001, 1, False, True 3.519823527979424 45.65974044668624 17.479971715217918 0.1761761799131999 2.3300082489467533 0.8663179409871945 
[1, 24, 48], [24, 15, 5], [1, 10, 10], [30, 30, 30], [0, 1, 2], 1, 0.001, 1, False, True 3.6945526370244033 47.72801563810535 17.999740653845382 0.2867400013618032 5.296002680557414 0.23457291523762322 
[1, 24, 48], [24, 5, 5], [1, 10, 10], [30, 30, 30], [1, 2], 1, 0.001, 1, False, True 2.8846505079556395 35.243837743046285 13.602562126660311 0.7868995648198073 9.915905515415366 5.680952177694715 
[1, 24, 48], [24, 10, 5], [1, 10, 10], [20, 20, 20], [1, 2], 1, 0.001, 1, False, True 3.591965678027245 45.677420673774606 18.46491098934085 0.3011707133126552 3.9683536098686156 2.6399565074934768 
[1, 24, 48], [24, 15, 5], [1, 20, 20], [20, 20, 20], [1, 2], 1, 0.001, 1, False, True 2.9964359424697857 38.28039906690372 13.974454156089834 0.8777306352685814 10.802980907986834 6.67862365471814 
[1, 24, 48], [24, 10, 5], [1, 20, 20], [30, 30, 30], [1, 2], 1, 0.001, 1, False, True 4.117977756327362 52.22578778295963 23.523295961364767 0.5264415144001656 6.113330861483231 4.404477014570014 
[1, 24, 48], [24, 20, 15], [1, 10, 10], [30, 30, 30], [1, 2], 1, 0.001, 1, False, True 2.324252429314786 29.46531207773799 9.33615296156598 0.2528569991650032 2.551481207300973 1.4049024504729921 
[1, 24, 48], [24, 20, 5], [1, 10, 10], [20, 20, 20], [1, 2], 1, 0.001, 1, False, True 4.173033233990686 51.640609978370605 24.491913870988956 0.19983017756316937 3.1544678269146624 2.050206197133008 
[1, 24, 48], [24, 20, 10], [1, 20, 20], [20, 20, 20], [1, 2], 1, 0.001, 1, False, True 3.874962344367264 48.80974121352826 21.692723898553567 0.9389688637298892 11.67826863768637 8.760215195097718 
[1, 24, 48], [24, 20, 5], [1, 20, 20], [30, 30, 30], [1, 2], 1, 0.001, 1, False, True 3.9394942947042497 50.164332862803725 20.05764293781915 0.25693287027579653 1.9850814642755747 3.212715628496491 
[1, 24, 48], [24, 20, 20], [1, 10, 10], [30, 30, 30], [0, 1, 2], 1, 0.001, 1, False, True 4.122320912206649 53.021697247339965 24.483031622393582 1.5292503927771308 21.12116307590646 15.010637361479503 
[1, 24, 48], [24, 20, 15], [1, 20, 20], [20, 20, 20], [0, 1, 2], 1, 0.001, 1, False, True 3.345903056918609 43.178281342826125 16.240309307766314 0.22420190626380276 2.9101402414194752 2.1375973376477293 
[1, 24, 48], [24, 5, 5], [1, 10, 10], [20, 20, 20], [2], 1, 0.001, 1, False, True 3.523722610891694 43.53603447389195 16.887195469846755 0.4281286210938846 6.0565118670565035 3.61430840657992 
[1, 24, 48], [24, 5, 5], [1, 20, 20], [30, 30, 30], [2], 1, 0.001, 1, False, True 3.3331880585669915 40.95383098975564 17.175640937796008 0.9430039967777613 12.065722795687684 8.7448169954556 
[1, 24, 48], [24, 20, 20], [1, 10, 10], [20, 20, 20], [2], 1, 0.001, 1, False, True 3.958572248590214 48.52664208373279 22.09684723960616 0.9487772466935609 12.089191271390261 8.097776752484638 
[1, 24, 48], [24, 20, 15], [1, 10, 10], [30, 30, 30], [2], 1, 0.001, 1, False, True 3.3768967846339506 42.093260211704425 16.561974511288607 0.9509356640440125 13.996155738964509 7.343903421331434 
[1, 24, 48], [24, 20, 10], [1, 20, 20], [20, 20, 20], [2], 1, 0.001, 1, False, True 3.8057201096460367 44.888464598881995 22.017404914121396 0.6644067262266253 6.2720597732079355 7.130761707755733 
[1, 24, 48], [24, 5, 5], [1, 10, 10], [30, 30, 30], [0, 1, 2], 1, 0.001, 1, False, True 2.2875995196609034 26.61023933510366 8.511863222833874 0.4251367058253981 5.089401079064184 2.489250651329597 
[1, 24, 48], [24, 5, 5], [1, 20, 20], [20, 20, 20], [1, 2], 1, 0.001, 1, False, True 3.795868788711313 49.34295704176747 19.27091131552015 0.5264039132562581 6.51025863860051 4.8378428898322055 
[1, 24, 48], [24, 20, 10], [1, 20, 20], [30, 30, 30], [0, 1, 2], 1, 0.001, 1, False, True 2.250187806467767 28.520072269870457 8.456747532308658 0.2401050779414675 3.5877581937070904 1.4422433942413573 
[1, 24, 48], [24, 10, 5], [1, 10, 10], [30, 30, 30], [1, 2], 1, 0.001, 1, False, True 3.4335763809754067 42.34575190423905 17.08208697236029 0.10189228841996435 0.5821962737875086 0.5820589419875534 
[1, 24, 48], [24, 20, 10], [1, 10, 10], [20, 20, 20], [0, 1, 2], 1, 0.001, 1, False, True 2.8990514217979375 36.68732649093857 12.906605600790229 0.5190235263382877 5.818300613606957 4.064162856553259 
[1, 24, 48], [24, 20, 15], [1, 20, 20], [20, 20, 20], [1, 2], 1, 0.001, 1, False, True 3.771200735773892 47.31796654434757 19.12509184553397 0.3884836360170892 4.803873373363423 4.429761021120673 
[1, 24, 48], [24, 20, 5], [1, 10, 10], [30, 30, 30], [0, 1, 2], 1, 0.001, 1, False, True 2.8294065896352687 36.159926100240995 11.638145187118965 0.5348305992126581 7.851182798306857 3.54480221004153 
[1, 24, 48], [24, 20, 10], [1, 10, 10], [20, 20, 20], [1, 2], 1, 0.001, 1, False, True 3.474571859105318 44.00336408388648 17.651156277040272 0.7981104471627264 10.345044768926435 6.229436264283608 
[1, 24, 48], [24, 15, 5], [1, 20, 20], [30, 30, 30], [1, 2], 1, 0.001, 1, False, True 3.944397759641072 49.00552074287049 22.425174967781942 0.37217787053768286 3.666793167556288 4.0227776972577445 
[1, 24, 48], [24, 20, 10], [1, 20, 20], [30, 30, 30], [1, 2], 1, 0.001, 1, False, True 4.333611014768206 54.49326028765054 25.838564440483648 1.006256811125109 13.200146889341209 9.225945163466584 
[1, 24, 48], [24, 20, 5], [1, 10, 10], [30, 30, 30], [1, 2], 1, 0.001, 1, False, True 4.303535275813192 53.6417941158522 25.7960581133451 0.8505943582267442 11.020528113519866 7.643806314142235 
[1, 24, 48], [24, 15, 5], [1, 10, 10], [20, 20, 20], [1, 2], 1, 0.001, 1, False, True 4.103542614621284 49.79921151251511 24.01495113652487 0.43963606119396287 5.459979913740853 3.8215303273215597 
[1, 24, 48], [24, 10, 5], [1, 10, 10], [20, 20, 20], [0, 1, 2], 1, 0.001, 1, False, True 3.2055091313983284 41.879183241748684 15.17896140016092 0.9509666072032759 14.059530885215457 7.983758326236744 
[1, 24, 48], [24, 20, 20], [1, 10, 10], [20, 20, 20], [1, 2], 1, 0.001, 1, False, True 2.764734348474519 34.603539195328864 13.136980189723966 0.9487235633430444 11.751385510959345 6.734261450795237 
[1, 24, 48], [24, 20, 20], [1, 20, 20], [30, 30, 30], [1, 2], 1, 0.001, 1, False, True 4.037693298175173 48.059967283045886 23.859669314958257 0.24689707062026942 2.9124517525354285 2.414708777339001 
[1, 24, 48], [24, 5, 5], [1, 10, 10], [30, 30, 30], [2], 1, 0.001, 1, False, True 3.352608339084934 41.59931307038578 17.057456661188127 0.34558713917905204 1.9526798299994164 3.3854413567323514 
[1, 24, 48], [24, 20, 20], [1, 10, 10], [30, 30, 30], [2], 1, 0.001, 1, False, True 2.1718952664105156 26.802277952662752 8.244597417642767 0.36892495026897854 4.122563359936252 2.6281996050005727 
[1, 24, 48], [24, 20, 10], [1, 10, 10], [20, 20, 20], [2], 1, 0.001, 1, False, True 3.2057682773684744 38.01443375887445 16.401000162799416 0.852186532900412 9.409290448760599 6.583911032860981 
[1, 24, 48], [24, 20, 15], [1, 20, 20], [20, 20, 20], [2], 1, 0.001, 1, False, True 3.5889854862113246 44.96157407016386 18.104849242186262 0.9431148142497967 12.039032731473311 7.607618106957585 
[1, 24, 48], [24, 20, 10], [1, 20, 20], [30, 30, 30], [2], 1, 0.001, 1, False, True 4.707945138785161 54.6055768445799 31.604544326220097 0.2675475572379503 2.765758968261404 3.960740737257661 
[1, 24, 48], [24, 20, 20], [1, 20, 20], [30, 30, 30], [2], 1, 0.001, 1, False, True 3.077474996899427 36.65931947948129 14.386570995729821 0.4554040522332192 5.581395708799574 3.6783149049618222 
[1, 24, 48], [24, 15, 5], [1, 20, 20], [20, 20, 20], [0, 1, 2], 1, 0.001, 1, False, True 3.2978039906291223 40.766251393441316 15.983341028586716 0.32047614780193184 2.649812835368294 2.8569727386632295 
[1, 24, 48], [24, 10, 5], [1, 20, 20], [30, 30, 30], [0, 1, 2], 1, 0.001, 1, False, True 3.6891968128685324 44.57469716312864 19.72877809776565 0.5090731902915345 7.697593735825986 4.269450415748748 
[1, 24, 48], [24, 5, 5], [1, 20, 20], [20, 20, 20], [2], 1, 0.001, 1, False, True 4.321368677583006 53.29456932941361 24.58020607980014 0.40170514234743665 5.634377336032843 3.656513760793549 
[1, 24, 48], [24, 20, 20], [1, 20, 20], [20, 20, 20], [0, 1, 2], 1, 0.001, 1, False, True 2.5625893496563314 31.622762819338245 10.401361594498205 0.1329630054880846 1.0903342334094004 0.6959762936959484 
[1, 24, 48], [24, 20, 20], [1, 20, 20], [20, 20, 20], [2], 1, 0.001, 1, False, True 3.474454579195353 41.1154583538393 18.55617505495299 0.7956390478024511 10.037725421819644 6.642451267564458 
[1, 24, 48], [24, 20, 10], [1, 10, 10], [30, 30, 30], [2], 1, 0.001, 1, False, True 3.9711030360656205 49.91873919166261 21.93723580482472 0.20658279016354822 0.5839241949402717 2.93912827280899 
[1, 24, 48], [24, 20, 15], [1, 20, 20], [30, 30, 30], [1, 2], 1, 0.001, 1, False, True 3.5698042831728585 44.52266009784338 18.315165412843726 0.5019779071107873 6.606964342470038 4.406658588554158 
[1, 24, 48], [24, 20, 15], [1, 10, 10], [20, 20, 20], [2], 1, 0.001, 1, False, True 3.197763723473031 38.14464750853066 15.81501312107286 0.37989799254576584 3.2760190549310324 3.368035407097999 
[1, 24, 48], [24, 20, 15], [1, 20, 20], [30, 30, 30], [2], 1, 0.001, 1, False, True 3.218483459266524 39.633345614302364 15.564453342625498 0.13806553016987444 1.1689822396848693 1.5579888294288795 
[1, 24, 48], [24, 20, 5], [1, 20, 20], [20, 20, 20], [1, 2], 1, 0.001, 1, False, True 3.957268540761261 50.05964660141144 21.72062494610366 0.7032538357776443 8.438599491172093 6.3749165553491896 
[1, 24, 48], [24, 20, 15], [1, 10, 10], [20, 20, 20], [1, 2], 1, 0.001, 1, False, True 4.066307190402101 49.98157846672762 23.156425565063895 0.4321542249424716 4.352020770646414 4.020578094534942 
[1, 24, 48], [24, 20, 15], [1, 20, 20], [30, 30, 30], [0, 1, 2], 1, 0.001, 1, False, True 2.6475238708227318 32.97343621311764 10.329102300391725 0.5456121519712376 5.5146590455984095 3.783356724170357 
[1, 24, 48], [24, 20, 10], [1, 10, 10], [30, 30, 30], [1, 2], 1, 0.001, 1, False, True 4.09720467356965 49.73514536980954 23.687136037339666 0.5019578936583021 6.116799096387142 4.82103856691502 
[1, 24, 48], [24, 20, 20], [1, 10, 10], [30, 30, 30], [1, 2], 1, 0.001, 1, False, True 3.445749862140252 43.53060109301313 17.60492804522966 0.31160045473455295 5.166031815489145 2.211254076391019 
[1, 24, 48], [24, 20, 15], [1, 10, 10], [20, 20, 20], [0, 1, 2], 1, 0.001, 1, False, True 3.088172183216861 39.0239702752914 14.672276314859479 0.4029858943183629 6.321210867548937 3.554593507426316 
[1, 24, 48], [24, 20, 10], [1, 10, 10], [30, 30, 30], [0, 1, 2], 1, 0.001, 1, False, True 2.241805963997764 30.572851345983064 7.603455980075339 0.27189347773970696 5.756820219988731 1.356807055922634 
[1, 24, 48], [24, 5, 5], [1, 20, 20], [20, 20, 20], [0, 1, 2], 1, 0.001, 1, False, True 3.9928199368735986 52.06345372700966 21.744094519041443 0.44681220423564183 6.818183932786087 3.4430737973717673 
[1, 24, 48], [24, 20, 5], [1, 20, 20], [20, 20, 20], [0, 1, 2], 1, 0.001, 1, False, True 2.724098532060506 34.79047406360333 11.459357244633154 0.29247498324880383 2.5151656854760414 2.6331734582173225 
[1, 24, 48], [24, 10, 5], [1, 10, 10], [30, 30, 30], [0, 1, 2], 1, 0.001, 1, False, True 3.221586852413774 41.608534915066365 14.655014041835239 0.5260963399047494 7.523267866924701 3.7319568035537394 
[1, 24, 48], [24, 20, 20], [1, 20, 20], [20, 20, 20], [1, 2], 1, 0.001, 1, False, True 3.5523851071518884 44.69835377724263 17.830762239794467 0.8135863217680287 10.171234376236395 6.814162796417834 
[1, 24, 48], [24, 15, 5], [1, 10, 10], [20, 20, 20], [0, 1, 2], 1, 0.001, 1, False, True 2.8142491750884804 35.31786681751345 12.571022258558115 0.8460621892014858 10.643642006435293 6.8597891944599185 
[1, 24, 48], [24, 15, 5], [1, 20, 20], [30, 30, 30], [0, 1, 2], 1, 0.001, 1, False, True 3.638217227305804 45.77112226062784 17.900131914366813 0.536495721530995 7.021536123543112 3.8413279862415632 
