lags time_steps dense_nodes lstm_nodes processed scales                        epochs l2 learning_rate mean_mae mean_mape mean_mse                         std mae std_mape std_mse 
[1, 24], [24, 10], [1, 10], [20, 20], [0, 1], 1, 0.001, 1, False, True 0.788837749504105 18.898791742322697 1.2616246481635978 0.09135157652242089 1.791900649330818 0.19198224831740676 
[1, 24], [24, 20], [1, 10], [20, 20], [0, 1], 1, 0.001, 1, False, True 0.7599637788547963 18.540557466228446 1.1932807234552267 0.009036460206540427 0.40619246144738175 0.045280223559124665 
[1, 24], [24, 15], [1, 10], [20, 20], [0, 1], 1, 0.001, 1, False, True 0.7930856471674309 19.60732106451744 1.3587564352418389 0.022517743197165357 0.8169503545641761 0.14043288411253171 
[1, 24], [24, 5], [1, 10], [20, 20], [0, 1], 1, 0.001, 1, False, True 0.7877287064644473 18.808992669692216 1.2368246687741795 0.00891565817050747 0.11648422876674085 0.03155047356851155 
[1, 24], [24, 10], [1, 10], [30, 30], [0, 1], 1, 0.001, 1, False, True 0.8299890172012429 19.718413962420133 1.3431928050599453 0.009360630300359517 0.1321128264749416 0.030465762978276745 
[1, 24], [24, 5], [1, 10], [30, 30], [0, 1], 1, 0.001, 1, False, True 0.761047486891901 18.275399890063735 1.1585060413764456 0.02217732819072068 0.10821845132746497 0.039839581883653205 
[1, 24], [24, 20], [1, 10], [30, 30], [0, 1], 1, 0.001, 1, False, True 0.7778713074202338 18.578611849115976 1.1709959734239244 0.025220534037391083 0.565531856281982 0.09209517103379303 
[1, 24], [24, 10], [1, 5], [20, 20], [0, 1], 1, 0.001, 1, False, True 0.7574231620119128 18.527324374948567 1.2508107916595816 0.030623770461029678 0.5723285477624281 0.09146550098610443 
[1, 24], [24, 20], [1, 5], [20, 20], [0, 1], 1, 0.001, 1, False, True 0.7769682362468706 18.604545860711017 1.2645216513946136 0.030698512673232918 0.9818223122668077 0.10063921263581943 
[1, 24], [24, 20], [1, 5], [30, 30], [0, 1], 1, 0.001, 1, False, True 0.7988359515244764 19.34144222268626 1.3087779339157104 0.03791439801265977 0.41429118420482697 0.008688621264108064 
[1, 24], [24, 10], [1, 5], [30, 30], [0, 1], 1, 0.001, 1, False, True 0.8276354732888717 19.503658008440027 1.3015783955006792 0.055528434372165945 1.1841640569888416 0.12414389015175815 
[1, 24], [24, 15], [1, 10], [30, 30], [0, 1], 1, 0.001, 1, False, True 0.8058218373744577 19.444274394815494 1.299767495679495 0.010237866624441327 0.3434936058974779 0.04727160017406539 
[1, 24], [24, 15], [1, 5], [30, 30], [0, 1], 1, 0.001, 1, False, True 0.7978012841677776 19.341208851604986 1.2762598838740769 0.039322106567231035 0.7997612065335302 0.1007731655522224 
[1, 24], [24, 5], [1, 5], [30, 30], [0, 1], 1, 0.001, 1, False, True 0.8121465755695546 19.46081070457304 1.2847665700646589 0.029312440518421728 0.4188181533722835 0.11112605934280158 
[1, 24, 48], [24, 10, 5], [1, 10, 10], [20, 20, 20], [0, 1, 2], 1, 0.001, 1, False, True 1.236194901785779 28.684990690936743 3.0394397581402206 0.24659027320674004 5.116293201724537 0.9305951470264325 
[1, 24, 48], [24, 15, 5], [1, 10, 10], [30, 30, 30], [0, 1, 2], 1, 0.001, 1, False, True 1.1559996491298081 26.91376413318889 2.5869040178676848 0.24297643502200014 4.941342379285518 0.77797734550833 
[1, 24, 48], [24, 5, 5], [1, 20, 20], [20, 20, 20], [0, 1, 2], 1, 0.001, 1, False, True 1.1667276693783977 27.713018806753922 2.6320569095976176 0.26899254136963335 5.573893265148953 0.778949677463003 
[1, 24, 48], [24, 5, 5], [1, 10, 10], [20, 20, 20], [0, 1, 2], 1, 0.001, 1, False, True 0.952953712573206 23.00221313468887 1.8447781129865846 0.10674386062105262 2.405334561053148 0.3658380628139245 
[1, 24, 48], [24, 15, 5], [1, 10, 10], [20, 20, 20], [0, 1, 2], 1, 0.001, 1, False, True 0.856868918585005 20.904927869193628 1.6974055518586777 0.06253148496541439 1.1191193555264534 0.14069730123613253 
[1, 24, 48], [24, 5, 5], [1, 20, 20], [30, 30, 30], [0, 1, 2], 1, 0.001, 1, False, True 1.0530213242396713 24.941037937095825 2.21665918530023 0.2167173253429301 3.673929453535167 0.5541097871115944 
[1, 24, 48], [24, 5, 5], [1, 10, 10], [30, 30, 30], [0, 1, 2], 1, 0.001, 1, False, True 1.0181940088462498 24.009697744687816 2.024878964647496 0.21225773578650015 4.049056445201396 0.6150496452778836 
[1, 24, 48], [24, 10, 5], [1, 20, 20], [20, 20, 20], [0, 1, 2], 1, 0.001, 1, False, True 1.174078262449001 27.688014253366223 2.6664464642613184 0.16566366067548893 3.540584682275113 0.49337894715379055 
[1, 24, 48], [24, 10, 5], [1, 20, 20], [30, 30, 30], [0, 1, 2], 1, 0.001, 1, False, True 1.0979323920828328 25.592082811196253 2.2883873654442644 0.22986748748224511 4.34150356450113 0.5800911805554425 
[1, 24, 48], [24, 10, 5], [1, 10, 10], [30, 30, 30], [0, 1, 2], 1, 0.001, 1, False, True 1.2770401556389752 29.331896718359342 2.928311616277348 0.25997626347257846 5.560956925174509 0.9097635087233162 
[1, 24, 48], [24, 20, 20], [1, 20, 20], [20, 20, 20], [0, 1, 2], 1, 0.001, 1, False, True 1.1723042006949307 27.19424927909563 2.7465489876990516 0.45458930281535 9.68452830908168 1.5151385913612216 
[1, 24, 48], [24, 20, 20], [1, 20, 20], [30, 30, 30], [0, 1, 2], 1, 0.001, 1, False, True 0.99999856925397 23.398498916344508 1.9496739956903493 0.2546024557250645 5.256969702228332 0.7987998194429836 
[1, 24, 48], [24, 15, 5], [1, 20, 20], [30, 30, 30], [0, 1, 2], 1, 0.001, 1, False, True 0.9529592530663922 22.78445738291687 1.8220177543159366 0.04019189150405992 0.8194731986179346 0.1351301474987645 
[1, 24, 48], [24, 20, 5], [1, 10, 10], [20, 20, 20], [0, 1, 2], 1, 0.001, 1, False, True 1.1970203294315274 27.520000395336254 2.735763434833333 0.15601153925191893 2.3906412328832904 0.5780257025188441 
[1, 24, 48], [24, 20, 5], [1, 20, 20], [20, 20, 20], [0, 1, 2], 1, 0.001, 1, False, True 1.2215462286404715 28.525899776048067 2.8543356444802974 0.2355329430210023 4.881000870658482 0.8130354242551685 
[1, 24, 48], [24, 15, 5], [1, 20, 20], [20, 20, 20], [0, 1, 2], 1, 0.001, 1, False, True 1.086719323380816 25.762494077467696 2.355727250508578 0.11077492410926831 2.181916456067781 0.22429095986273648 
[1, 24, 48], [24, 20, 5], [1, 10, 10], [30, 30, 30], [0, 1, 2], 1, 0.001, 1, False, True 0.946224204281828 22.364598804421902 1.9430744954313883 0.15314193297948658 3.328667127017467 0.49239743085927734 
[1, 24, 48], [24, 20, 20], [1, 10, 10], [20, 20, 20], [0, 1, 2], 1, 0.001, 1, False, True 0.7858605812959097 19.27361983335454 1.5019096639469443 0.041140157589224666 0.544612912035587 0.1551278444084539 
[1, 24, 48], [24, 20, 20], [1, 10, 10], [30, 30, 30], [0, 1, 2], 1, 0.001, 1, False, True 0.7472526937378224 18.079460985977047 1.1999022885697785 0.007895093003295255 0.19202757568728218 0.061904433879787286 
[1, 24, 48], [24, 20, 15], [1, 20, 20], [30, 30, 30], [0, 1, 2], 1, 0.001, 1, False, True 1.2338933813333928 28.70159704390882 2.8558408582130195 0.35001455583938046 7.487721274211422 1.2830396296599125 
[1, 24, 48], [24, 20, 15], [1, 20, 20], [20, 20, 20], [0, 1, 2], 1, 0.001, 1, False, True 1.0190975392478758 24.32687134986003 2.1918528766223724 0.19361554073912762 4.017547902793568 0.6092755373173444 
[1, 24, 48], [24, 20, 15], [1, 10, 10], [30, 30, 30], [0, 1, 2], 1, 0.001, 1, False, True 0.9150210969563987 21.777912155709874 1.838737225364017 0.2644649972681334 5.245981491629488 0.6744644523119315 
[1, 24, 48], [24, 20, 15], [1, 10, 10], [20, 20, 20], [0, 1, 2], 1, 0.001, 1, False, True 1.0634767213180938 25.174301811356145 2.317044057687211 0.2064082705491983 4.24350053853113 0.6127498893394936 
[1, 24, 48], [24, 20, 10], [1, 20, 20], [30, 30, 30], [0, 1, 2], 1, 0.001, 1, False, True 0.9984187321737409 23.5749813768177 2.0834625566867264 0.23048634098961598 4.354146311399684 0.7670358134024621 
[1, 24, 48], [24, 20, 10], [1, 10, 10], [20, 20, 20], [0, 1, 2], 1, 0.001, 1, False, True 1.2264334097780567 28.156626540305037 2.777757400212339 0.10736570990385222 2.09550570377057 0.4490185404477482 
[1, 24, 48], [24, 20, 5], [1, 20, 20], [30, 30, 30], [0, 1, 2], 1, 0.001, 1, False, True 0.9859649369286169 23.118276743026268 1.8781742220019344 0.16044015379808935 3.214300127162746 0.3664579451003416 
[1, 24, 48], [24, 20, 10], [1, 10, 10], [30, 30, 30], [0, 1, 2], 1, 0.001, 1, False, True 0.8859264819882812 21.412616673547912 1.6205111407055928 0.22245253392185754 4.300490752553349 0.4978568446105624 
[1, 24, 48], [24, 20, 10], [1, 20, 20], [20, 20, 20], [0, 1, 2], 1, 0.001, 1, False, True 0.9846527645053963 23.49806567691824 1.9717869260193275 0.12990353263136822 2.6269453345933433 0.41434389069353617 
[1, 24, 48], [24, 20, 20], [1, 10, 10], [30, 30, 30], [1, 2], 1, 0.001, 1, False, True 0.7096975518597496 17.375843180284516 1.1979880900927873 0.006165653556372377 0.23215294280803542 0.03058632556589418 
[1, 24, 48], [24, 20, 20], [1, 20, 20], [20, 20, 20], [1, 2], 1, 0.001, 1, False, True 1.3733157512386915 31.64971523225026 3.4025899605586467 0.16493463178866555 3.095904450913245 0.7457039677040689 
[1, 24, 48], [24, 5, 5], [1, 10, 10], [30, 30, 30], [1, 2], 1, 0.001, 1, False, True 1.054990296745328 24.73781334330428 2.22591322328408 0.2636714052541131 5.605462396754909 0.8431744403747548 
[1, 24, 48], [24, 20, 20], [1, 10, 10], [20, 20, 20], [1, 2], 1, 0.001, 1, False, True 1.5551632187156763 35.09591544824997 4.01575966070085 0.1360957703138529 2.6401917703028697 0.5415285289569115 
[1, 24, 48], [24, 5, 5], [1, 10, 10], [20, 20, 20], [1, 2], 1, 0.001, 1, False, True 1.0385524212072295 25.40199680351796 2.2804025232766985 0.2697212405622329 6.022296473301622 0.8689296001507875 
[1, 24, 48], [24, 20, 15], [1, 20, 20], [20, 20, 20], [1, 2], 1, 0.001, 1, False, True 1.340172298625112 30.840613974716153 3.364717880399325 0.38802589074548427 7.969013797653523 1.3196185825267466 
[1, 24, 48], [24, 5, 5], [1, 20, 20], [20, 20, 20], [1, 2], 1, 0.001, 1, False, True 1.073029574541444 25.990491489166686 2.4024835233919775 0.2024632848077194 4.0453322610399205 0.5181819558401328 
[1, 24, 48], [24, 20, 15], [1, 20, 20], [30, 30, 30], [1, 2], 1, 0.001, 1, False, True 1.3115330045387426 30.837828219740036 3.123747531245835 0.2003303099061484 4.299235585205299 0.5928987358055545 
[1, 24, 48], [24, 5, 5], [1, 20, 20], [30, 30, 30], [1, 2], 1, 0.001, 1, False, True 1.4601384404667275 33.67066452024968 3.6814097661435965 0.23118717966203367 4.627587787521256 0.9402513510632866 
[1, 24, 48], [24, 15, 5], [1, 20, 20], [20, 20, 20], [1, 2], 1, 0.001, 1, False, True 1.1118324577394458 26.664554366435897 2.49936054348711 0.2364204045611851 4.817853291167353 0.7740323027780626 
[1, 24, 48], [24, 10, 5], [1, 10, 10], [20, 20, 20], [1, 2], 1, 0.001, 1, False, True 1.1337265896714397 27.065094171148726 2.549586701231407 0.11963433312768842 2.4878163531861603 0.4804355432809644 
[1, 24, 48], [24, 15, 5], [1, 10, 10], [20, 20, 20], [1, 2], 1, 0.001, 1, False, True 0.9411171377981425 22.720566859488795 1.8232970040012655 0.05557786627588842 0.6277329633874431 0.038509272180859574 
[1, 24, 48], [24, 10, 5], [1, 20, 20], [30, 30, 30], [1, 2], 1, 0.001, 1, False, True 1.2674810294510312 29.843116026420986 2.9593031596878663 0.27382704129589136 6.003154051734186 0.9584801756224381 
[1, 24, 48], [24, 10, 5], [1, 20, 20], [20, 20, 20], [1, 2], 1, 0.001, 1, False, True 1.1107000949137191 26.544487943596796 2.4112252225527295 0.09810241261782468 2.206926761634635 0.2863764535002664 
[1, 24, 48], [24, 10, 5], [1, 10, 10], [30, 30, 30], [1, 2], 1, 0.001, 1, False, True 0.984550126462623 23.62296459566478 2.1279205005277473 0.3218799583827328 6.8509164151705395 0.9683909035655829 
[1, 24, 48], [24, 20, 5], [1, 10, 10], [30, 30, 30], [1, 2], 1, 0.001, 1, False, True 0.9937609625980258 23.988973734540494 2.1398883434061484 0.19470907814434374 4.068318892972646 0.6487500839815973 
[1, 24, 48], [24, 15, 5], [1, 10, 10], [30, 30, 30], [1, 2], 1, 0.001, 1, False, True 1.1946700964398962 27.944681975433227 2.7632030872979088 0.17011340342166587 3.5837699799181477 0.5705877004225497 
[1, 24, 48], [24, 20, 5], [1, 20, 20], [20, 20, 20], [1, 2], 1, 0.001, 1, False, True 0.9116153289598449 22.08887018409082 1.8562415443265285 0.17902046170061542 3.9229222309298852 0.5591511611468358 
[1, 24, 48], [24, 20, 5], [1, 10, 10], [20, 20, 20], [1, 2], 1, 0.001, 1, False, True 1.0471193293695924 25.47401566881646 2.2392286148064238 0.11372201207168871 2.521015715330969 0.39595765509015884 
[1, 24, 48], [24, 15, 5], [1, 20, 20], [30, 30, 30], [1, 2], 1, 0.001, 1, False, True 1.144971110564829 27.31913596019147 2.5009763478411595 0.18397725209095062 4.066659993124747 0.5455116102638518 
[1, 24, 48], [24, 20, 15], [1, 10, 10], [30, 30, 30], [1, 2], 1, 0.001, 1, False, True 0.9854569830552297 23.03627141581846 2.0281324357734962 0.1572106415987418 2.7313295570492957 0.39467618627125634 
[1, 24, 48], [24, 20, 5], [1, 20, 20], [30, 30, 30], [1, 2], 1, 0.001, 1, False, True 1.182195747329819 27.727354377285767 2.6990080759714865 0.10571467597548824 2.293087676588661 0.35805608856737503 
[1, 24, 48], [24, 20, 10], [1, 10, 10], [30, 30, 30], [1, 2], 1, 0.001, 1, False, True 1.4591488931017615 33.28572612124237 3.6953973200648407 0.15552012984618646 3.144481180543076 0.6195531244013686 
[1, 24, 48], [24, 20, 10], [1, 20, 20], [20, 20, 20], [1, 2], 1, 0.001, 1, False, True 1.1523144223865263 27.069255844734304 2.619163364113096 0.1642687253660077 3.6943540337893004 0.4630178157504116 
[1, 24, 48], [24, 20, 15], [1, 10, 10], [20, 20, 20], [1, 2], 1, 0.001, 1, False, True 1.6050285083897136 36.22625395211919 4.376834077400134 0.07398945557313652 0.347101774860029 0.4521718592804677 
[1, 24, 48], [24, 20, 10], [1, 20, 20], [30, 30, 30], [1, 2], 1, 0.001, 1, False, True 1.1786951466532496 27.91364143763019 2.555929767108015 0.06149762890908985 1.6221311926272657 0.14866414496559607 
[1, 24, 48], [24, 20, 10], [1, 10, 10], [20, 20, 20], [1, 2], 1, 0.001, 1, False, True 1.0205405803535272 24.310057254776577 2.1860904887439836 0.1821257710234554 3.821775297015217 0.5624131099634011 
[1, 24, 48], [24, 5, 5], [1, 20, 20], [20, 20, 20], [2], 1, 0.001, 1, False, True 1.001391967555025 24.054776376276205 2.0045317680015162 0.1978545696379619 3.8461437807683008 0.6414854863524775 
[1, 24, 48], [24, 5, 5], [1, 10, 10], [30, 30, 30], [2], 1, 0.001, 1, False, True 1.063967097968001 25.896511325593305 2.2201933933799247 0.1386978884254026 3.365655189932776 0.46083787347586475 
[1, 24, 48], [24, 5, 5], [1, 10, 10], [20, 20, 20], [2], 1, 0.001, 1, False, True 0.8044925011763419 20.008188512307804 1.5005542927206497 0.0672357374732555 2.0475527582850077 0.33155445101454084 
[1, 24, 48], [24, 5, 5], [1, 20, 20], [30, 30, 30], [2], 1, 0.001, 1, False, True 1.0155780836974306 25.043182620298975 2.1944109090092567 0.11206527411409963 2.6864924412161875 0.3900042015671384 
[1, 24, 48], [24, 20, 10], [1, 20, 20], [20, 20, 20], [2], 1, 0.001, 1, False, True 1.0577961389872212 26.035347578059397 2.327305057613826 0.06309996942333831 1.4135826368532896 0.24213028757432317 
[1, 24, 48], [24, 20, 10], [1, 10, 10], [20, 20, 20], [2], 1, 0.001, 1, False, True 0.8545466225111377 21.198587784446648 1.6468133523416382 0.09510115060746555 1.9512807349292887 0.30445711399024034 
[1, 24, 48], [24, 20, 10], [1, 10, 10], [30, 30, 30], [2], 1, 0.001, 1, False, True 0.9954895521652091 24.528989722884745 2.1766169895579526 0.16883803860255234 3.5019030821304664 0.5547861713726921 
[1, 24, 48], [24, 20, 15], [1, 10, 10], [20, 20, 20], [2], 1, 0.001, 1, False, True 0.8839821099924544 21.93194875161483 1.8101747702019069 0.11082692927073626 2.656813542075869 0.4292988812498355 
[1, 24, 48], [24, 20, 15], [1, 20, 20], [30, 30, 30], [2], 1, 0.001, 1, False, True 1.0831642325346669 25.92385234640982 2.381995555886052 0.2006767711327907 4.314225734048386 0.7559730236821229 
[1, 24, 48], [24, 20, 15], [1, 20, 20], [20, 20, 20], [2], 1, 0.001, 1, False, True 1.0217838707862905 25.059796941416607 2.112492013729483 0.07381101514519328 1.4807690258833086 0.16583074012865293 
[1, 24, 48], [24, 20, 15], [1, 10, 10], [30, 30, 30], [2], 1, 0.001, 1, False, True 0.9669050312842485 23.671359680305304 2.0721583668626726 0.1780992887725117 3.623746157525732 0.6909686972007871 
[1, 24, 48], [24, 20, 20], [1, 10, 10], [20, 20, 20], [2], 1, 0.001, 1, False, True 0.9488094434487051 23.561692222539957 2.047545725569173 0.1030669215256062 2.1871520738074417 0.278074479357857 
[1, 24], [24, 5], [1, 10], [20, 20], [1], 1, 0.001, 1, False, True 0.751575546277066 18.732695577156836 1.3714341919770876 0.025114293383065298 0.5061140123167209 0.06966555747287273 
[1, 24], [24, 5], [1, 5], [20, 20], [1], 1, 0.001, 1, False, True 0.7989434312822091 19.225249553998307 1.3592774697943302 0.003150182709796098 0.33227018652711166 0.028225984747535786 
[1, 24], [24, 5], [1, 5], [30, 30], [1], 1, 0.001, 1, False, True 0.76178206005996 18.56045423285536 1.3194827253843493 0.060732091721598866 1.1873927000910465 0.20521269339473605 
[1, 24], [24, 5], [1, 10], [30, 30], [1], 1, 0.001, 1, False, True 0.7896352549807893 19.02939399951818 1.3180773065770337 0.04578923117145626 0.6906284309768665 0.0669120702678203 
[1, 24], [24, 10], [1, 10], [30, 30], [1], 1, 0.001, 1, False, True 0.7829494315785941 19.328212204956706 1.3946709697728197 0.04165871996590149 0.8089067257410755 0.14423844072888128 
[1, 24, 48], [24, 20, 10], [1, 20, 20], [30, 30, 30], [2], 1, 0.001, 1, False, True 0.9445722854040839 22.92385393538612 1.9178426738419543 0.10204930295167361 2.4324391170302393 0.24384047053923405 
[1, 24, 48], [24, 20, 20], [1, 20, 20], [30, 30, 30], [1, 2], 1, 0.001, 1, False, True 1.291080515559211 29.45971018897464 2.969943747025964 0.12437786225905799 2.410491859648308 0.46906992328791114 
[1, 24, 48], [24, 20, 20], [1, 20, 20], [30, 30, 30], [2], 1, 0.001, 1, False, True 1.2339574057401885 29.7050727950125 2.9529383723856024 0.07158692210496886 1.9838034534235456 0.3020632944512738 
[1, 24, 48], [24, 20, 20], [1, 20, 20], [20, 20, 20], [2], 1, 0.001, 1, False, True 1.026506061538088 25.00491512635098 2.2894839287739144 0.07234119999869557 1.864316135847838 0.33061683402024583 
[1, 24], [24, 10], [1, 5], [30, 30], [1], 1, 0.001, 1, False, True 0.8491208075925157 20.648914559836882 1.5549806169028981 0.03881257796381021 0.6187100869342319 0.21495089636628634 
[1, 24, 48], [24, 20, 20], [1, 10, 10], [30, 30, 30], [2], 1, 0.001, 1, False, True 0.817439232814919 20.331854908546337 1.6108830947154675 0.08805820034327974 2.3940222426665794 0.316042212430153 
[1, 24], [24, 20], [1, 5], [30, 30], [1], 1, 0.001, 1, False, True 0.7586105058176651 18.347783812731254 1.2222917640032278 0.0064470941816885076 0.2567323557591347 0.010926246080305587 
[1, 24], [24, 10], [1, 5], [20, 20], [1], 1, 0.001, 1, False, True 0.779379573609266 19.06139652393423 1.3301394520203367 0.031230312748090985 0.6018358855773872 0.06277620524631841 
[1, 24], [24, 10], [1, 10], [20, 20], [1], 1, 0.001, 1, False, True 0.7696658074303909 19.280149844662173 1.409983614488714 0.023199026061767096 0.26012791172885985 0.06504795186094255 
[1, 24], [24, 20], [1, 5], [20, 20], [1], 1, 0.001, 1, False, True 0.7725294664157211 18.695421746863577 1.3790006924625395 0.06571224562891721 1.3017820367438167 0.10571448133203035 
[1, 24], [24, 20], [1, 10], [20, 20], [1], 1, 0.001, 1, False, True 0.7878808684371136 19.59861071781532 1.411998188885217 0.022811204733133958 0.5565208725629398 0.08309691297501695 
[1, 24], [24, 20], [1, 10], [30, 30], [1], 1, 0.001, 1, False, True 0.7467076024178553 18.365181081596287 1.349453942246152 0.043442402237025855 0.8945132823831738 0.08728887938204868 
[1, 24], [24, 15], [1, 5], [20, 20], [1], 1, 0.001, 1, False, True 0.7641087669948186 18.82178695000522 1.318376441401374 0.05279928407293154 1.1173378438777168 0.11878806915747163 
[1, 24], [24, 15], [1, 10], [20, 20], [1], 1, 0.001, 1, False, True 0.7947113204540478 19.417093318907728 1.462037255308135 0.04510853397653542 0.9380895870224772 0.10806185067993616 
[1, 24], [24, 15], [1, 5], [30, 30], [1], 1, 0.001, 1, False, True 0.7573411876818649 18.691595180263803 1.2729479565000765 0.030611561463202878 0.9054648134015275 0.09466393811083929 
[1, 24], [24, 15], [1, 10], [30, 30], [1], 1, 0.001, 1, False, True 0.7807991168220285 18.871495803767537 1.2838767206652844 0.032653914380462494 0.8436185558831821 0.14782749112134513 
[1, 24], [24, 5], [1, 5], [30, 30], [0, 1], 2, 0.001, 1, False, False 0.8164776990121161 20.08616104711008 1.4275418572906018 0.016970107649050915 0.38541486387042806 0.05316753496161049 
[1, 24], [24, 5], [1, 10], [20, 20], [0, 1], 2, 0.001, 1, False, False 0.8080965374906857 19.832017159855173 1.391698014535831 0.009587123455247707 0.19368400312685866 0.018353208770742382 
[1, 24], [24, 5], [1, 5], [20, 20], [0, 1], 2, 0.001, 1, False, False 0.7593515805900096 18.984710138192668 1.319190672552634 0.015284343861608839 0.5026067801923844 0.06421172433970113 
[1, 24], [24, 10], [1, 5], [20, 20], [0, 1], 2, 0.001, 1, False, False 0.8582896909986933 20.942718514801907 1.5433460634406018 0.0627288004211451 1.1156214749079838 0.13840898289979148 
[1, 24], [24, 5], [1, 10], [30, 30], [0, 1], 2, 0.001, 1, False, False 0.8009527309211317 19.49624334448997 1.3161529317556906 0.0370773473639655 0.7745829673711941 0.09507503610729288 
[1, 24], [24, 15], [1, 10], [20, 20], [0, 1], 2, 0.001, 1, False, False 0.7726935411217036 18.961857436537173 1.34759066749226 0.022271852961563796 0.4775170695260189 0.07155239463347136 
[1, 24], [24, 10], [1, 10], [20, 20], [0, 1], 2, 0.001, 1, False, False 0.8285475877769017 20.42615591911375 1.4806220699042985 0.00629672181030868 0.16447739452057775 0.10576284261422196 
[1, 24], [24, 10], [1, 5], [30, 30], [0, 1], 2, 0.001, 1, False, False 0.8870290315468555 20.963563698693903 1.4787018165684314 0.05113195051577334 0.940722536533153 0.10156295615681449 
[1, 24], [24, 15], [1, 5], [20, 20], [0, 1], 2, 0.001, 1, False, False 0.8224854408521894 20.188319747494976 1.4181198739062912 0.0020038570943449745 0.12262055726349397 0.05651761539133711 
[1, 24], [24, 10], [1, 10], [30, 30], [0, 1], 2, 0.001, 1, False, False 0.8126522856040134 19.818235398855588 1.4581683533437946 0.05354357266702067 0.8957541738944519 0.04306397546675595 
[1, 24], [24, 15], [1, 5], [30, 30], [0, 1], 2, 0.001, 1, False, False 0.8296849022308987 19.672830651795323 1.3612967695404317 0.06048451341776411 1.0377155714544615 0.10727641495274935 
[1, 24], [24, 15], [1, 10], [30, 30], [0, 1], 2, 0.001, 1, False, False 0.8841987285418091 20.978731754418963 1.5760620153259473 0.017905677748486202 0.12412456537495041 0.06799719233206933 
[1, 24], [24, 5], [1, 10], [20, 20], [1], 2, 0.001, 1, False, False 0.7890617660212295 19.45808748301908 1.4074142512053163 0.018541652438476473 0.3816543956103195 0.02925218376172577 
[1, 24], [24, 5], [1, 5], [30, 30], [1], 2, 0.001, 1, False, False 0.7650378955942063 19.01064019738598 1.3499876603328407 0.01346038523172221 0.20563717636658327 0.015583913128680427 
[1, 24], [24, 5], [1, 5], [20, 20], [1], 2, 0.001, 1, False, False 0.8086924974220219 20.03844499508511 1.4789018069003053 0.04996705985141 1.0766687702513682 0.10753422289549351 
[1, 24], [24, 20], [1, 5], [20, 20], [0, 1], 2, 0.001, 1, False, False 0.8100874507178863 19.92793605659551 1.4140317689084403 0.050063940723042946 1.0925894740272415 0.13218086448157376 
[1, 24], [24, 20], [1, 10], [20, 20], [0, 1], 2, 0.001, 1, False, False 0.8376734404100316 20.309410719870076 1.4876975727256916 0.03434370858251528 0.5522816988319053 0.09849519287492674 
[1, 24], [24, 5], [1, 10], [30, 30], [1], 2, 0.001, 1, False, False 0.8062764795290099 19.388955336400826 1.3856879464404228 0.023883906863973604 0.8902223792833444 0.09756770361385109 
[1, 24], [24, 10], [1, 5], [20, 20], [1], 2, 0.001, 1, False, False 0.7930265309496058 19.54077764817404 1.440668803044984 0.027954670845556005 0.34850505149505284 0.028418665976165793 
[1, 24], [24, 20], [1, 5], [30, 30], [0, 1], 2, 0.001, 1, False, False 0.7816589769320909 19.04156152782757 1.2365127017394881 0.03330540081391198 0.9191906380529606 0.13278994133978175 
[1, 24], [24, 10], [1, 5], [30, 30], [1], 2, 0.001, 1, False, False 0.8251449859321669 20.18221759388896 1.4553762338268124 0.04956826082755284 1.0392888173409478 0.20334175013694078 
[1, 24], [24, 10], [1, 10], [20, 20], [1], 2, 0.001, 1, False, False 0.786616571613208 19.160922011380894 1.4022199179424673 0.007802522605825095 0.36020927672845343 0.05065266789286551 
[1, 24], [24, 10], [1, 10], [30, 30], [1], 2, 0.001, 1, False, False 0.7791975711161893 19.29666341609584 1.425683929086305 0.019128102741328524 0.5005111916351225 0.07722846309179293 
[1, 24], [24, 20], [1, 10], [30, 30], [0, 1], 2, 0.001, 1, False, False 0.8229522210994252 20.205630556722365 1.479117037721829 0.05092045115647693 0.851761125498976 0.12928935625441554 
[1, 24], [24, 15], [1, 5], [20, 20], [1], 2, 0.001, 1, False, False 0.7887879024363227 19.58747579190811 1.4583608379333073 0.036859070491134106 0.8599534511638715 0.14705669957925252 
[1, 24], [24, 15], [1, 5], [30, 30], [1], 2, 0.001, 1, False, False 0.8016384967775255 19.750423760869662 1.439486748618353 0.04284009700860008 0.780316622810699 0.03712260154283777 
[1, 24], [24, 15], [1, 10], [30, 30], [1], 2, 0.001, 1, False, False 0.8037313151759684 19.80881247593477 1.457529521290471 0.012365589453562753 0.43794897809467953 0.048882775409394036 
[1, 24], [24, 15], [1, 10], [20, 20], [1], 2, 0.001, 1, False, False 0.8203437646850945 19.95078173774493 1.545085946181943 0.04542480298349489 1.110379426065246 0.17001083701966813 
[1, 24], [24, 20], [1, 10], [20, 20], [1], 2, 0.001, 1, False, False 0.831530842592043 20.345519479382318 1.573645804314762 0.004635787644108813 0.25546254628845116 0.11017382506367607 
[1, 24], [24, 20], [1, 5], [20, 20], [1], 2, 0.001, 1, False, False 0.8134269804728254 19.88765947175247 1.483912445407248 0.039662198610700874 0.7267273280564499 0.13819683476921338 
[1, 24], [24, 20], [1, 5], [30, 30], [1], 2, 0.001, 1, False, False 0.7798811763731971 19.147994452904815 1.4419366842449566 0.023021859634435884 0.6518098257819048 0.14694064256076167 
[1, 24], [24, 20], [1, 10], [30, 30], [1], 2, 0.001, 1, False, False 0.8251748560962301 20.339383479621617 1.6348110540977874 0.044260152105954687 0.8942709632540023 0.1972633212700695 
[1, 24, 48], [24, 5, 5], [1, 20, 20], [20, 20, 20], [1, 2], 2, 0.001, 1, False, False 0.7265050128412746 18.006136307415588 1.1459503497082757 0.045008447995779056 1.168943728566836 0.14497575061966106 
[1, 24, 48], [24, 5, 5], [1, 10, 10], [30, 30, 30], [1, 2], 2, 0.001, 1, False, False 0.6684912617283838 16.62380048872457 1.049622719791622 0.03393023321849597 0.79848198653318 0.11931471472130052 
[1, 24, 48], [24, 10, 5], [1, 10, 10], [20, 20, 20], [0, 1, 2], 2, 0.001, 1, False, False 0.8343091093659124 20.24617524280217 1.3782226531927024 0.052894193970109186 1.5971031490754684 0.17709269579020073 
[1, 24, 48], [24, 5, 5], [1, 20, 20], [30, 30, 30], [1, 2], 2, 0.001, 1, False, False 0.6920641247803966 17.03809676979004 1.001532957686308 0.019657616514283258 0.5765367189159138 0.043620372636121195 
[1, 24, 48], [24, 10, 5], [1, 10, 10], [20, 20, 20], [1, 2], 2, 0.001, 1, False, False 0.7669745820126049 18.93744974545558 1.3775459963495802 0.1451687708764792 3.335232685373432 0.4702586051944423 
[1, 24, 48], [24, 10, 5], [1, 10, 10], [30, 30, 30], [1, 2], 2, 0.001, 1, False, False 0.7206513437752923 17.32010966803942 1.0539182315613165 0.010623733034979342 0.7029635834045216 0.12409697214741043 
[1, 24, 48], [24, 5, 5], [1, 10, 10], [20, 20, 20], [0, 1, 2], 2, 0.001, 1, False, False 0.8659318251673273 21.429652135538973 1.6303271437543714 0.015644279313614784 0.44383916333164586 0.09154149298196791 
[1, 24, 48], [24, 20, 20], [1, 10, 10], [20, 20, 20], [0, 1, 2], 2, 0.001, 1, False, False 1.025940634187794 24.8681920396353 2.086167968422341 0.15669285581685324 3.7018121027161133 0.4676615137638372 
[1, 24, 48], [24, 5, 5], [1, 20, 20], [20, 20, 20], [0, 1, 2], 2, 0.001, 1, False, False 0.859893159447583 21.71424735548565 1.7060786544163211 0.06294866255753974 1.2953641657792858 0.17272722581855002 
[1, 24, 48], [24, 20, 15], [1, 20, 20], [20, 20, 20], [0, 1, 2], 2, 0.001, 1, False, False 0.9348954595797868 22.64573239324663 1.7959890354678487 0.058291838220272806 1.3113023366661356 0.16232391232201795 
[1, 24, 48], [24, 5, 5], [1, 10, 10], [20, 20, 20], [1, 2], 2, 0.001, 1, False, False 0.7214545739262745 17.664552363911213 1.1093152073551185 0.006596682288227208 0.43559993985077766 0.055929398700823356 
[1, 24, 48], [24, 5, 5], [1, 20, 20], [30, 30, 30], [0, 1, 2], 2, 0.001, 1, False, False 0.809607606864086 20.188304790495394 1.4522532562519668 0.00664027483532777 0.7823889879578961 0.09126398153216239 
[1, 24, 48], [24, 20, 15], [1, 10, 10], [30, 30, 30], [0, 1, 2], 2, 0.001, 1, False, False 0.9355070510913651 22.724891762960336 1.8269364244791095 0.10285008191458442 2.4202397521529497 0.29001715068460593 
[1, 24, 48], [24, 20, 15], [1, 10, 10], [20, 20, 20], [0, 1, 2], 2, 0.001, 1, False, False 0.9847600173619062 24.016894423808083 1.8987473031202662 0.09621943657409328 2.028220370627267 0.21338695786338133 
[1, 24, 48], [24, 5, 5], [1, 10, 10], [30, 30, 30], [0, 1, 2], 2, 0.001, 1, False, False 0.8644505535597328 21.345249066656464 1.5935754804775517 0.09251417165971344 1.998141706309494 0.2719142811005012 
[1, 24, 48], [24, 20, 15], [1, 20, 20], [30, 30, 30], [0, 1, 2], 2, 0.001, 1, False, False 0.9446421136458715 23.132904426942435 1.8129899928175297 0.12005858871700478 2.529309879406391 0.3578555789926614 
[1, 24, 48], [24, 20, 10], [1, 20, 20], [30, 30, 30], [0, 1, 2], 2, 0.001, 1, False, False 0.9549773490953227 23.338326070882886 1.883640406308151 0.024770205765927318 0.41825548278418734 0.07306065362647278 
[1, 24, 48], [24, 20, 10], [1, 20, 20], [20, 20, 20], [0, 1, 2], 2, 0.001, 1, False, False 0.8211724544392416 20.634452915541587 1.5757895477883153 0.10747064803235946 2.2829868141709895 0.35782593425348136 
[1, 24, 48], [24, 20, 10], [1, 10, 10], [30, 30, 30], [0, 1, 2], 2, 0.001, 1, False, False 0.9292638163254768 22.360435161758527 1.7531572103828454 0.07735165209331264 2.0322943937937037 0.263977607139789 
[1, 24, 48], [24, 15, 5], [1, 10, 10], [20, 20, 20], [1, 2], 2, 0.001, 1, False, False 0.7377310920989624 17.759107465739195 1.1663646508645507 0.027631598344235404 0.74942908604004 0.1432582220450782 
[1, 24, 48], [24, 10, 5], [1, 20, 20], [20, 20, 20], [1, 2], 2, 0.001, 1, False, False 0.7811026101380034 19.36234373369011 1.3678622861960863 0.04557155705463052 0.9800824278102231 0.11635876162210872 
[1, 24, 48], [24, 10, 5], [1, 20, 20], [30, 30, 30], [1, 2], 2, 0.001, 1, False, False 0.734607151257633 18.177831654804514 1.1840553938404892 0.025519061780721934 0.5806848573946309 0.04948507104332917 
[1, 24, 48], [24, 15, 5], [1, 10, 10], [30, 30, 30], [1, 2], 2, 0.001, 1, False, False 0.7393136337537456 18.24372422223966 1.1883438062579907 0.03837918795834815 1.057793641330962 0.10666826842764204 
[1, 24, 48], [24, 15, 5], [1, 20, 20], [20, 20, 20], [1, 2], 2, 0.001, 1, False, False 0.689438385695771 16.74724636057833 1.021406606409589 0.018935637221251876 0.44253585732633866 0.08132520527664432 
[1, 24, 48], [24, 15, 5], [1, 10, 10], [30, 30, 30], [0, 1, 2], 2, 0.001, 1, False, False 0.9544180865123595 23.45977021507775 1.8623403269443362 0.0923276457365939 1.9003396415776344 0.2540811392154875 
[1, 24, 48], [24, 10, 5], [1, 20, 20], [20, 20, 20], [0, 1, 2], 2, 0.001, 1, False, False 0.8898261506006951 22.172721118944036 1.7534162697577973 0.07936357599749676 1.7635987453974173 0.3075161565457222 
[1, 24, 48], [24, 20, 20], [1, 10, 10], [30, 30, 30], [0, 1, 2], 2, 0.001, 1, False, False 1.1395948766144341 27.325486306218167 2.516097995101115 0.07975453213030892 1.9892163702858088 0.18809798850722 
[1, 24, 48], [24, 15, 5], [1, 20, 20], [30, 30, 30], [0, 1, 2], 2, 0.001, 1, False, False 0.8921291889484836 22.01938414706522 1.7209926046588633 0.06841421500044596 1.6058839086498478 0.21626694128322715 
[1, 24, 48], [24, 15, 5], [1, 20, 20], [20, 20, 20], [0, 1, 2], 2, 0.001, 1, False, False 0.8655861361814595 21.560493820962705 1.6246896156779205 0.07433702852181825 1.5876036150218074 0.2509617083931492 
[1, 24, 48], [24, 10, 5], [1, 10, 10], [30, 30, 30], [0, 1, 2], 2, 0.001, 1, False, False 0.9359328893323741 21.891203226228853 1.658279612863807 0.15299017437388152 3.506125355153815 0.4649241169802914 
[1, 24, 48], [24, 10, 5], [1, 20, 20], [30, 30, 30], [0, 1, 2], 2, 0.001, 1, False, False 0.8376560558013068 20.809931203359046 1.5570883125167485 0.047562137044558306 0.8145049313360565 0.10552951226996755 
[1, 24, 48], [24, 20, 20], [1, 20, 20], [20, 20, 20], [0, 1, 2], 2, 0.001, 1, False, False 0.9610771224489093 23.573836751430196 1.8893711587251387 0.019326732264926212 0.3329059573640228 0.0609143011167313 
[1, 24, 48], [24, 20, 20], [1, 20, 20], [30, 30, 30], [0, 1, 2], 2, 0.001, 1, False, False 1.1617704104287203 27.622763213222296 2.549740983953473 0.0872487451475934 1.7590689038683731 0.3154440275717711 
[1, 24, 48], [24, 5, 5], [1, 10, 10], [20, 20, 20], [2], 2, 0.001, 1, False, False 0.6998709320504631 17.17708430270051 1.0145021069574995 0.04102279787556394 0.771803310400642 0.05361678242292956 
[1, 24, 48], [24, 5, 5], [1, 10, 10], [30, 30, 30], [2], 2, 0.001, 1, False, False 0.6952259967103599 16.479806610897942 0.9486973487690725 0.046817100058604316 0.5135050973801649 0.07311087830226941 
[1, 24, 48], [24, 20, 5], [1, 10, 10], [20, 20, 20], [0, 1, 2], 2, 0.001, 1, False, False 0.9214665582886449 22.780293826498504 1.7773047777382829 0.0991656234239494 2.28026772352859 0.28683157801988884 
[1, 24, 48], [24, 20, 5], [1, 10, 10], [30, 30, 30], [0, 1, 2], 2, 0.001, 1, False, False 0.9306180283496227 22.96475054922837 1.7835096202102176 0.031197775089804907 0.7449665725818126 0.10953533984939934 
[1, 24, 48], [24, 20, 5], [1, 20, 20], [30, 30, 30], [0, 1, 2], 2, 0.001, 1, False, False 0.8606525108425157 21.40866368221522 1.6844626395985216 0.03475410210471865 0.5887064142137577 0.11295500135502272 
[1, 24, 48], [24, 20, 10], [1, 10, 10], [20, 20, 20], [0, 1, 2], 2, 0.001, 1, False, False 0.8507356247485235 20.743811674280007 1.5199771780071618 0.03326028246327044 0.8815923109652367 0.1458729256729878 
[1, 24, 48], [24, 20, 15], [1, 20, 20], [20, 20, 20], [2], 2, 0.001, 1, False, False 0.7546506346203388 18.549896572141236 1.202348449016429 0.07232403194301962 1.798585049262223 0.3066874274235744 
[1, 24, 48], [24, 20, 10], [1, 10, 10], [20, 20, 20], [2], 2, 0.001, 1, False, False 0.7021098341378901 17.004510131849482 1.0168172147905767 0.025615122806925916 0.437504486510163 0.06685662661837324 
[1, 24, 48], [24, 20, 5], [1, 20, 20], [20, 20, 20], [0, 1, 2], 2, 0.001, 1, False, False 0.8232651934200139 20.724200904904663 1.521913073783862 0.03874945717402613 0.8818322735262851 0.10948353444547772 
[1, 24, 48], [24, 20, 15], [1, 20, 20], [30, 30, 30], [2], 2, 0.001, 1, False, False 0.7291561778531307 18.30579318273826 1.2260978977255637 0.02645381676295537 0.03351459666715858 0.09720022961861655 
[1, 24, 48], [24, 20, 20], [1, 20, 20], [20, 20, 20], [2], 2, 0.001, 1, False, False 0.7309263090982481 17.825501376964795 1.1294055566600942 0.06044174798895868 1.484303209672318 0.23438895365003726 
[1, 24, 48], [24, 20, 15], [1, 10, 10], [30, 30, 30], [2], 2, 0.001, 1, False, False 0.7865992325496065 19.026959087071678 1.3528729020483539 0.08757512095947145 2.317722914145554 0.3108358101186035 
[1, 24, 48], [24, 20, 20], [1, 10, 10], [20, 20, 20], [2], 2, 0.001, 1, False, False 0.7189780699158156 17.699849435078903 1.122034846613543 0.03205233504083608 0.894590599444207 0.07898412883377692 
[1, 24, 48], [24, 20, 10], [1, 20, 20], [30, 30, 30], [2], 2, 0.001, 1, False, False 0.693415531929996 17.172988110578117 1.0361831994991832 0.021706950738761516 0.8712924413212015 0.09931752857838881 
[1, 24, 48], [24, 20, 20], [1, 10, 10], [30, 30, 30], [2], 2, 0.001, 1, False, False 0.890656797881066 22.03680148224657 1.7307713719682856 0.11459752646328607 2.6847678551033693 0.2779177254596368 
[1, 24, 48], [24, 20, 20], [1, 20, 20], [30, 30, 30], [2], 2, 0.001, 1, False, False 0.8342039934324997 19.99638375891744 1.4422396714315389 0.02204786609927853 1.1871618863092572 0.2216103454249891 
[1, 24, 48], [24, 5, 5], [1, 20, 20], [20, 20, 20], [2], 2, 0.001, 1, False, False 0.7347170082679776 17.910451662902272 1.0843741924352561 0.021589754397624138 0.5311975942095428 0.07296045660773637 
[1, 24, 48], [24, 5, 5], [1, 20, 20], [30, 30, 30], [2], 2, 0.001, 1, False, False 0.6588731364312547 16.027518842454842 0.9129965873259959 0.030726591750790552 0.4685316357328717 0.10285309549483218 
[1, 24, 48], [24, 15, 5], [1, 20, 20], [30, 30, 30], [1, 2], 2, 0.001, 1, False, False 0.6836447040308956 16.903519648490143 1.057692789324183 0.042378421172953915 1.1405769520869535 0.1715927518488959 
[1, 24, 48], [24, 20, 5], [1, 10, 10], [20, 20, 20], [1, 2], 2, 0.001, 1, False, False 0.789087993727514 19.03715647428696 1.299626099374035 0.059213994292540026 1.3310061517197387 0.19156343276124552 
[1, 24, 48], [24, 20, 10], [1, 20, 20], [20, 20, 20], [2], 2, 0.001, 1, False, False 0.7013540076609286 16.822589814186856 0.9806548528796268 0.04570041759477595 1.019220963037904 0.08376307687664346 
[1, 24, 48], [24, 20, 10], [1, 10, 10], [20, 20, 20], [1, 2], 2, 0.001, 1, False, False 0.7304564621161532 18.257339945322304 1.2662157302064552 0.042785152949108465 0.6713704058976673 0.11189291116052635 
[1, 24, 48], [24, 20, 5], [1, 20, 20], [30, 30, 30], [1, 2], 2, 0.001, 1, False, False 0.7253476589366241 18.1345736138323 1.1468598268212717 0.03864905421279192 0.7001278206101028 0.08027232469868839 
[1, 24, 48], [24, 20, 10], [1, 10, 10], [30, 30, 30], [2], 2, 0.001, 1, False, False 0.7046485134434922 17.04170318854582 1.0426775229175793 0.05901952022846064 1.3837263043712549 0.17727218536667058 
[1, 24, 48], [24, 20, 15], [1, 10, 10], [20, 20, 20], [2], 2, 0.001, 1, False, False 0.7465080509548662 18.35713258110423 1.2496412495820235 0.04080223382702056 1.8350270353684723 0.27172383485666934 
[1, 24, 48], [24, 20, 5], [1, 10, 10], [30, 30, 30], [1, 2], 2, 0.001, 1, False, False 0.7859315585965913 19.362600649484175 1.4095970681621797 0.060409505967069115 1.5240900521757825 0.21395103517903555 
[1, 24, 48], [24, 20, 5], [1, 20, 20], [20, 20, 20], [1, 2], 2, 0.001, 1, False, False 0.7589789007410959 18.660718158571083 1.2485028505766165 0.02038141587183479 0.7580178941965231 0.08455189081107682 
[1, 24, 48], [24, 20, 20], [1, 10, 10], [30, 30, 30], [1, 2], 2, 0.001, 1, False, False 0.7654285033336944 18.419156808749648 1.2238461236784282 0.024616221527653328 0.6266375908769065 0.0777304093070146 
[1, 24, 48], [24, 20, 20], [1, 20, 20], [20, 20, 20], [1, 2], 2, 0.001, 1, False, False 0.7502011774935657 18.814584591852967 1.282493862561453 0.056321603903634165 1.209650808426525 0.19627976998352736 
[1, 24, 48], [24, 20, 20], [1, 20, 20], [30, 30, 30], [1, 2], 2, 0.001, 1, False, False 0.783570695972001 18.875800135717018 1.3275045296831192 0.02036025892141539 1.2207743011584073 0.19825710191211493 
[1, 24, 48], [24, 20, 20], [1, 10, 10], [20, 20, 20], [1, 2], 2, 0.001, 1, False, False 0.785137209723945 18.82679005549959 1.3433613888539877 0.09420838219964482 2.2817137801493628 0.3099897459321461 
[1, 24, 48], [24, 20, 10], [1, 10, 10], [30, 30, 30], [1, 2], 2, 0.001, 1, False, False 0.7963403007774441 19.217945863722857 1.320471498421659 0.07340940241553591 2.4935614753544875 0.30546305097596427 
[1, 24, 48], [24, 20, 15], [1, 20, 20], [20, 20, 20], [1, 2], 2, 0.001, 1, False, False 0.7458134635248118 18.521064430600717 1.2489001974630842 0.0281231618041281 0.8533626597746385 0.10614373231711782 
[1, 24, 48], [24, 20, 15], [1, 10, 10], [20, 20, 20], [1, 2], 2, 0.001, 1, False, False 0.7523256227443064 18.362198940153558 1.210768674582506 0.028877117344532216 0.49151791648417437 0.05569820995734398 
[1, 24, 48], [24, 20, 10], [1, 20, 20], [20, 20, 20], [1, 2], 2, 0.001, 1, False, False 0.704729312258186 17.507454910124867 1.0809735149151134 0.06432694891765374 1.5128654726581967 0.17773436266619805 
[1, 24, 48], [24, 20, 15], [1, 10, 10], [30, 30, 30], [1, 2], 2, 0.001, 1, False, False 0.8032081373587802 19.138089230546942 1.3238766867086316 0.05793869418602984 1.8797669079753663 0.22526167508423786 
[1, 24, 48], [24, 20, 15], [1, 20, 20], [30, 30, 30], [1, 2], 2, 0.001, 1, False, False 0.7005387544493985 17.5182704930674 1.160862053235339 0.021559261973599992 0.5553599038784814 0.061522397374068304 
[1, 24, 48], [24, 20, 10], [1, 20, 20], [30, 30, 30], [1, 2], 2, 0.001, 1, False, False 0.7324150547454202 18.311655959962092 1.2292163303471293 0.036168029887551224 0.9254005477313344 0.1428819607558462 
[1, 24, 48], [24, 15, 5], [1, 10, 10], [20, 20, 20], [0, 1, 2], 2, 0.001, 1, False, False 0.8227340998645459 20.458036629231902 1.4519273394251258 0.04707016460920574 0.9912560350383778 0.07242423942753604 
