lags time_steps dense_nodes lstm_nodes processed scales                        epochs l2 learning_rate mean_mae mean_mape mean_mse                         std mae std_mape std_mse 
[1, 24], [24, 5], [1, 5], [20, 20], [0, 1], 1, 0.001, 1, False, False 1.682139845013067 37.09350939975967 3.7446419644300293 0.014311218241439156 0.34428765424180113 0.0600139593415632 
[1, 24], [24, 1], [1, 5], [10, 10], [0, 1], 1, 0.001, 1, False, False 1.6906009163155602 37.33326039710849 3.7793095703601085 0.011999580526818779 0.3474177312963786 0.037255630612907986 
[1, 24], [24, 5], [1, 10], [10, 10], [0, 1], 5, 0.001, 1, False, False 0.9921245151923764 23.173855174474394 1.6920498042824488 0.1400552606596283 3.367355049852775 0.3514045218465297 
[1, 24], [24, 1], [1, 5], [20, 20], [0, 1], 5, 0.001, 1, False, False 1.486167812112857 33.104242346554436 3.084231740329933 0.09740693589295134 2.102022123505856 0.3458108902785136 
[1, 24], [24, 15], [1, 10], [20, 20], [0, 1], 1, 0.001, 1, False, False 1.6648525296399992 36.56457852144435 3.658458161055606 0.02615924873933459 0.37200157056337696 0.09676665738145578 
[1, 24], [24, 10], [1, 10], [10, 10], [0, 1], 1, 0.001, 1, False, False 1.678845228172011 37.308140995275544 3.738481452223828 0.021276574497566 0.40266891204144417 0.0718393125548481 
[1, 24], [24, 1], [1, 5], [10, 10], [0, 1], 5, 0.001, 1, False, False 1.5151066395695565 33.952540952489365 3.174062344484638 0.019961569909207583 0.36667252066734524 0.10658173171483577 
[1, 24], [24, 5], [1, 5], [20, 20], [0, 1], 5, 0.001, 1, False, False 1.256803547135658 28.39379894465573 2.2533572845996686 0.17207432805216405 3.694042457097423 0.5373798855007392 
[1, 24], [24, 5], [1, 5], [10, 10], [1], 1, 0.001, 1, False, False 1.6587510681676647 37.000669499299455 3.6970906740671183 0.016108955485166908 0.35238241055360287 0.04326757033987874 
[1, 24], [24, 10], [1, 5], [20, 20], [1], 1, 0.001, 1, False, False 1.7256474132615107 38.47375989345559 3.9472450183989447 0.02179753011630919 0.5477337106425314 0.10385340901598894 
[1, 24], [24, 1], [1, 10], [10, 10], [0, 1], 10, 0.001, 1, False, False 0.9332611383732271 20.897771948434794 1.3772914104755818 0.06311375031886442 1.3297940021353272 0.1807606348324798 
[1, 24], [24, 5], [1, 5], [20, 20], [1], 5, 0.001, 1, False, False 1.3781741537705618 31.314750578386654 2.7470013499282486 0.26306350946852447 4.991333691401018 0.7621075365841016 
[1, 24], [24, 5], [1, 5], [10, 10], [1], 5, 0.001, 1, False, False 1.2904168928386992 29.392407279149023 2.4203575426239676 0.02756739174908764 0.573812832167222 0.09963321398064565 
[1, 24], [24, 10], [1, 5], [20, 20], [1], 5, 0.001, 1, False, False 1.111906118511602 25.116884687420065 1.8446540784353036 0.10052868480880708 1.9343464278345925 0.25170092359565605 
[1, 24], [24, 10], [1, 10], [20, 20], [0, 1], 5, 0.001, 1, False, False 0.9623363354691752 21.562576177614776 1.6261316015026417 0.02453719793302691 0.377899382869091 0.22138558570266256 
[1, 24], [24, 15], [1, 10], [10, 10], [1], 1, 0.001, 1, False, False 1.663618643899207 37.05074076646208 3.6887965553160886 0.029740887984716476 0.6235166207712285 0.13671495739929967 
[1, 24], [24, 10], [1, 10], [10, 10], [1], 5, 0.001, 1, False, False 1.1634087955648151 26.642347550878316 2.0758327200165745 0.02822252478125343 0.5723334312314307 0.04279559365369406 
[1, 24], [24, 5], [1, 10], [10, 10], [1], 10, 0.001, 1, False, False 0.8591744443815617 19.839898424989524 1.3830225360700574 0.030909226095627854 1.073588920914642 0.1520734294693571 
[1, 24], [24, 15], [1, 10], [20, 20], [0, 1], 5, 0.001, 1, False, False 0.9820913619603274 22.315317310556953 1.6633596914822435 0.04836953876384889 0.8491243291956503 0.07696136739764145 
[1, 24], [24, 10], [1, 10], [10, 10], [0, 1], 5, 0.001, 1, False, False 1.0586392688530462 24.56466241074739 1.8296721326941061 0.12997847112292926 2.9981358891628718 0.39851606912574744 
[1, 24], [24, 5], [1, 10], [20, 20], [0, 1], 10, 0.001, 1, False, False 0.8305371091114702 18.818804248261102 1.2110738463182233 0.05061319272570418 0.46871929463097145 0.06160518827175799 
[1, 24], [24, 10], [1, 10], [20, 20], [1], 10, 0.001, 1, False, False 0.7962121518742706 19.202807183932247 1.340935967960087 0.024419674044358464 0.8978611233883558 0.09512042672475492 
[1, 24], [24, 15], [1, 10], [20, 20], [1], 5, 0.001, 1, False, False 0.9973073414906309 23.185605619529184 1.787182941768326 0.19769971412476448 4.2281640746638125 0.521805699069677 
[1, 24], [24, 5], [1, 5], [20, 20], [1], 10, 0.001, 1, False, False 0.8526536083262829 19.891752956696276 1.3301078103890311 0.04527979609457648 1.0920664760603203 0.04198452851934491 
[1, 24], [24, 5], [1, 10], [10, 10], [0, 1], 10, 0.001, 1, False, False 0.8537831174485663 20.146627430673934 1.4064462947037875 0.08999799447370506 2.66183765384459 0.41065173411183636 
[1, 24], [24, 1], [1, 5], [20, 20], [0, 1], 10, 0.001, 1, False, False 0.9257210546000687 21.806804048679428 1.508101156160641 0.027899072691956066 0.8340517745530444 0.10658391572522265 
[1, 24], [24, 15], [1, 10], [10, 10], [1], 5, 0.001, 1, False, False 1.0809992672254642 24.883623001658947 1.8900594900910608 0.1654945563477451 3.7871030947203157 0.4428597522145293 
[1, 24], [24, 1], [1, 5], [10, 10], [0, 1], 10, 0.001, 1, False, False 1.0066672410677981 22.383714516291334 1.570738582407647 0.12410718232642055 3.0834401122417967 0.3136280946810744 
[1, 24], [24, 5], [1, 5], [10, 10], [1], 10, 0.001, 1, False, False 0.893768056785619 21.133900865491416 1.4483752192366641 0.04375960933886538 0.855642750513702 0.09057540816060518 
[1, 24], [24, 10], [1, 5], [20, 20], [1], 10, 0.001, 1, False, False 0.9308862811368371 21.78862355417185 1.5881253756270999 0.02532080969926808 1.244699492023256 0.20142922325117157 
[1, 24], [24, 5], [1, 5], [20, 20], [0, 1], 10, 0.001, 1, False, False 0.9331513516397941 21.118044096091285 1.3878629217264418 0.10122008337975127 2.0367145759579532 0.16481457581667266 
[1, 24], [24, 1], [1, 10], [20, 20], [1], 1, 0.001, 1, False, False 1.6746345475591993 37.164238462148894 3.742239401502772 0.026056928506866358 0.509899977969348 0.10539229191326165 
[1, 24], [24, 5], [1, 10], [20, 20], [1], 20, 0.001, 1, False, False 0.7558406558991582 18.41417163693723 1.1571522021079323 0.03614903615622655 0.8434187395114655 0.08998715389630328 
[1, 24], [24, 10], [1, 10], [10, 10], [1], 10, 0.001, 1, False, False 0.8994896874590604 21.088497284653872 1.5214175277432709 0.04680439277549581 0.6351546790731073 0.15305147037514605 
[1, 24], [24, 1], [1, 5], [10, 10], [1], 10, 0.001, 1, False, False 0.9691817588000387 21.134873504893616 1.3910473710423752 0.06448109282432833 1.3961117205018643 0.2614177226559962 
[1, 24], [24, 10], [1, 5], [10, 10], [1], 1, 0.001, 1, False, False 1.7022658969793056 37.809861906970156 3.8560512339793895 0.017139866655491744 0.37478194031306666 0.07025795320285522 
[1, 24], [24, 1], [1, 10], [20, 20], [0, 1], 20, 0.001, 1, False, False 0.8295371236279606 19.432810001028667 1.2868316034066238 0.10437406113832841 1.8819634744033769 0.16419168650375937 
[1, 24], [24, 1], [1, 10], [20, 20], [1], 5, 0.001, 1, False, False 1.0144448801047274 23.212570340013173 1.6033802809812778 0.08676303839235523 1.9397660073059686 0.2642325460155834 
[1, 24, 48], [24, 1, 1], [1, 10, 10], [10, 10, 10], [0, 1, 2], 1, 0.001, 1, False, False 1.662104481941572 36.69207269430802 3.68851849957351 0.008068654612037065 0.32284526552599085 0.06002505833709603 
[1, 24], [24, 15], [1, 5], [10, 10], [0, 1], 10, 0.001, 1, False, False 0.9167627478018403 20.60239350099516 1.3685794161586353 0.10637368136204368 1.5848998016362112 0.14887573455566874 
[1, 24], [24, 5], [1, 5], [10, 10], [0, 1], 1, 0.001, 1, False, False 1.7024281321576347 37.66045380092291 3.8258198081144834 0.007852276765041109 0.16148528645981142 0.022218537124868085 
[1, 24], [24, 10], [1, 5], [10, 10], [1], 5, 0.001, 1, False, False 1.2350402018538231 28.473013899159167 2.3211440995626735 0.15203889302249934 3.2291909303545374 0.3815367848307097 
[1, 24], [24, 1], [1, 10], [20, 20], [1], 10, 0.001, 1, False, False 0.8138839597296385 19.09412872312878 1.2190837900976736 0.09744285509655236 2.365458719143477 0.21785034690873759 
[1, 24], [24, 1], [1, 5], [20, 20], [1], 20, 0.001, 1, False, False 0.8078001188183271 19.029293306345693 1.250998147523289 0.034423686176566624 0.5384465870767404 0.04966781904230195 
[1, 24, 48], [24, 10, 1], [1, 5, 5], [10, 10, 10], [0, 1, 2], 1, 0.001, 1, False, False 1.6723909777761612 36.99006985431719 3.714404726011905 0.015123821004585104 0.22159479815818905 0.06363793588258526 
[1, 24, 48], [24, 5, 1], [1, 10, 10], [20, 20, 20], [0, 1, 2], 1, 0.001, 1, False, False 1.6528594556644007 36.56401050709121 3.636392462019554 0.02115903300866759 0.5360907367122407 0.08617815197081331 
[1, 24, 48], [24, 15, 1], [1, 5, 5], [20, 20, 20], [0, 1, 2], 1, 0.001, 1, False, False 1.6885271334399778 37.085214381091056 3.75166865310063 0.01632211434044327 0.4059632845781451 0.07703636745785765 
[1, 24, 48], [24, 15, 5], [1, 10, 10], [10, 10, 10], [0, 1, 2], 1, 0.001, 1, False, False 1.6821008408649103 37.4364588792441 3.7870655717962527 0.006503016271090656 0.44704281696180775 0.06743666242479743 
[1, 24], [24, 1], [1, 10], [10, 10], [1], 1, 0.001, 1, False, False 1.697437213582021 37.78370662822203 3.845216993735749 0.023207165826472857 0.40410064094577725 0.12957571633019266 
[1, 24], [24, 5], [1, 10], [10, 10], [1], 20, 0.001, 1, False, False 0.8000690999820277 19.722647728016543 1.3780179295940256 0.01711908540696195 0.027298837882981458 0.05331017627777867 
[1, 24], [24, 15], [1, 10], [20, 20], [1], 10, 0.001, 1, False, False 0.8525276158832841 19.804123187190605 1.4547026125525697 0.03483248041270526 0.6657020729001809 0.0975385711059225 
[1, 24], [24, 5], [1, 10], [20, 20], [1], 1, 0.001, 1, False, False 1.647865655273199 36.61256127725457 3.661762671886796 0.00912640745721024 0.26116812207038925 0.07047131997315599 
[1, 24], [24, 15], [1, 10], [10, 10], [1], 10, 0.001, 1, False, False 0.9066649208190262 20.973351746619073 1.5241669017471071 0.034408691178774965 0.8673406376523186 0.09995478605088655 
[1, 24], [24, 10], [1, 5], [10, 10], [0, 1], 20, 0.001, 1, False, False 0.8318998313888355 20.03064499252423 1.356062201057086 0.04635133734316191 0.7733194202156314 0.05632610688851797 
[1, 24], [24, 1], [1, 10], [10, 10], [1], 5, 0.001, 1, False, False 1.226093797095948 28.195561263075348 2.2602794753926307 0.09933739722361237 1.7704774132861656 0.3003305268609936 
[1, 24], [24, 1], [1, 5], [10, 10], [1], 20, 0.001, 1, False, False 0.7994068072418923 19.226075628771138 1.3195625030934683 0.0420673617546848 0.9267230408177297 0.04256349949048424 
[1, 24], [24, 5], [1, 5], [10, 10], [0, 1], 5, 0.001, 1, False, False 1.4311360892184357 32.09123076633771 2.9901202478167757 0.2321227480211422 4.990325845463825 0.6713801688134909 
[1, 24], [24, 10], [1, 10], [20, 20], [1], 20, 0.001, 1, False, False 0.8211964509208444 20.038304130667996 1.370163579787308 0.014227966921498887 0.3381230485358695 0.018330893721350064 
[1, 24, 48], [24, 1, 1], [1, 10, 10], [20, 20, 20], [0, 1, 2], 5, 0.001, 1, False, False 0.8179291961990574 17.84134178636052 1.0475855148024797 0.055492971394576394 0.8604579593056543 0.11578862626519458 
[1, 24], [24, 1], [1, 5], [20, 20], [1], 1, 0.001, 1, False, False 1.6926334713344222 37.679425728204876 3.8060876115139113 0.01627271009537897 0.3145184174269273 0.053261019713207014 
[1, 24], [24, 10], [1, 5], [20, 20], [0, 1], 1, 0.001, 1, False, False 1.6991264467989957 37.48246990197745 3.802137188691745 0.00632581478810199 0.1877115792080372 0.023108574394599766 
[1, 24], [24, 15], [1, 5], [10, 10], [1], 1, 0.001, 1, False, False 1.6671255702635757 37.05525414257995 3.7055542811602824 0.027538323271397974 0.4190029310173152 0.09522254322132209 
[1, 24], [24, 10], [1, 10], [20, 20], [0, 1], 10, 0.001, 1, False, False 0.8456818778895668 19.503478822102164 1.261521565210608 0.015807637143281247 0.719199488945841 0.06204368253130318 
[1, 24], [24, 15], [1, 5], [10, 10], [1], 20, 0.001, 1, False, False 0.8835589013579819 21.208864651675132 1.4709518812360256 0.05089419036803452 0.8486974230536293 0.05955322258573345 
[1, 24], [24, 5], [1, 5], [20, 20], [1], 20, 0.001, 1, False, False 0.7529242418499456 18.355910355502033 1.1653240180610906 0.02807348845445203 0.3505734327875427 0.026669418088294403 
[1, 24, 48], [24, 15, 15], [1, 10, 10], [20, 20, 20], [0, 1, 2], 1, 0.001, 1, False, False 1.6295834766079986 35.82235339100489 3.5049522082338194 0.012395493489546577 0.2836619931852984 0.008969674959493332 
[1, 24], [24, 15], [1, 5], [20, 20], [1], 1, 0.001, 1, False, False 1.6893520003253661 37.36232149172543 3.7761922121308813 0.022255631132424257 0.4436163305185645 0.05154947838141056 
[1, 24], [24, 5], [1, 10], [20, 20], [1], 5, 0.001, 1, False, False 0.9405897941026421 22.011064136691473 1.5089843731196189 0.13441368382324348 3.1989646417662003 0.3570012607947528 
[1, 24], [24, 5], [1, 10], [10, 10], [1], 1, 0.001, 1, False, False 1.6171900297618578 35.973763357628584 3.504038726660547 0.03646113595233845 0.8158712170021994 0.17128025551735793 
[1, 24], [24, 10], [1, 5], [10, 10], [1], 10, 0.001, 1, False, False 0.8599649785362461 19.755893622096398 1.3690648746077982 0.05411258228213219 1.4901581219216107 0.10635200465419463 
[1, 24], [24, 5], [1, 5], [10, 10], [1], 20, 0.001, 1, False, False 0.7457849068843104 18.454893236183498 1.1940584088666848 0.04880178011677002 1.1031246214600385 0.08236927241500343 
[1, 24, 48], [24, 1, 1], [1, 10, 10], [10, 10, 10], [0, 1, 2], 5, 0.001, 1, False, False 0.861667870178267 19.07498273045994 1.1649406122499066 0.061961920307224444 1.9534707514084042 0.2175290433344072 
[1, 24], [24, 1], [1, 5], [20, 20], [1], 5, 0.001, 1, False, False 1.4018166474860025 31.67656209975799 2.954802038828431 0.16558287622112927 3.6135579648538276 0.5213525299001763 
[1, 24], [24, 1], [1, 10], [10, 10], [1], 10, 0.001, 1, False, False 0.8692302187904716 20.16756821343764 1.2777383402606335 0.05193000979063521 0.987042565689515 0.09179249144015858 
[1, 24], [24, 10], [1, 10], [10, 10], [1], 20, 0.001, 1, False, False 0.798171881565617 19.71366881740612 1.3367658652235344 0.0469394280920441 1.1315535459478052 0.11986144901457302 
[1, 24], [24, 5], [1, 5], [20, 20], [1], 1, 0.001, 1, False, False 1.6864807635269787 37.48574970006474 3.78614769576674 0.01799120171913132 0.2956020125475596 0.05700150849796928 
[1, 24], [24, 15], [1, 10], [20, 20], [0, 1], 10, 0.001, 1, False, False 0.8028775512827216 18.84402769746508 1.211707074813004 0.01224807177338498 0.730706415243962 0.07797356413712567 
[1, 24], [24, 10], [1, 10], [10, 10], [0, 1], 10, 0.001, 1, False, False 0.8772448091043367 20.844694361601512 1.5093941632778891 0.08724709047841364 1.7826884393850877 0.2197293006227082 
[1, 24], [24, 1], [1, 10], [20, 20], [1], 20, 0.001, 1, False, False 0.7075394217821734 17.271354830506066 1.0757238751055163 0.03580492917656723 0.7676477387038346 0.030686230121166728 
[1, 24], [24, 10], [1, 10], [20, 20], [1], 1, 0.001, 1, False, False 1.6776038008293621 37.06566050294881 3.7402569804210075 0.023379253678725623 0.6710203232680275 0.09229397503454956 
[1, 24], [24, 15], [1, 5], [10, 10], [1], 5, 0.001, 1, False, False 1.3848604136457048 31.673316060136923 2.8804804497525485 0.2632578017763479 5.21967083043826 0.7478700739845562 
[1, 24], [24, 10], [1, 5], [20, 20], [1], 20, 0.001, 1, False, False 0.7951303200589285 19.278975653214545 1.2717914776013857 0.008812749564102515 0.1945591082114 0.058769326825397886 
[1, 24], [24, 10], [1, 10], [10, 10], [1], 1, 0.001, 1, False, False 1.6923042370075432 37.539958092273686 3.8276937108432043 0.03526778119742323 0.7031853714110315 0.11591788050982907 
[1, 24], [24, 1], [1, 10], [10, 10], [0, 1], 20, 0.001, 1, False, False 0.7653565433083309 18.75431264401733 1.2637900660317338 0.02554233260143757 0.5928127494892855 0.08515894088344944 
[1, 24], [24, 5], [1, 10], [10, 10], [1], 5, 0.001, 1, False, False 1.2829031048135626 29.242894587877544 2.5100391668134763 0.21020685066669018 4.224793491774939 0.6450120827032598 
[1, 24], [24, 15], [1, 5], [20, 20], [1], 5, 0.001, 1, False, False 1.2207529871414105 27.147684423876285 2.1958270238945046 0.05153406331109497 1.5533166807455105 0.23117009076793557 
[1, 24], [24, 1], [1, 10], [20, 20], [0, 1], 1, 0.001, 1, False, False 1.6809804160837774 37.24062061715267 3.736802191544226 0.00875913429345353 0.18640483828725934 0.03113318222231649 
[1, 24, 48], [24, 15, 1], [1, 10, 10], [10, 10, 10], [0, 1, 2], 5, 0.001, 1, False, False 0.8648946925307864 19.303314944887664 1.164508427123596 0.009829888001005989 0.19652918474556874 0.04134441568833324 
[1, 24, 48], [24, 15, 5], [1, 10, 10], [20, 20, 20], [0, 1, 2], 5, 0.001, 1, False, False 0.933504144171322 21.677569996553075 1.6213385580774586 0.018196849800456674 0.8939456343296762 0.1415920532417864 
[1, 24], [24, 1], [1, 5], [20, 20], [1], 10, 0.001, 1, False, False 0.8203670491291968 18.480754265238716 1.163166529053406 0.08742183602914429 2.222762773165412 0.1683105071865373 
[1, 24], [24, 15], [1, 5], [20, 20], [0, 1], 20, 0.001, 1, False, False 0.7936098650718729 19.210594137483103 1.2474321761214275 0.07600933570534976 1.6088904404211946 0.2200731595409862 
[1, 24, 48], [24, 10, 1], [1, 5, 5], [20, 20, 20], [0, 1, 2], 5, 0.001, 1, False, False 0.839696157599489 18.988407145679503 1.3025167111315206 0.03829410879253121 0.9843880258819641 0.16124406976447297 
[1, 24], [24, 10], [1, 10], [20, 20], [1], 5, 0.001, 1, False, False 1.0904290305519546 24.828698399545946 1.9717582936951559 0.28366415740360146 5.713894160317269 0.7995086147879853 
[1, 24, 48], [24, 5, 1], [1, 5, 5], [10, 10, 10], [0, 1, 2], 5, 0.001, 1, False, False 0.927396466776177 20.939579697585945 1.407635321468718 0.12002362103064701 2.911079747204077 0.3805310810155573 
[1, 24], [24, 10], [1, 5], [20, 20], [0, 1], 5, 0.001, 1, False, False 1.4650723384210356 32.82811251722673 2.9946191893117216 0.22619499265980017 4.466880185835083 0.7613324438215446 
[1, 24], [24, 15], [1, 10], [10, 10], [0, 1], 1, 0.001, 1, False, False 1.6769197416802248 37.17559037729571 3.770609645276482 0.03295562916701439 0.6909579495632237 0.12071824994788015 
[1, 24], [24, 5], [1, 10], [20, 20], [1], 10, 0.001, 1, False, False 0.8388054803910631 19.43784666126362 1.2637353319698261 0.06875706582556573 1.7384345632659763 0.1489311666502651 
[1, 24, 48], [24, 15, 15], [1, 5, 5], [10, 10, 10], [0, 1, 2], 5, 0.001, 1, False, False 0.9778505795531807 22.1398727915613 1.6634557688231804 0.11858304304093134 2.756019062522288 0.3400930296444742 
[1, 24, 48], [24, 10, 1], [1, 5, 5], [10, 10, 10], [0, 1, 2], 5, 0.001, 1, False, False 1.1050519543665427 25.32607774204939 1.887462901002422 0.08412424746368216 1.6755754855817506 0.24655604035685338 
[1, 24, 48], [24, 15, 1], [1, 5, 5], [20, 20, 20], [0, 1, 2], 5, 0.001, 1, False, False 0.8982297427262425 20.675906868785393 1.458635917350407 0.047207732629653706 1.2018311179524763 0.18005952998310637 
[1, 24, 48], [24, 5, 1], [1, 10, 10], [20, 20, 20], [0, 1, 2], 5, 0.001, 1, False, False 0.9080890863512953 20.323585866025592 1.3704643290577547 0.014473808961314593 0.4910131072576045 0.02836684935486778 
[1, 24], [24, 15], [1, 5], [10, 10], [1], 10, 0.001, 1, False, False 1.080164017059185 24.610369587238562 1.9132118076491509 0.1868862653770141 4.22580625011066 0.39835365060953143 
[1, 24, 48], [24, 15, 5], [1, 10, 10], [10, 10, 10], [0, 1, 2], 5, 0.001, 1, False, False 0.925120589537201 20.68746543857755 1.3687499378134378 0.0799505883453342 2.0248862195091375 0.16178225463936766 
[1, 24, 48], [24, 1, 1], [1, 5, 5], [10, 10, 10], [0, 1, 2], 10, 0.001, 1, False, False 0.8540825248454454 19.6638762618647 1.3218289719115963 0.08341204202128838 1.656658211726822 0.17909684574464632 
[1, 24], [24, 1], [1, 10], [10, 10], [1], 20, 0.001, 1, False, False 0.7925278701991947 18.952634057112945 1.2768578222182294 0.014723143283415249 0.5390038319930774 0.028410139682845215 
[1, 24, 48], [24, 1, 1], [1, 5, 5], [10, 10, 10], [1, 2], 1, 0.001, 1, False, False 1.6713840888192257 37.27895640320546 3.746866832974123 0.018834272269165345 0.37162261665362883 0.11908813433285684 
[1, 24, 48], [24, 10, 1], [1, 5, 5], [20, 20, 20], [1, 2], 1, 0.001, 1, False, False 1.6610792979598044 36.8161207629916 3.6328857662051406 0.05247012542454062 1.142020633578696 0.23227987352671672 
[1, 24, 48], [24, 15, 5], [1, 5, 5], [10, 10, 10], [0, 1, 2], 10, 0.001, 1, False, False 1.1327041453233473 25.733612277521114 2.1278197067076623 0.36666781270529686 7.544491311276759 1.079289203724029 
[1, 24], [24, 5], [1, 5], [10, 10], [0, 1], 10, 0.001, 1, False, False 0.8983361906130557 20.370116347865032 1.3360722435946257 0.10200275028357098 1.9377110648613576 0.21793142804695526 
[1, 24], [24, 5], [1, 10], [10, 10], [0, 1], 20, 0.001, 1, False, False 0.7893621145506149 19.01879196759531 1.265860326070053 0.02025033611994212 0.7214742574399814 0.064399717553772 
[1, 24], [24, 1], [1, 10], [20, 20], [0, 1], 5, 0.001, 1, False, False 1.448415218707588 32.128525158177474 2.993078082918298 0.11716219967736306 2.417942687434374 0.3881551821352991 
[1, 24, 48], [24, 15, 15], [1, 10, 10], [20, 20, 20], [0, 1, 2], 5, 0.001, 1, False, False 0.835534480634939 19.39936751039559 1.4398126169182104 0.03696145197972732 0.9902399242441499 0.20556301917595324 
[1, 24], [24, 1], [1, 5], [20, 20], [0, 1], 20, 0.001, 1, False, False 0.8690222124327667 20.31990237288564 1.361217324059002 0.1325006562937039 2.999877110927859 0.31909805548306114 
[1, 24], [24, 5], [1, 10], [20, 20], [0, 1], 1, 0.001, 1, False, False 1.635112972750708 36.05956011547258 3.5654263893155917 0.046888471984792054 1.117813882057295 0.17054629858078424 
[1, 24], [24, 1], [1, 5], [10, 10], [0, 1], 20, 0.001, 1, False, False 0.9159390905527056 21.25863975732474 1.4620723033394796 0.05686756657765531 1.0706005267937786 0.1526337338915643 
[1, 24], [24, 15], [1, 5], [20, 20], [1], 10, 0.001, 1, False, False 0.7650577808005942 17.947011743931114 1.211089728165381 0.025162226516815128 0.1231139208024052 0.029080435978157033 
[1, 24], [24, 1], [1, 10], [10, 10], [0, 1], 1, 0.001, 1, False, False 1.642258344618259 36.59343359856524 3.610498873259387 0.06270101305247962 1.300203238346594 0.24018095051447522 
[1, 24], [24, 5], [1, 5], [20, 20], [0, 1], 20, 0.001, 1, False, False 0.8090950795345838 19.172813211063186 1.2316313981959475 0.04737141897496908 0.9351305311320595 0.060437266732301764 
[1, 24], [24, 15], [1, 10], [20, 20], [1], 20, 0.001, 1, False, False 0.736226408700976 18.67370346028903 1.28046924447064 0.026826811927592797 0.830007532843571 0.06642138797087778 
[1, 24], [24, 1], [1, 5], [20, 20], [0, 1], 1, 0.001, 1, False, False 1.6991239254259405 37.614950880759956 3.8073829963257393 0.018392280441491275 0.5318968239543229 0.0638574984220248 
[1, 24, 48], [24, 15, 10], [1, 5, 5], [10, 10, 10], [1, 2], 5, 0.001, 1, False, False 0.935241997062608 21.74216945006154 1.7030794114431398 0.020112884767654424 0.4902601852035387 0.06765304941009988 
[1, 24, 48], [24, 1, 1], [1, 5, 5], [20, 20, 20], [1, 2], 5, 0.001, 1, False, False 0.9664553112384899 21.84528196064018 1.4900659084643724 0.10463943301806679 2.0934592841184707 0.2134956128575335 
[1, 24], [24, 1], [1, 5], [10, 10], [1], 1, 0.001, 1, False, False 1.688525671415307 37.62296220539533 3.8167999065865814 0.0240031595159663 0.5682130734444374 0.08264629945838614 
[1, 24], [24, 15], [1, 10], [10, 10], [1], 20, 0.001, 1, False, False 0.7742245529329889 18.887273640600178 1.2341287191254169 0.02522019629130028 1.068364592733682 0.10597641625446912 
[1, 24, 48], [24, 10, 1], [1, 5, 5], [20, 20, 20], [1, 2], 5, 0.001, 1, False, False 0.8841821857624584 20.3685895299683 1.4714695435873733 0.09275405295591865 2.1862738279545484 0.1482052267348043 
[1, 24], [24, 5], [1, 10], [10, 10], [0, 1], 1, 0.001, 1, False, False 1.6625762873225742 36.90997304374272 3.6960968230799587 0.021996155361933997 0.6167853194583334 0.06370948603663533 
[1, 24], [24, 5], [1, 10], [20, 20], [0, 1], 20, 0.001, 1, False, False 0.7764504668889224 18.887418528768418 1.2903617464362285 0.030911614471436057 0.6368735005396057 0.06402499582828135 
[1, 24, 48], [24, 15, 5], [1, 5, 5], [10, 10, 10], [1, 2], 1, 0.001, 1, False, False 1.692115295098888 37.684899939702795 3.8030539250009237 0.01441473451625303 0.2756786059361794 0.0404856717889917 
[1, 24, 48], [24, 1, 1], [1, 5, 5], [10, 10, 10], [1, 2], 5, 0.001, 1, False, False 0.8925974179335214 20.208212340177855 1.2905407978157133 0.06645462969770491 1.2405034241019925 0.11667252452304464 
[1, 24], [24, 15], [1, 10], [20, 20], [1], 1, 0.001, 1, False, False 1.6357068622553792 36.119601400537995 3.5639705093163094 0.042265442650183595 1.089785212026452 0.1659756879927098 
[1, 24], [24, 15], [1, 10], [10, 10], [0, 1], 5, 0.001, 1, False, False 1.0847303012592926 24.713758963352245 1.875683156931581 0.07194469894742779 1.7544477283492543 0.24541101616303837 
[1, 24], [24, 10], [1, 5], [10, 10], [1], 20, 0.001, 1, False, False 0.8656484443901314 20.921084276248944 1.4759240042547461 0.014714539474105039 0.3253238959950929 0.03603946032865183 
[1, 24, 48], [24, 15, 1], [1, 10, 10], [20, 20, 20], [0, 1, 2], 10, 0.001, 1, False, False 0.7371638557908161 17.65656579261508 1.0702847153859725 0.05520048335347826 1.2653629148600942 0.09915554549177577 
[1, 24], [24, 10], [1, 5], [10, 10], [0, 1], 1, 0.001, 1, False, False 1.6997915131488333 37.71551181157997 3.7852809935610794 0.013960614708506283 0.44810043876137745 0.095244899356966 
[1, 24, 48], [24, 15, 1], [1, 10, 10], [10, 10, 10], [0, 1, 2], 10, 0.001, 1, False, False 0.7909988333919533 18.76643961137927 1.235194244526669 0.008042221139899596 0.3312366910602665 0.07655944344155177 
[1, 24, 48], [24, 5, 1], [1, 5, 5], [20, 20, 20], [0, 1, 2], 10, 0.001, 1, False, False 0.7966285844781883 17.850267406883855 1.088789882909832 0.004710876725341188 0.4949241170439651 0.050402259182644675 
[1, 24], [24, 1], [1, 5], [10, 10], [1], 5, 0.001, 1, False, False 1.5116908608349384 33.861491760697795 3.1453660941357264 0.1840552721992679 3.8106615622464055 0.6728666008626029 
[1, 24, 48], [24, 5, 1], [1, 5, 5], [10, 10, 10], [2], 1, 0.001, 1, False, False 1.7094691004880052 38.002660949220505 3.8693237933012763 0.004603752032625121 0.20185148737158326 0.029804709427906268 
[1, 24, 48], [24, 1, 1], [1, 10, 10], [20, 20, 20], [0, 1, 2], 10, 0.001, 1, False, False 0.7527040594084947 17.574499277870675 1.1022187173168783 0.07217637183985333 1.4147394913521245 0.14026019727693553 
[1, 24, 48], [24, 20, 5], [1, 5, 5], [20, 20, 20], [2], 1, 0.001, 1, False, False 1.6985312231023002 37.607032366073774 3.8053273916409176 0.013634090375002891 0.530685947722411 0.08130754418649716 
[1, 24, 48], [24, 20, 15], [1, 10, 10], [20, 20, 20], [2], 1, 0.001, 1, False, False 1.5616414431482555 34.4242674073718 3.367361350715415 0.044001914722781824 0.8610853077579429 0.10969100433171418 
[1, 24, 48], [24, 20, 10], [1, 10, 10], [10, 10, 10], [2], 1, 0.001, 1, False, False 1.7069865082563072 37.94088918162489 3.8736473440679706 0.05840195236237602 1.3164962977854642 0.24501484971877655 
[1, 24], [24, 5], [1, 10], [20, 20], [0, 1], 5, 0.001, 1, False, False 1.081005780681692 24.17444823470774 1.8307480795011521 0.14831144397339524 2.745553266884533 0.3600426989795551 
[1, 24, 48], [24, 1, 1], [1, 5, 5], [20, 20, 20], [0, 1, 2], 20, 0.001, 1, False, False 0.7549725617937467 17.989669956048814 1.1402898298116135 0.02306730900041954 0.7870642575320884 0.07939963048763461 
[1, 24], [24, 1], [1, 10], [10, 10], [0, 1], 5, 0.001, 1, False, False 1.268051708834591 28.549041193075677 2.3716690171367527 0.0916462508912244 2.2444741224386076 0.3059747026499138 
[1, 24, 48], [24, 5, 1], [1, 5, 5], [10, 10, 10], [1, 2], 10, 0.001, 1, False, False 0.7781915909783156 18.365874768358495 1.2029175039275855 0.02515735283513871 0.7992679996202687 0.06042125969761106 
[1, 24, 48], [24, 5, 1], [1, 5, 5], [20, 20, 20], [2], 5, 0.001, 1, False, False 1.1982801224760438 26.786487914400226 2.166164689449402 0.16382600664857305 3.8427138520024657 0.5495597381741943 
[1, 24, 48], [24, 20, 5], [1, 10, 10], [10, 10, 10], [2], 5, 0.001, 1, False, False 0.9248847651260873 21.934293730541302 1.5398425117000858 0.04011694100371839 1.1291218554965479 0.11038297600927659 
[1, 24, 48], [24, 15, 5], [1, 5, 5], [20, 20, 20], [1, 2], 5, 0.001, 1, False, False 0.8366473715959324 19.119904933017462 1.347778026560438 0.06859354173440871 0.6976934192385181 0.043213932494077796 
[1, 24, 48], [24, 5, 1], [1, 10, 10], [10, 10, 10], [0, 1, 2], 1, 0.001, 1, False, False 1.6181314176431407 35.75139251379779 3.54599264296032 0.0070267481147673234 0.18688696616393796 0.04180651433452552 
[1, 24, 48], [24, 20, 10], [1, 10, 10], [20, 20, 20], [2], 5, 0.001, 1, False, False 0.8956817971611465 20.47143418119281 1.4910930623752676 0.007537979072638794 0.17861537775633418 0.03711521434774323 
[1, 24], [24, 10], [1, 5], [20, 20], [0, 1], 10, 0.001, 1, False, False 0.8777194748874065 20.2863566723889 1.3422466654765837 0.07905147077120513 1.4556799833006315 0.13528755234175843 
[1, 24, 48], [24, 5, 1], [1, 5, 5], [10, 10, 10], [2], 5, 0.001, 1, False, False 1.6358996594255724 36.703501137174335 3.61248423312089 0.0977856560200881 1.9164221586135866 0.3444202569310009 
[1, 24, 48], [24, 20, 5], [1, 5, 5], [20, 20, 20], [2], 5, 0.001, 1, False, False 1.298852998280415 28.644231513716694 2.516005175546324 0.19332299979733414 4.679482322866751 0.6302197991066987 
[1, 24, 48], [24, 1, 1], [1, 10, 10], [10, 10, 10], [0, 1, 2], 10, 0.001, 1, False, False 0.7746915102280952 18.28441261221022 1.173085605931792 0.04504526795110265 1.0300327567102785 0.11143258775822934 
[1, 24, 48], [24, 20, 10], [1, 10, 10], [10, 10, 10], [2], 5, 0.001, 1, False, False 1.2770937252927712 29.193043705740312 2.526037782959263 0.15054306418778787 3.4527683332200554 0.4759014097366981 
[1, 24, 48], [24, 20, 15], [1, 10, 10], [20, 20, 20], [2], 5, 0.001, 1, False, False 0.9809039522859234 22.013569170124597 1.6787147300805214 0.0417508750265073 1.2712464670620196 0.1699155878651638 
[1, 24], [24, 1], [1, 10], [20, 20], [0, 1], 10, 0.001, 1, False, False 0.9059558414198733 20.170995958591334 1.301072561205668 0.09292586169604616 1.2036189457710709 0.11143562530164774 
[1, 24, 48], [24, 15, 5], [1, 5, 5], [10, 10, 10], [1, 2], 5, 0.001, 1, False, False 0.8950957372646643 21.079742711835067 1.6039852144107394 0.06752139157428996 1.6069609411943424 0.18084804376448138 
[1, 24], [24, 15], [1, 5], [10, 10], [0, 1], 20, 0.001, 1, False, False 0.921347772454222 21.58367534664565 1.5223089361661637 0.04865219131136329 1.0318780254481505 0.20608971050660338 
[1, 24, 48], [24, 5, 1], [1, 10, 10], [10, 10, 10], [2], 10, 0.001, 1, False, False 0.8393807630503067 19.50967528287919 1.2992951354601654 0.12415396529598528 2.4674750983470912 0.3108458209547082 
[1, 24, 48], [24, 20, 5], [1, 10, 10], [20, 20, 20], [2], 10, 0.001, 1, False, False 0.802007499937382 18.773624651709063 1.2818868509607297 0.025989354137344194 0.8808434116173429 0.06504178400697604 
[1, 24], [24, 10], [1, 5], [10, 10], [0, 1], 5, 0.001, 1, False, False 1.3582220328074917 30.268141977227742 2.6198017031327705 0.15531888765756294 3.224943963143812 0.5129865880819392 
[1, 24], [24, 15], [1, 5], [20, 20], [0, 1], 1, 0.001, 1, False, False 1.6737193634802547 36.89491194315378 3.7131403878178055 0.014078982125091618 0.19875178427341025 0.042044921025081804 
[1, 24, 48], [24, 15, 5], [1, 5, 5], [20, 20, 20], [0, 1, 2], 20, 0.001, 1, False, False 0.7898859571182618 18.978065157328 1.2047238099465647 0.05279388311648657 1.2836138693526224 0.16464992638661066 
[1, 24, 48], [24, 15, 10], [1, 5, 5], [20, 20, 20], [1, 2], 10, 0.001, 1, False, False 0.8225284436441681 19.839382643455973 1.410413069157966 0.05951921230101768 1.352466030708661 0.13959157886870877 
[1, 24, 48], [24, 20, 15], [1, 5, 5], [10, 10, 10], [2], 10, 0.001, 1, False, False 1.119958554270367 25.58014165295896 2.0869536257609647 0.27718034237997197 5.966244685544663 0.7721484954928185 
[1, 24, 48], [24, 10, 1], [1, 5, 5], [20, 20, 20], [1, 2], 10, 0.001, 1, False, False 0.7752737497772885 18.33183043692532 1.1186388168851316 0.03425527650756848 0.8731419969381101 0.09018349407983603 
[1, 24, 48], [24, 1, 1], [1, 5, 5], [20, 20, 20], [1, 2], 10, 0.001, 1, False, False 0.8098677068051915 18.825101533533815 1.2317366697301804 0.07894049233179078 1.561021686528201 0.14910499635973648 
[1, 24, 48], [24, 15, 10], [1, 5, 5], [10, 10, 10], [1, 2], 10, 0.001, 1, False, False 0.8625724001684122 20.192780060367564 1.3897274833648379 0.011056615546566536 0.36573395723532154 0.041263369369096296 
[1, 24, 48], [24, 15, 15], [1, 10, 10], [10, 10, 10], [0, 1, 2], 1, 0.001, 1, False, False 1.589530274741076 35.45488613595532 3.4596927416945564 0.05455998022183892 1.0897838639646087 0.1916855998423959 
[1, 24, 48], [24, 5, 1], [1, 5, 5], [20, 20, 20], [1, 2], 20, 0.001, 1, False, False 0.7094357806844293 17.573030001736743 1.137460210979288 0.031093737773336634 0.5015600297380396 0.07023240378937298 
[1, 24, 48], [24, 15, 15], [1, 5, 5], [20, 20, 20], [0, 1, 2], 10, 0.001, 1, False, False 0.8472313440163378 20.185508157722236 1.4272057965029985 0.12117733267740548 2.3388063219598587 0.2810595532714669 
[1, 24, 48], [24, 5, 1], [1, 5, 5], [20, 20, 20], [2], 10, 0.001, 1, False, False 0.9910926696878891 22.116571602655622 1.5471530941148848 0.12635691682170638 2.8093624096933802 0.22310984942318446 
[1, 24, 48], [24, 1, 1], [1, 5, 5], [10, 10, 10], [1, 2], 10, 0.001, 1, False, False 0.7868689167554733 18.121303890538982 1.110922225287665 0.057327623665586594 1.2026393299628937 0.11271041790338424 
[1, 24, 48], [24, 15, 15], [1, 5, 5], [10, 10, 10], [0, 1, 2], 10, 0.001, 1, False, False 0.8752132618730819 20.285710692147973 1.382069815359153 0.021855639041598696 0.9424306616469585 0.13223434471159254 
[1, 24, 48], [24, 20, 5], [1, 10, 10], [10, 10, 10], [2], 10, 0.001, 1, False, False 0.8240228860673527 19.292543507043302 1.3735642685532865 0.09669979840778642 1.534953555004179 0.15577295935779412 
[1, 24, 48], [24, 10, 1], [1, 5, 5], [10, 10, 10], [1, 2], 1, 0.001, 1, False, False 1.6660640277106455 36.95878892623489 3.6672195537431858 0.048242774175360624 0.9132183631459183 0.2083847970972562 
[1, 24, 48], [24, 5, 1], [1, 10, 10], [10, 10, 10], [0, 1, 2], 5, 0.001, 1, False, False 0.8355141657232132 19.385170626788963 1.270272917542621 0.08334141088370538 1.8321771758808199 0.15472173652240395 
[1, 24, 48], [24, 5, 1], [1, 5, 5], [10, 10, 10], [2], 10, 0.001, 1, False, False 0.9853496119793919 22.29582645528019 1.6625872777543726 0.19016564828933522 4.040175989308003 0.42463809182928397 
[1, 24, 48], [24, 20, 5], [1, 5, 5], [20, 20, 20], [2], 10, 0.001, 1, False, False 0.8705205900870538 19.377157131942493 1.3377831265465225 0.04776361013851099 1.196535725509839 0.19198476202903092 
[1, 24, 48], [24, 20, 10], [1, 10, 10], [20, 20, 20], [2], 10, 0.001, 1, False, False 0.8010076174443518 18.923500614940284 1.2838597123786897 0.029130113284263053 0.5576962197882529 0.01860909807657443 
[1, 24, 48], [24, 5, 1], [1, 5, 5], [10, 10, 10], [0, 1, 2], 10, 0.001, 1, False, False 0.8525048408657311 19.545786419399608 1.3380018871875479 0.11706988512527532 2.4354010548194984 0.29974461652690665 
[1, 24, 48], [24, 10, 1], [1, 5, 5], [20, 20, 20], [0, 1, 2], 10, 0.001, 1, False, False 0.8370166426869455 19.039121878700424 1.2375814934899294 0.03182221787116535 0.8055622872525325 0.15561765840860228 
[1, 24, 48], [24, 15, 1], [1, 10, 10], [10, 10, 10], [0, 1, 2], 10, 0.001, 1, False, False 0.7523913751252825 17.67807533903854 1.1423457926910892 0.019178290848955788 0.4444474088990591 0.0707495888259288 
[1, 24, 48], [24, 20, 15], [1, 10, 10], [20, 20, 20], [2], 10, 0.001, 1, False, False 0.8603920601239358 20.45967962945704 1.3529308082824063 0.05677846241109088 1.0257366702580295 0.1631198164252136 
[1, 24, 48], [24, 20, 10], [1, 10, 10], [10, 10, 10], [2], 10, 0.001, 1, False, False 0.88855689731599 21.02028441230358 1.5381977434521692 0.07139469902229122 1.7561136824989285 0.19357213410434146 
[1, 24], [24, 15], [1, 5], [20, 20], [1], 20, 0.001, 1, False, False 0.8882363747598397 21.470413355619627 1.601717226412471 0.12996243354849019 2.5616942453576574 0.29157442712804793 
[1, 24, 48], [24, 5, 1], [1, 10, 10], [20, 20, 20], [2], 20, 0.001, 1, False, False 0.732511946455472 17.691942863854532 1.114168842954445 0.028294657076698183 0.17454580240793321 0.04551733495002868 
[1, 24, 48], [24, 15, 5], [1, 10, 10], [20, 20, 20], [0, 1, 2], 10, 0.001, 1, False, False 0.7252292290536894 17.91489325710987 1.140808511395058 0.02110107669327549 0.5362311319413813 0.050641136816058335 
[1, 24, 48], [24, 15, 15], [1, 5, 5], [10, 10, 10], [1, 2], 10, 0.001, 1, False, False 0.9470343932647397 21.825865708022658 1.570066113431726 0.05903684874802591 1.5858546006766494 0.2027884852495044 
[1, 24], [24, 5], [1, 5], [10, 10], [0, 1], 20, 0.001, 1, False, False 0.8338371000563107 19.780302596841853 1.302002599205788 0.0823239407630915 2.0233452802659024 0.20888977014721732 
[1, 24, 48], [24, 15, 15], [1, 10, 10], [20, 20, 20], [0, 1, 2], 10, 0.001, 1, False, False 0.8040540354188396 19.469856376907547 1.257348356434388 0.018765967620821535 0.6983227344308867 0.13065814019062066 
[1, 24, 48], [24, 20, 5], [1, 5, 5], [10, 10, 10], [2], 1, 0.001, 1, False, False 1.6788554488232845 37.15466155079397 3.7789173940401493 0.026784536785170274 0.6671184724558062 0.06534650321871323 
[1, 24, 48], [24, 20, 10], [1, 5, 5], [10, 10, 10], [2], 20, 0.001, 1, False, False 0.9021584935762262 21.080653483261912 1.464850681462192 0.02189131142688498 0.5163835437012747 0.06914395628856172 
[1, 24, 48], [24, 15, 1], [1, 5, 5], [20, 20, 20], [0, 1, 2], 10, 0.001, 1, False, False 0.8257661236657037 19.130451020203143 1.242066909438309 0.04291081885918062 0.9544246243735491 0.10601869083910988 
[1, 24, 48], [24, 20, 15], [1, 5, 5], [20, 20, 20], [2], 20, 0.001, 1, False, False 0.8380209070423411 19.8063446452061 1.2695685119189752 0.03607951078546434 1.1417805172291569 0.14276089350778895 
[1, 24], [24, 15], [1, 10], [10, 10], [0, 1], 10, 0.001, 1, False, False 0.8738457488792916 20.776912344481975 1.4628865733077487 0.008768440596952233 0.19089557999209975 0.06612396880742602 
[1, 24, 48], [24, 5, 1], [1, 10, 10], [20, 20, 20], [0, 1, 2], 10, 0.001, 1, False, False 0.7458031747904088 17.876070364107694 1.1706902111535997 0.04161639859309565 0.9008534956681349 0.08817584256450657 
[1, 24, 48], [24, 20, 10], [1, 5, 5], [20, 20, 20], [2], 1, 0.001, 1, False, False 1.6341201887224563 36.29460610930601 3.5763255250599673 0.07427649069356447 1.3850493788840856 0.22705056773225682 
[1, 24, 48], [24, 1, 1], [1, 5, 5], [30, 30, 30], [1, 2], 1, 0.001, 1, False, False 1.6293660809734358 36.2553090984658 3.5693494596614213 0.03574663097484732 0.5894641717087675 0.11023968704083748 
[1, 24, 48], [24, 20, 15], [1, 10, 10], [10, 10, 10], [2], 1, 0.001, 1, False, False 1.6491315951777832 36.53737029263116 3.627033486710556 0.03990053672984667 1.0830469532640608 0.12724861221177547 
[1, 24, 48], [24, 10, 1], [1, 5, 5], [10, 10, 10], [0, 1, 2], 10, 0.001, 1, False, False 0.8110251510101888 19.28936201347768 1.2809238823922484 0.03942904530082179 0.24282474243328528 0.049558614207756375 
[1, 24], [24, 10], [1, 10], [20, 20], [0, 1], 20, 0.001, 1, False, False 0.7673373248635068 18.945336137963352 1.2864560454367586 0.02211436999783546 0.4411721950873516 0.040223893162006676 
[1, 24, 48], [24, 15, 5], [1, 10, 10], [10, 10, 10], [0, 1, 2], 10, 0.001, 1, False, False 0.836518702269704 20.022413360577136 1.3298286815261886 0.05571741238824152 1.0592251056481763 0.13013318503300061 
[1, 24], [24, 15], [1, 5], [20, 20], [0, 1], 5, 0.001, 1, False, False 1.2551056253137414 28.47129680004454 2.344988480089843 0.1454060059873032 2.6737572734254105 0.403844259127013 
[1, 24, 48], [24, 15, 15], [1, 10, 10], [10, 10, 10], [0, 1, 2], 5, 0.001, 1, False, False 0.8753475934198057 20.615529798305726 1.5862248325236485 0.031528550202931084 0.8200978262800229 0.055495353526651144 
[1, 24, 48], [24, 10, 1], [1, 5, 5], [10, 10, 10], [1, 2], 5, 0.001, 1, False, False 1.0305980954664176 24.121684856687025 1.7529042023688868 0.10874556761542782 2.893048845044291 0.34476444214563173 
[1, 24], [24, 15], [1, 10], [20, 20], [0, 1], 20, 0.001, 1, False, False 0.8223879172915113 19.895402788410532 1.3918247480015744 0.015905672184356436 0.5685392768219651 0.042622099730913465 
[1, 24, 48], [24, 15, 1], [1, 5, 5], [10, 10, 10], [1, 2], 20, 0.001, 1, False, False 0.8151666739472635 19.872609811183466 1.379428186822192 0.03918755149400186 0.7340976905344261 0.037292861343846656 
[1, 24, 48], [24, 15, 5], [1, 5, 5], [20, 20, 20], [1, 2], 10, 0.001, 1, False, False 0.7466205645283615 17.352647872311774 1.0905642354260052 0.013744381635685046 0.33564278686651927 0.06987926437294216 
[1, 24, 48], [24, 20, 5], [1, 5, 5], [10, 10, 10], [2], 5, 0.001, 1, False, False 1.272550998945479 29.152640220350104 2.4313906815938435 0.11428464485026106 2.0571175734524187 0.34195872194085936 
[1, 24], [24, 15], [1, 5], [10, 10], [0, 1], 1, 0.001, 1, False, False 1.679779640461008 37.31524537400565 3.7795685429608477 0.02668313641766729 0.5571384010241158 0.10813415223996545 
[1, 24, 48], [24, 5, 1], [1, 5, 5], [40, 40, 40], [1, 2], 1, 0.001, 1, False, False 1.599880350367339 35.11533613160332 3.4090799425044764 0.050479513853650924 0.9678524594662539 0.20625233160939005 
[1, 24, 48], [24, 15, 1], [1, 5, 5], [20, 20, 20], [1, 2], 1, 0.001, 1, False, False 1.6462135178347428 36.27101014287823 3.5903578743397433 0.019255804923915373 0.6551348672148221 0.10796385619182873 
[1, 24], [24, 10], [1, 10], [10, 10], [0, 1], 20, 0.001, 1, False, False 0.8271476982230389 19.959491299264275 1.3616287757335321 0.027717062419487657 0.7615253713707536 0.05850744266945108 
[1, 24, 48], [24, 5, 1], [1, 10, 10], [10, 10, 10], [2], 20, 0.001, 1, False, False 0.8081249542465364 19.17056540275786 1.3544784598655932 0.044279350778483786 0.5745721051104574 0.08438512569283851 
[1, 24, 48], [24, 20, 10], [1, 5, 5], [20, 20, 20], [2], 5, 0.001, 1, False, False 1.3070748846564029 29.153796503441907 2.6709083734591332 0.18336667404655074 4.038229995216931 0.5499653145431356 
[1, 24, 48], [24, 20, 15], [1, 10, 10], [10, 10, 10], [2], 5, 0.001, 1, False, False 0.94107351327246 21.529460305159365 1.8170654032090134 0.043489277606217465 1.3285434076838107 0.12385283658189898 
[1, 24, 48], [24, 15, 5], [1, 5, 5], [10, 10, 10], [1, 2], 10, 0.001, 1, False, False 0.9196348365465249 20.973895556259745 1.4534076230970652 0.021480781770791938 0.28008791196764377 0.03202433122124509 
[1, 24, 48], [24, 5, 1], [1, 10, 10], [20, 20, 20], [2], 1, 0.001, 1, False, False 1.6453649178285288 36.814329535715075 3.6604934140736165 0.03293876617932984 0.5536703278183064 0.08744877167465216 
[1, 24, 48], [24, 10, 1], [1, 20, 20], [30, 30, 30], [1, 2], 1, 0.001, 1, False, False 1.5606424390165898 34.57873797026385 3.312146420306375 0.09962356747255051 2.0291453942336175 0.3341916715372627 
[1, 24, 48], [24, 15, 10], [1, 20, 20], [40, 40, 40], [1, 2], 1, 0.001, 1, False, False 1.3878863091546076 30.656385396130247 2.691185437175759 0.08574319792839345 2.134276070581393 0.23688723887740465 
[1, 24], [24, 10], [1, 10], [20, 20], [0, 1], 1, 0.001, 1, False, False 1.6471495183115756 36.60253038288397 3.6327010751678728 0.04612292886198259 0.8763308340948837 0.15418940466958447 
[1, 24, 48], [24, 20, 5], [1, 10, 10], [20, 20, 20], [2], 20, 0.001, 1, False, False 0.7775659042376059 19.01004761690274 1.3263866690390589 0.05194724803761904 1.599706167256862 0.2244968688067412 
[1, 24], [24, 10], [1, 5], [10, 10], [0, 1], 10, 0.001, 1, False, False 0.8861026903407438 20.723947938948882 1.5388557066426267 0.006925877882639915 0.43236351585738786 0.06311282771991013 
[1, 24, 48], [24, 1, 1], [1, 5, 5], [40, 40, 40], [1, 2], 5, 0.001, 1, False, False 0.875788500353142 19.820057216684045 1.1922423221177045 0.015688484528660892 0.6377540053874533 0.040588102772108677 
[1, 24, 48], [24, 20, 10], [1, 5, 5], [10, 10, 10], [2], 1, 0.001, 1, False, False 1.6628274508786423 36.85984693770819 3.694980481816477 0.05850518969879621 1.1501037020080587 0.20641365318278837 
[1, 24, 48], [24, 10, 1], [1, 10, 10], [10, 10, 10], [0, 1, 2], 20, 0.001, 1, False, False 0.7156272441631666 17.37889774361388 1.045356918951227 0.022608041211226882 0.6352132865076882 0.07423169664392396 
[1, 24, 48], [24, 20, 15], [1, 5, 5], [10, 10, 10], [2], 20, 0.001, 1, False, False 0.8738603442320945 21.119633487789912 1.4763752992629762 0.03459892744103437 0.8770704955846333 0.10944348079401486 
[1, 24, 48], [24, 1, 1], [1, 5, 5], [30, 30, 30], [1, 2], 5, 0.001, 1, False, False 0.8217530238269658 18.22281688679431 1.1286934184882471 0.05418743091547278 1.1764456730615345 0.13492825679489132 
[1, 24, 48], [24, 15, 1], [1, 10, 10], [20, 20, 20], [0, 1, 2], 20, 0.001, 1, False, False 0.7746642990451719 18.934165019508068 1.2711399095396085 0.009420387993390652 0.07654535286361197 0.053041189045925856 
[1, 24, 48], [24, 5, 1], [1, 5, 5], [20, 20, 20], [2], 20, 0.001, 1, False, False 0.7809588102761792 18.018373398839696 1.2137875553423436 0.04023706765836741 1.0185854427031538 0.0684068510008086 
[1, 24, 48], [24, 5, 1], [1, 5, 5], [40, 40, 40], [1, 2], 5, 0.001, 1, False, False 0.9615810079914001 21.87474586019462 1.5154675424276103 0.22885799059623993 4.852555937299528 0.5867533905816407 
[1, 24, 48], [24, 20, 15], [1, 5, 5], [20, 20, 20], [2], 1, 0.001, 1, False, False 1.687484889505086 37.301741221499356 3.7504196622864057 0.017723015497395918 0.4999947555607373 0.09185408844355734 
[1, 24, 48], [24, 15, 1], [1, 5, 5], [10, 10, 10], [0, 1, 2], 20, 0.001, 1, False, False 0.8001664903566795 19.578173966662927 1.3439927340735338 0.014037908685591741 0.18066918738674476 0.08458090274615605 
[1, 24, 48], [24, 5, 1], [1, 10, 10], [20, 20, 20], [2], 5, 0.001, 1, False, False 1.064031113194371 23.7298537547142 1.8321952472261316 0.24169209230960856 5.336877168659313 0.5440617224617096 
[1, 24, 48], [24, 5, 1], [1, 5, 5], [10, 10, 10], [2], 20, 0.001, 1, False, False 0.7692814681954959 18.437685957548098 1.169698025002708 0.04117322748318951 1.2142531622564954 0.09518584110467873 
[1, 24, 48], [24, 5, 1], [1, 10, 10], [10, 10, 10], [2], 1, 0.001, 1, False, False 1.702006369015133 37.895231698840036 3.866351721334434 0.010769450728253681 0.2970075250949878 0.04754679436503412 
[1, 24, 48], [24, 20, 5], [1, 10, 10], [10, 10, 10], [2], 20, 0.001, 1, False, False 0.8259394675631214 20.360362547469606 1.4103825479532859 0.07503176304833868 1.450206393541259 0.10406226012041872 
[1, 24, 48], [24, 15, 1], [1, 5, 5], [20, 20, 20], [1, 2], 5, 0.001, 1, False, False 0.9075790561390695 21.086207473559295 1.4857790382017353 0.12660671683172023 2.8431755588778778 0.28882272522173796 
[1, 24, 48], [24, 15, 1], [1, 5, 5], [30, 30, 30], [1, 2], 5, 0.001, 1, False, False 0.937366833075605 21.957519611805996 1.6443617349142297 0.19379997230830623 4.65608958156239 0.49531753930622685 
[1, 24, 48], [24, 20, 5], [1, 5, 5], [10, 10, 10], [2], 10, 0.001, 1, False, False 0.9637550875406576 21.741416694667294 1.6770726958218891 0.011448488095928076 0.5502852362840417 0.1732712678697969 
[1, 24, 48], [24, 5, 1], [1, 20, 20], [30, 30, 30], [1, 2], 5, 0.001, 1, False, False 0.7550689686158741 17.58252137510047 1.1204918869075555 0.020113737239859705 0.655297798272779 0.0712589225030713 
[1, 24, 48], [24, 10, 1], [1, 20, 20], [40, 40, 40], [1, 2], 5, 0.001, 1, False, False 0.7311789769679308 17.392821718185417 1.0998990270888875 0.03817066901481545 0.9009091674914953 0.052638892963228205 
[1, 24, 48], [24, 15, 15], [1, 5, 5], [20, 20, 20], [1, 2], 20, 0.001, 1, False, False 0.7595772677618595 18.784421635493175 1.175704123593906 0.05082818142786287 1.2279082043348115 0.10167679288661391 
[1, 24, 48], [24, 5, 1], [1, 5, 5], [20, 20, 20], [2], 1, 0.001, 1, False, False 1.702092523155389 37.92075341762397 3.8345713136396564 0.008468927956871286 0.1060063706457146 0.035860251651166665 
[1, 24, 48], [24, 20, 5], [1, 10, 10], [20, 20, 20], [2], 1, 0.001, 1, False, False 1.6254003525746092 35.85559289532578 3.5783837964103142 0.02210310943489245 0.30201177247274796 0.12757866053954856 
[1, 24], [24, 15], [1, 5], [10, 10], [0, 1], 5, 0.001, 1, False, False 1.5105316414049381 33.649372008796796 3.130162987067532 0.083586263986857 1.7096627770342805 0.3189961970542478 
[1, 24, 48], [24, 10, 1], [1, 10, 10], [20, 20, 20], [0, 1, 2], 1, 0.001, 1, False, False 1.6137358032994802 35.47225747567922 3.472635509028615 0.06312652489561525 1.2263997279235919 0.22297463407690016 
[1, 24, 48], [24, 15, 5], [1, 5, 5], [10, 10, 10], [0, 1, 2], 20, 0.001, 1, False, False 0.7922646254921952 19.376385720529182 1.3148071800627428 0.029408525079686363 0.8472238014676301 0.0775597871677345 
[1, 24, 48], [24, 15, 5], [1, 5, 5], [30, 30, 30], [1, 2], 1, 0.001, 1, False, False 1.648584462288353 36.222879990503024 3.5854353025831 0.02734999419274022 0.4789769654596417 0.11187778742481952 
[1, 24, 48], [24, 20, 10], [1, 5, 5], [10, 10, 10], [2], 5, 0.001, 1, False, False 1.3200457101273866 29.661949477075808 2.651578367538438 0.26643067629125144 5.781292732901376 0.8543670001486816 
[1, 24, 48], [24, 10, 1], [1, 20, 20], [30, 30, 30], [1, 2], 5, 0.001, 1, False, False 0.7969136738045899 18.03264333110401 1.0999723706255253 0.025561033601003324 0.6688424231972709 0.10001563032493811 
[1, 24, 48], [24, 15, 1], [1, 5, 5], [10, 10, 10], [0, 1, 2], 1, 0.001, 1, False, False 1.670357766085201 36.75225338204368 3.6714454143862785 0.01310750016096255 0.30126107416713416 0.04480041187296905 
[1, 24, 48], [24, 20, 5], [1, 5, 5], [20, 20, 20], [2], 20, 0.001, 1, False, False 0.9420030831876728 21.89223698600998 1.7042040840716544 0.2003143728584349 4.172657734496075 0.5482979751004464 
[1, 24, 48], [24, 15, 1], [1, 5, 5], [20, 20, 20], [0, 1, 2], 1, 0.001, 1, False, False 1.6380190058438868 36.02484648924837 3.5956867908984456 0.012744942663084995 0.32169688475990865 0.04827761253376478 
[1, 24, 48], [24, 5, 1], [1, 10, 10], [10, 10, 10], [0, 1, 2], 10, 0.001, 1, False, False 0.7511473093457796 17.57827291266169 1.0534730382019573 0.012671001327931398 0.16804780562727678 0.030234098508948624 
[1, 24, 48], [24, 1, 1], [1, 5, 5], [10, 10, 10], [0, 1, 2], 20, 0.001, 1, False, False 0.7746085542564591 18.659021224493852 1.1883955449785037 0.026785773075472984 0.584363002064534 0.05884340041409393 
[1, 24, 48], [24, 1, 1], [1, 20, 20], [30, 30, 30], [1, 2], 10, 0.001, 1, False, False 0.716301886006086 17.04734843111773 1.0521499843070492 0.007399570171632545 0.22195937578484382 0.04651302431354744 
[1, 24, 48], [24, 20, 10], [1, 10, 10], [20, 20, 20], [2], 20, 0.001, 1, False, False 0.7884319843517408 19.75380633532999 1.3961176195742981 0.05956688916660795 1.3516776122786236 0.12645671733645486 
[1, 24, 48], [24, 20, 5], [1, 10, 10], [10, 10, 10], [2], 1, 0.001, 1, False, False 1.6633443160327495 36.963547338750175 3.6870435051967427 0.05057926490528031 1.1996993836622103 0.21037321936561718 
[1, 24, 48], [24, 20, 10], [1, 5, 5], [20, 20, 20], [2], 10, 0.001, 1, False, False 0.8971760489391506 20.364849044542524 1.4308097498866665 0.06236234491402281 1.9913396001714543 0.280895878834883 
[1, 24, 48], [24, 15, 10], [1, 20, 20], [40, 40, 40], [1, 2], 5, 0.001, 1, False, False 0.7452763849386463 17.78742339660256 1.1448723267385625 0.025986268974426612 0.5027341002723574 0.04886551021985112 
[1, 24, 48], [24, 20, 15], [1, 10, 10], [10, 10, 10], [2], 10, 0.001, 1, False, False 0.8612821308137093 20.868440526971213 1.4747775297974106 0.032211731688458894 0.49865673094904767 0.006312746240333641 
[1, 24, 48], [24, 20, 15], [1, 5, 5], [20, 20, 20], [2], 5, 0.001, 1, False, False 1.2758270700220706 28.357110454638246 2.7143823393124524 0.20845873598173612 4.745786042969198 0.48105369906167195 
[1, 24, 48], [24, 5, 1], [1, 10, 10], [10, 10, 10], [2], 5, 0.001, 1, False, False 1.0533991307158164 23.615576935251894 1.68979383428104 0.27374958701346164 6.156057006630061 0.7531733851561934 
[1, 24, 48], [24, 15, 5], [1, 5, 5], [20, 20, 20], [0, 1, 2], 1, 0.001, 1, False, False 1.662148726772931 36.60801253088895 3.6411446397330174 0.01979752131090877 0.3316610927846085 0.06810545470518604 
[1, 24, 48], [24, 20, 15], [1, 5, 5], [10, 10, 10], [2], 1, 0.001, 1, False, False 1.7111469844287193 37.97900509130926 3.877344026187638 0.006156636576280415 0.15808318275723512 0.02816124122891626 
[1, 24, 48], [24, 10, 1], [1, 5, 5], [10, 10, 10], [1, 2], 10, 0.001, 1, False, False 0.8575588397336781 19.94390419418715 1.3230810302153129 0.05515538439597626 1.0207995908580394 0.15710447891548088 
[1, 24, 48], [24, 20, 15], [1, 10, 10], [20, 20, 20], [2], 20, 0.001, 1, False, False 0.7934618189689462 19.968743955581814 1.392831090814638 0.0360212332507041 0.910871639680735 0.11981695626176056 
[1, 24, 48], [24, 20, 10], [1, 10, 10], [10, 10, 10], [2], 20, 0.001, 1, False, False 0.8016168963302066 19.073750063629276 1.2031502555320657 0.030190106264536058 0.3420693061410501 0.03170985036621364 
[1, 24, 48], [24, 20, 5], [1, 10, 10], [20, 20, 20], [2], 5, 0.001, 1, False, False 0.9476551607113196 22.057438972966747 1.5955580692159703 0.0445616001925961 0.8700545696973476 0.0970200549610557 
[1, 24, 48], [24, 20, 10], [1, 10, 10], [20, 20, 20], [2], 1, 0.001, 1, False, False 1.6762632914715345 37.304153245973 3.6729562557313273 0.0467571163820745 0.918032550548021 0.2639383937763955 
[1, 24, 48], [24, 5, 1], [1, 5, 5], [10, 10, 10], [1, 2], 20, 0.001, 1, False, False 0.7628719333766235 18.29454018132054 1.1704958930118134 0.034124934748791386 0.30600995148854804 0.010427766855783506 
[1, 24, 48], [24, 1, 1], [1, 5, 5], [20, 20, 20], [0, 1, 2], 1, 0.001, 1, False, False 1.6524861375766775 36.4379924050219 3.6094891280526404 0.036793574524112596 0.742755018930551 0.1400654552345783 
[1, 24, 48], [24, 15, 15], [1, 5, 5], [40, 40, 40], [1, 2], 1, 0.001, 1, False, False 1.6605134944121047 36.37506923317818 3.612021147893 0.04069403692750533 0.9417320482726037 0.17658037167384924 
[1, 24, 48], [24, 5, 1], [1, 10, 10], [20, 20, 20], [2], 10, 0.001, 1, False, False 0.813954681461608 19.072011027676698 1.2309308587266468 0.08514946516878852 2.1434774765126208 0.28615683501963535 
[1, 24, 48], [24, 20, 15], [1, 5, 5], [10, 10, 10], [2], 5, 0.001, 1, False, False 1.0614092585389263 24.17201687449335 1.942175964100823 0.18533963646893445 4.012321750510372 0.5749768974837937 
[1, 24, 48], [24, 5, 1], [1, 20, 20], [40, 40, 40], [1, 2], 10, 0.001, 1, False, False 0.7322437193658616 18.16803246596832 1.1746219431741178 0.027182223531040037 0.7296249484870057 0.06957775838965076 
[1, 24, 48], [24, 5, 1], [1, 5, 5], [20, 20, 20], [1, 2], 1, 0.001, 1, False, False 1.6214850009453519 35.76278890180407 3.536458265968878 0.028873381661728457 0.9329146902953366 0.13926685172384487 
[1, 24, 48], [24, 10, 1], [1, 5, 5], [20, 20, 20], [1, 2], 20, 0.001, 1, False, False 0.7384691254132324 18.146110469723222 1.1227090935661908 0.03733409876412737 1.100781896220613 0.13065470694664963 
[1, 24, 48], [24, 20, 10], [1, 5, 5], [10, 10, 10], [2], 10, 0.001, 1, False, False 0.9683266735877153 22.850538169371234 2.0008506258894947 0.03536269626777008 0.9620618680318644 0.1876912218733873 
[1, 24, 48], [24, 15, 10], [1, 5, 5], [20, 20, 20], [1, 2], 20, 0.001, 1, False, False 0.77777736933419 19.124777548635326 1.2896018000527683 0.06288435892558848 1.7288101403001992 0.21281547810425464 
[1, 24], [24, 15], [1, 5], [20, 20], [0, 1], 10, 0.001, 1, False, False 0.8967599316258674 20.22717448407124 1.376179458469364 0.09469443934406435 1.4510268591482793 0.20666478215302594 
[1, 24, 48], [24, 15, 10], [1, 5, 5], [30, 30, 30], [1, 2], 10, 0.001, 1, False, False 0.8578076508999972 20.25034699291298 1.415309737611447 0.030205416957364898 0.7648804993471751 0.10949395848474558 
[1, 24, 48], [24, 20, 15], [1, 5, 5], [20, 20, 20], [2], 10, 0.001, 1, False, False 0.9280183629995143 21.080354887960716 1.605570652569915 0.0450994923438839 0.9514643612411193 0.07984986600334576 
[1, 24], [24, 10], [1, 5], [20, 20], [0, 1], 20, 0.001, 1, False, False 0.8497166711285161 20.073833991625175 1.369501193080726 0.044109737717426344 1.36370323278749 0.16490517422893505 
[1, 24, 48], [24, 15, 10], [1, 5, 5], [10, 10, 10], [1, 2], 1, 0.001, 1, False, False 1.7006004836134336 37.68520674436567 3.807986648002826 0.008955500729923498 0.10964410904347345 0.032989419846356186 
[1, 24, 48], [24, 15, 1], [1, 5, 5], [10, 10, 10], [1, 2], 1, 0.001, 1, False, False 1.6436578874510748 36.62131748969941 3.6476608099265273 0.05806364046034494 1.0691271777555518 0.1758789831777528 
[1, 24, 48], [24, 15, 10], [1, 5, 5], [10, 10, 10], [1, 2], 20, 0.001, 1, False, False 0.7880212570023205 19.379989909353068 1.2797170972601484 0.045868442503366226 1.1362055835052158 0.08316970985077933 
[1, 24, 48], [24, 15, 15], [1, 5, 5], [10, 10, 10], [1, 2], 20, 0.001, 1, False, False 0.7959310465699269 19.661567431429006 1.3432816781560337 0.03171746103406097 0.9604775382209566 0.08961789883840404 
[1, 24, 48], [24, 1, 1], [1, 20, 20], [40, 40, 40], [1, 2], 20, 0.001, 1, False, False 0.737421960700993 17.501870795497265 1.0548636797131918 0.01646737469415772 0.8393946863507652 0.054066928769060406 
[1, 24, 48], [24, 5, 1], [1, 5, 5], [40, 40, 40], [1, 2], 10, 0.001, 1, False, False 0.7471287294670388 17.40161282843491 1.0687001915139753 0.08288331280621519 1.4452589805257798 0.1363401748452883 
[1, 24, 48], [24, 15, 15], [1, 10, 10], [10, 10, 10], [0, 1, 2], 10, 0.001, 1, False, False 0.79113203300922 18.883288702455875 1.2845060002026614 0.017412247042597008 0.37827443165451097 0.012425967506451878 
[1, 24, 48], [24, 1, 1], [1, 5, 5], [20, 20, 20], [1, 2], 20, 0.001, 1, False, False 0.730592350565173 18.107816915111595 1.1747510701444719 0.007434441714944525 0.2912747784157891 0.05147816268359202 
[1, 24, 48], [24, 15, 15], [1, 5, 5], [20, 20, 20], [1, 2], 1, 0.001, 1, False, False 1.605401827891668 35.55324921739062 3.44659830788221 0.038003248513937084 0.8091946115055445 0.12646562722339694 
[1, 24, 48], [24, 15, 5], [1, 5, 5], [30, 30, 30], [1, 2], 5, 0.001, 1, False, False 0.8802471456842292 20.057548083101477 1.4168137463690345 0.056407774046962976 0.6738872878481839 0.03900268483956679 
[1, 24, 48], [24, 15, 5], [1, 5, 5], [40, 40, 40], [1, 2], 5, 0.001, 1, False, False 1.111130949371943 25.416397712533595 2.055072721711223 0.22541729160897847 4.348015117375623 0.4498854466214324 
[1, 24, 48], [24, 15, 15], [1, 20, 20], [30, 30, 30], [1, 2], 5, 0.001, 1, False, False 0.7859653707455707 18.408377758962853 1.18903040187575 0.058308409345711715 1.3265298851860972 0.10571829994740789 
[1, 24, 48], [24, 15, 10], [1, 5, 5], [20, 20, 20], [1, 2], 1, 0.001, 1, False, False 1.6415576692946532 36.516049655701835 3.596560754187031 0.06454963843161034 1.330569481468829 0.21045929823253695 
[1, 24, 48], [24, 5, 1], [1, 5, 5], [30, 30, 30], [1, 2], 1, 0.001, 1, False, False 1.5449072377273332 34.23818160720082 3.273842678971347 0.06160958133058928 1.1269747844874243 0.23243777616936429 
[1, 24, 48], [24, 20, 5], [1, 5, 5], [10, 10, 10], [2], 20, 0.001, 1, False, False 1.105855951816947 25.6866434220612 2.1802107535781823 0.43046032859358246 8.849239748486546 1.2124657750054573 
[1, 24, 48], [24, 5, 1], [1, 5, 5], [10, 10, 10], [1, 2], 1, 0.001, 1, False, False 1.6529773406960346 36.805461718660816 3.702636564483812 0.004259863650774005 0.13727126350399088 0.008084104717247902 
[1, 24, 48], [24, 1, 1], [1, 5, 5], [10, 10, 10], [1, 2], 20, 0.001, 1, False, False 0.7363082245682123 17.624449421619975 1.0857747809718583 0.054911078604182366 1.5785623792529153 0.1647644942799669 
[1, 24, 48], [24, 15, 1], [1, 5, 5], [20, 20, 20], [1, 2], 10, 0.001, 1, False, False 0.7147135615969696 17.06948947488004 1.1127246338606647 0.031204936716674427 1.1118763656987483 0.09928875470097831 
[1, 24, 48], [24, 5, 1], [1, 20, 20], [30, 30, 30], [1, 2], 10, 0.001, 1, False, False 0.6930093565196903 16.959333620601345 1.0685312426029185 0.038319465341631456 1.0197872936703547 0.09854064923452595 
[1, 24, 48], [24, 15, 15], [1, 5, 5], [40, 40, 40], [1, 2], 5, 0.001, 1, False, False 0.8598278072766136 19.559582249010237 1.3870576958360852 0.03843920968672191 0.5769557640504468 0.12053545585583011 
[1, 24, 48], [24, 1, 1], [1, 5, 5], [40, 40, 40], [1, 2], 10, 0.001, 1, False, False 0.6759410647675397 15.935054057339073 0.9008417812609683 0.047246790448811284 1.3698150563938654 0.16525851415699894 
[1, 24, 48], [24, 20, 10], [1, 5, 5], [20, 20, 20], [2], 20, 0.001, 1, False, False 0.7941617416355896 19.506499547458912 1.3466077540043437 0.013313317162322043 0.211002195820377 0.10499255056450629 
[1, 24, 48], [24, 10, 1], [1, 20, 20], [40, 40, 40], [1, 2], 10, 0.001, 1, False, False 0.728728950182321 17.811061397118554 1.110854528468472 0.004437748980212422 0.27859945570173855 0.03682253488367215 
[1, 24, 48], [24, 1, 1], [1, 10, 10], [20, 20, 20], [0, 1, 2], 20, 0.001, 1, False, False 0.7042682754151798 17.013100355877313 1.0385473823925293 0.008099948580654577 0.31454177226667296 0.055429045886340844 
[1, 24, 48], [24, 20, 15], [1, 10, 10], [10, 10, 10], [2], 20, 0.001, 1, False, False 0.8208306882530452 19.738808996822204 1.3597530040635801 0.008291679541495692 0.7157276271553342 0.049419342246798725 
[1, 24, 48], [24, 15, 5], [1, 5, 5], [20, 20, 20], [0, 1, 2], 5, 0.001, 1, False, False 0.8456290276721122 19.263920285726083 1.3129018956225815 0.025708590876862666 0.7715122286351057 0.077970587476468 
[1, 24, 48], [24, 15, 1], [1, 5, 5], [30, 30, 30], [1, 2], 10, 0.001, 1, False, False 0.9158059940638918 21.3658729600639 1.5238878835841116 0.058690392658406615 1.2024621272646505 0.20640881060290597 
[1, 24, 48], [24, 1, 1], [1, 5, 5], [20, 20, 20], [1, 2], 1, 0.001, 1, False, False 1.6628486648891814 36.71988088942524 3.6728745014202544 0.0391725577745143 0.8087691005628787 0.1656364834781614 
[1, 24, 48], [24, 5, 1], [1, 5, 5], [20, 20, 20], [1, 2], 5, 0.001, 1, False, False 0.9142278404354497 20.115868921155023 1.350915281571589 0.08703931421245271 1.9083247006678112 0.2309240860025282 
[1, 24, 48], [24, 10, 1], [1, 20, 20], [30, 30, 30], [1, 2], 10, 0.001, 1, False, False 0.7189071431549059 17.752814039700258 1.1324278248080055 0.013173384066765917 0.10147624436829361 0.018273275908641994 
[1, 24, 48], [24, 10, 1], [1, 10, 10], [20, 20, 20], [0, 1, 2], 5, 0.001, 1, False, False 0.7827660161242992 17.801105110720442 1.1211795462987293 0.04120832872783306 1.044585867296298 0.152589567896494 
[1, 24, 48], [24, 15, 15], [1, 5, 5], [20, 20, 20], [1, 2], 5, 0.001, 1, False, False 1.0527613282962531 24.14365635549728 1.9991759050524787 0.3344612944328239 7.080596704958785 0.8392817202552952 
[1, 24, 48], [24, 1, 1], [1, 5, 5], [30, 30, 30], [1, 2], 10, 0.001, 1, False, False 0.7919025030952912 18.938983377861604 1.230235261490426 0.004249050033163552 0.2554992301079214 0.05385551566374639 
[1, 24, 48], [24, 15, 1], [1, 5, 5], [10, 10, 10], [1, 2], 5, 0.001, 1, False, False 1.141668328297911 25.9813541038487 2.091542343204448 0.26147393003900854 5.788986076194094 0.835616664677272 
[1, 24, 48], [24, 15, 1], [1, 5, 5], [10, 10, 10], [0, 1, 2], 5, 0.001, 1, False, False 1.0168447927537339 23.249320547725805 1.7334691741279968 0.24530226326917257 5.42388351998163 0.5743808719610156 
[1, 24, 48], [24, 15, 1], [1, 5, 5], [40, 40, 40], [1, 2], 10, 0.001, 1, False, False 0.7953589926715251 18.998826627449585 1.275540055348002 0.021607738334908637 0.3017220035549328 0.057423725889136155 
[1, 24, 48], [24, 15, 1], [1, 5, 5], [20, 20, 20], [0, 1, 2], 5, 0.001, 1, False, False 1.1309879094638207 25.813158250158594 2.049910579269584 0.09685094852449097 2.3334635599087052 0.23867150862850253 
[1, 24, 48], [24, 1, 1], [1, 5, 5], [20, 20, 20], [0, 1, 2], 5, 0.001, 1, False, False 1.031751900083489 22.759500905145256 1.6958756028236623 0.10227496377202099 2.370021645009471 0.19438344297900675 
[1, 24, 48], [24, 1, 1], [1, 5, 5], [10, 10, 10], [0, 1, 2], 1, 0.001, 1, False, False 1.6628780912331962 36.955427204546176 3.6953415374343646 0.025126341185424946 0.5192523898309055 0.0845618010745582 
[1, 24, 48], [24, 5, 1], [1, 5, 5], [30, 30, 30], [1, 2], 5, 0.001, 1, False, False 0.78266842957862 17.816501144269584 1.1862049472338818 0.0457902206860874 1.3014902147497294 0.125695552606391 
[1, 24, 48], [24, 15, 10], [1, 20, 20], [40, 40, 40], [1, 2], 10, 0.001, 1, False, False 0.7211496691598936 17.961878370029197 1.1467206359575928 0.018496442936774594 0.16585910690811642 0.020559325432356976 
[1, 24, 48], [24, 15, 10], [1, 5, 5], [20, 20, 20], [1, 2], 5, 0.001, 1, False, False 0.8054331282015753 18.840508491514658 1.3391997351467209 0.05396968056412485 1.2407746643154853 0.12651671822669755 
[1, 24, 48], [24, 5, 1], [1, 5, 5], [10, 10, 10], [1, 2], 5, 0.001, 1, False, False 0.8728416120495511 20.062641435184904 1.2403316145350562 0.007853171239138807 0.2601021611646797 0.039378394978558516 
[1, 24, 48], [24, 15, 5], [1, 20, 20], [30, 30, 30], [1, 2], 10, 0.001, 1, False, False 0.7138592157512903 17.898372239185495 1.1404357610469684 0.007205706478098389 0.12920317075663135 0.042009531560196774 
[1, 24, 48], [24, 15, 15], [1, 20, 20], [40, 40, 40], [1, 2], 10, 0.001, 1, False, False 0.7534322835436021 18.546545422829002 1.2181572045494733 0.011272846104042205 0.24784400897111908 0.06654205349557762 
[1, 24, 48], [24, 10, 1], [1, 5, 5], [30, 30, 30], [1, 2], 20, 0.001, 1, False, False 0.7283332711637572 18.067270045687724 1.1617205125795012 0.01999863405343987 0.5016639039532048 0.023533279905309554 
[1, 24, 48], [24, 1, 1], [1, 10, 10], [10, 10, 10], [0, 1, 2], 20, 0.001, 1, False, False 0.7174625021991906 17.489519132683526 1.0603955372548628 0.04910410110005787 1.392824138924657 0.12904391046689737 
[1, 24, 48], [24, 10, 1], [1, 5, 5], [40, 40, 40], [1, 2], 1, 0.001, 1, False, False 1.5830202942507137 34.693167104417995 3.3145493268339155 0.05015265597241334 1.149413192294202 0.2022135791277494 
[1, 24, 48], [24, 15, 10], [1, 5, 5], [40, 40, 40], [1, 2], 20, 0.001, 1, False, False 0.7731299158668627 19.072767908596347 1.3064078859088282 0.039708408920500975 1.1839117024471313 0.153181286506666 
[1, 24, 48], [24, 15, 15], [1, 5, 5], [20, 20, 20], [0, 1, 2], 20, 0.001, 1, False, False 0.7785859854202027 19.02391590826353 1.2282717045190752 0.06183911532336663 1.33460498495259 0.1848922397426809 
[1, 24, 48], [24, 15, 5], [1, 5, 5], [20, 20, 20], [1, 2], 20, 0.001, 1, False, False 0.7461450139750485 18.478239103895913 1.2702435146719755 0.02027119848351989 0.3956743393679747 0.0701122724673472 
[1, 24, 48], [24, 1, 1], [1, 10, 10], [20, 20, 20], [0, 1, 2], 1, 0.001, 1, False, False 1.6323891650333449 35.928544334099826 3.5575396707770577 0.006674690299786663 0.2744210248336585 0.018428082842817717 
[1, 24, 48], [24, 15, 1], [1, 10, 10], [20, 20, 20], [0, 1, 2], 20, 0.001, 1, False, False 0.7601813278057508 18.36118659068868 1.1395464710640126 0.021515401610078214 0.8358689035932669 0.12885866038099097 
[1, 24, 48], [24, 15, 1], [1, 10, 10], [10, 10, 10], [0, 1, 2], 20, 0.001, 1, False, False 0.7936451968426504 19.46707511520805 1.2877132043680757 0.040189082526709184 0.832611477076519 0.06915655832128519 
[1, 24, 48], [24, 15, 10], [1, 20, 20], [30, 30, 30], [1, 2], 1, 0.001, 1, False, False 1.46482673091469 32.253968575781464 2.9603748161080805 0.055131765248490346 1.1078042537195045 0.21557595415904204 
[1, 24], [24, 15], [1, 10], [10, 10], [0, 1], 20, 0.001, 1, False, False 0.8152437133576581 20.081986064690735 1.3984323961568774 0.014106894026840103 0.6968539222787659 0.06814179879605387 
[1, 24, 48], [24, 15, 15], [1, 5, 5], [20, 20, 20], [1, 2], 10, 0.001, 1, False, False 0.7365976598596683 17.865130223258202 1.1368752688442274 0.13350030825167986 2.7301174181094034 0.25406413723826604 
[1, 24, 48], [24, 15, 15], [1, 5, 5], [10, 10, 10], [1, 2], 1, 0.001, 1, False, False 1.652989904196174 36.77001703818005 3.6764271361682694 0.032150620152300545 0.8099470900030551 0.11503761227573076 
[1, 24, 48], [24, 5, 1], [1, 5, 5], [20, 20, 20], [0, 1, 2], 20, 0.001, 1, False, False 0.7346418166188179 17.897206986874476 1.151582098691753 0.04469302772154607 1.4090024066732874 0.2207603773904099 
[1, 24, 48], [24, 10, 1], [1, 5, 5], [10, 10, 10], [1, 2], 20, 0.001, 1, False, False 0.7754912918916453 18.97172111075165 1.2674584656268213 0.0312330197013697 0.6046126992424918 0.03749213208170213 
[1, 24, 48], [24, 15, 1], [1, 10, 10], [20, 20, 20], [0, 1, 2], 1, 0.001, 1, False, False 1.6111065884707152 35.658450971647945 3.4688571053789357 0.04844789749651122 1.0118201484163687 0.19128041938512272 
[1, 24, 48], [24, 15, 1], [1, 5, 5], [10, 10, 10], [0, 1, 2], 1, 0.001, 1, False, False 1.6320030913998684 36.195010039872265 3.566592584251801 0.06518478779899273 1.4702521132247035 0.2658807199393091 
[1, 24, 48], [24, 15, 1], [1, 5, 5], [10, 10, 10], [1, 2], 10, 0.001, 1, False, False 0.8309432956493562 19.68360697129794 1.3718311091321673 0.04338882582046118 0.61087870148636 0.08202831168167042 
[1, 24, 48], [24, 1, 1], [1, 5, 5], [10, 10, 10], [0, 1, 2], 5, 0.001, 1, False, False 1.1276523048334102 24.943043993688686 2.0201094664161925 0.2688481389013968 6.1182012447106535 0.7835754051010002 
[1, 24, 48], [24, 5, 1], [1, 5, 5], [20, 20, 20], [1, 2], 10, 0.001, 1, False, False 0.8234995634329539 19.618621690520644 1.3575900724450103 0.045783771769264556 1.0257884236971835 0.10610726710613033 
[1, 24, 48], [24, 15, 15], [1, 20, 20], [30, 30, 30], [1, 2], 10, 0.001, 1, False, False 0.7482770641299861 18.357912037432573 1.1761232501584524 0.04995365955502625 1.2096343400187946 0.13318019293793842 
[1, 24, 48], [24, 15, 5], [1, 5, 5], [40, 40, 40], [1, 2], 10, 0.001, 1, False, False 0.7775594543734634 18.527363168432345 1.1824256828247315 0.037076208264131896 0.5099148616804763 0.043087073595596 
[1, 24, 48], [24, 15, 5], [1, 5, 5], [10, 10, 10], [1, 2], 20, 0.001, 1, False, False 0.7150522617623208 17.19301062722977 1.1139614889691967 0.04935702239886408 0.972695456370829 0.06610781656720194 
[1, 24, 48], [24, 10, 1], [1, 10, 10], [10, 10, 10], [0, 1, 2], 1, 0.001, 1, False, False 1.5978109040056114 35.37479439069306 3.420848703539555 0.0487163952619475 1.1250111397366003 0.16673034313231572 
[1, 24, 48], [24, 10, 1], [1, 5, 5], [40, 40, 40], [1, 2], 5, 0.001, 1, False, False 0.8668686425658287 19.61495977079128 1.301010620970137 0.15632471572237353 3.4888278666438612 0.3398442404839629 
[1, 24, 48], [24, 1, 1], [1, 20, 20], [30, 30, 30], [1, 2], 20, 0.001, 1, False, False 0.7467759332999034 17.712185408930534 1.0439395151055517 0.05633124673185785 1.2606057330441374 0.10530797041545233 
[1, 24, 48], [24, 15, 15], [1, 5, 5], [40, 40, 40], [1, 2], 10, 0.001, 1, False, False 0.8312966917400008 19.69328280974135 1.3692250047879349 0.06000974007091423 1.2101564873369635 0.037695173652286494 
[1, 24, 48], [24, 5, 1], [1, 5, 5], [30, 30, 30], [1, 2], 10, 0.001, 1, False, False 0.7678667481919682 18.822562078166627 1.304339135269982 0.0574003898174087 1.4475401125443474 0.1891497609252917 
[1, 24, 48], [24, 15, 5], [1, 5, 5], [30, 30, 30], [1, 2], 10, 0.001, 1, False, False 0.8124973181635141 18.89756574457279 1.2131219688671138 0.03755651543162666 0.5092305848439042 0.06288608518081676 
[1, 24, 48], [24, 15, 5], [1, 5, 5], [20, 20, 20], [1, 2], 1, 0.001, 1, False, False 1.6486427151908478 36.44602608446588 3.6122238658875983 0.03072748118514706 0.45548053963980495 0.11161242994298727 
[1, 24, 48], [24, 15, 10], [1, 20, 20], [30, 30, 30], [1, 2], 5, 0.001, 1, False, False 0.7690870004809565 18.67148309691279 1.1961384428060986 0.03608354046629578 0.6664697533234898 0.04039235264396868 
[1, 24, 48], [24, 1, 1], [1, 20, 20], [40, 40, 40], [1, 2], 1, 0.001, 1, False, False 1.5048952775420965 33.055432168338676 3.0801449911403425 0.09227771579421816 1.8259007214930862 0.28818756347934965 
[1, 24, 48], [24, 5, 1], [1, 20, 20], [40, 40, 40], [1, 2], 20, 0.001, 1, False, False 0.7581436468150327 18.08217861246843 1.1661252925174506 0.029203717384730894 0.5981277866534088 0.07800799449467342 
[1, 24, 48], [24, 15, 15], [1, 5, 5], [10, 10, 10], [0, 1, 2], 20, 0.001, 1, False, False 0.7975061866627247 19.962225529368137 1.428089521746175 0.029711919153614638 1.112818198355831 0.2322251939016129 
[1, 24, 48], [24, 15, 1], [1, 5, 5], [20, 20, 20], [1, 2], 20, 0.001, 1, False, False 0.7252244004013914 17.601214317237652 1.076339090355462 0.017405395833128275 0.7063943838307739 0.08232406502497208 
[1, 24, 48], [24, 15, 15], [1, 5, 5], [10, 10, 10], [1, 2], 5, 0.001, 1, False, False 0.9928143631804874 22.866616621079753 1.755571257179522 0.09447185462768042 2.744776851381095 0.199863419971335 
[1, 24, 48], [24, 10, 1], [1, 5, 5], [30, 30, 30], [1, 2], 1, 0.001, 1, False, False 1.6351331251500933 36.04219322064321 3.5582095847659736 0.056951586098466435 1.2276086254477088 0.2013682032313262 
[1, 24, 48], [24, 15, 5], [1, 5, 5], [20, 20, 20], [0, 1, 2], 10, 0.001, 1, False, False 0.8588174161397749 19.801306183434633 1.3216230325627056 0.030236766035488125 0.7568014230291625 0.054047331994404264 
[1, 24, 48], [24, 15, 1], [1, 20, 20], [30, 30, 30], [1, 2], 20, 0.001, 1, False, False 0.7179618743213791 17.833985762357802 1.1169315945634075 0.017505853970320746 0.18468696301973608 0.027267840996181583 
[1, 24, 48], [24, 15, 5], [1, 20, 20], [40, 40, 40], [1, 2], 20, 0.001, 1, False, False 0.7688715615275282 18.7742941504661 1.1803374323521085 0.022972775452108206 0.6269856602387754 0.023691188282231917 
[1, 24, 48], [24, 5, 1], [1, 5, 5], [40, 40, 40], [1, 2], 20, 0.001, 1, False, False 0.7521073791784821 18.537483930231158 1.1983546952663053 0.040554217648536055 0.7211021532871768 0.08426409927906672 
[1, 24, 48], [24, 15, 15], [1, 5, 5], [20, 20, 20], [0, 1, 2], 1, 0.001, 1, False, False 1.662526584678778 36.66227564370476 3.675887579549061 0.029745788423512096 0.7483366501670193 0.1133901178322393 
[1, 24, 48], [24, 15, 15], [1, 5, 5], [30, 30, 30], [1, 2], 1, 0.001, 1, False, False 1.679060975931309 36.77276777311545 3.6996733267502253 0.027945351299527642 0.5807034920833047 0.14057731993827272 
[1, 24, 48], [24, 5, 1], [1, 20, 20], [30, 30, 30], [1, 2], 1, 0.001, 1, False, False 1.4867876610132278 32.78436731746033 3.0682313954946587 0.08854936368826415 1.6171119082665102 0.2795288621145416 
[1, 24, 48], [24, 15, 1], [1, 20, 20], [40, 40, 40], [1, 2], 1, 0.001, 1, False, False 1.5334365762494226 33.755603485942125 3.1495460399220323 0.059215608328597936 1.1251724424132297 0.22967111999889758 
[1, 24, 48], [24, 1, 1], [1, 5, 5], [20, 20, 20], [0, 1, 2], 10, 0.001, 1, False, False 0.8447821220314061 19.47436335220007 1.259795331109133 0.07151172777254772 1.5565000177130839 0.1138348211583673 
[1, 24, 48], [24, 15, 15], [1, 10, 10], [20, 20, 20], [0, 1, 2], 20, 0.001, 1, False, False 0.7705821204206181 19.173007915930288 1.2680986430282823 0.02211412052150651 0.26975236857357665 0.03320148455827985 
[1, 24, 48], [24, 15, 10], [1, 5, 5], [30, 30, 30], [1, 2], 20, 0.001, 1, False, False 0.8227798797811071 20.03355903911501 1.4130696980952846 0.016660176825700285 0.28299493044812735 0.049282011050552146 
[1, 24, 48], [24, 15, 1], [1, 10, 10], [10, 10, 10], [0, 1, 2], 20, 0.001, 1, False, False 0.7519486702426716 18.64936187177737 1.214390908376507 0.035956043037692814 1.1420747081422118 0.15690139189654992 
[1, 24, 48], [24, 1, 1], [1, 20, 20], [40, 40, 40], [1, 2], 5, 0.001, 1, False, False 0.7383272615847765 17.29369568382641 1.0196992183294717 0.020474662675852552 0.18750247639299672 0.025860184022246786 
[1, 24, 48], [24, 5, 1], [1, 5, 5], [10, 10, 10], [0, 1, 2], 20, 0.001, 1, False, False 0.7667922178421308 18.907901694904304 1.22362623164104 0.025598400835377295 0.9902441971660844 0.08654341837027159 
[1, 24, 48], [24, 15, 10], [1, 5, 5], [40, 40, 40], [1, 2], 1, 0.001, 1, False, False 1.6307363190998636 35.84890942321374 3.523212041617926 0.05884042221812163 1.1804486914020995 0.21087943159769973 
[1, 24, 48], [24, 15, 1], [1, 5, 5], [10, 10, 10], [0, 1, 2], 5, 0.001, 1, False, False 0.9890496523154003 22.61529117010474 1.66946548344772 0.16285032214784168 3.8855498248549813 0.46920223995674826 
[1, 24, 48], [24, 15, 15], [1, 5, 5], [10, 10, 10], [0, 1, 2], 1, 0.001, 1, False, False 1.670704959774459 37.01999239022629 3.6872072398035804 0.029674941433903163 0.5616759248337004 0.127512250161319 
[1, 24, 48], [24, 5, 1], [1, 20, 20], [30, 30, 30], [1, 2], 20, 0.001, 1, False, False 0.7337209822265085 17.597063268173805 1.058068921059134 0.03659513992742859 1.0071888108594995 0.10702872394206203 
[1, 24, 48], [24, 15, 1], [1, 10, 10], [20, 20, 20], [0, 1, 2], 5, 0.001, 1, False, False 0.83213001937364 19.333052799502724 1.2551919993921332 0.020627604264556943 0.5054862922761272 0.013335421902894608 
[1, 24, 48], [24, 10, 1], [1, 5, 5], [20, 20, 20], [0, 1, 2], 20, 0.001, 1, False, False 0.7400130683625186 18.130252862568934 1.1220904040718362 0.031835181969433 0.6684922826048867 0.0547092017415521 
[1, 24, 48], [24, 10, 1], [1, 5, 5], [30, 30, 30], [1, 2], 5, 0.001, 1, False, False 0.8970523285576041 20.799338384232232 1.4298407906455066 0.13825305289728554 3.7432820326070657 0.3610756614633801 
[1, 24, 48], [24, 10, 1], [1, 10, 10], [20, 20, 20], [0, 1, 2], 10, 0.001, 1, False, False 0.7787122001112611 19.275647903011393 1.2805768273208067 0.013120856762111865 0.4351999863658404 0.13875864609282604 
[1, 24, 48], [24, 15, 1], [1, 5, 5], [10, 10, 10], [0, 1, 2], 10, 0.001, 1, False, False 0.8498528498328394 19.917344268997468 1.3685266401532166 0.02578987623558593 0.762653835385287 0.1390920289838367 
[1, 24, 48], [24, 15, 1], [1, 10, 10], [20, 20, 20], [0, 1, 2], 1, 0.001, 1, False, False 1.6252764200722731 35.63391698761657 3.5107952839381737 0.07634075229557623 1.4838084223153434 0.2718976873724098 
[1, 24, 48], [24, 1, 1], [1, 5, 5], [40, 40, 40], [1, 2], 20, 0.001, 1, False, False 0.7009695968487195 16.81950329516803 1.0100157447081615 0.0742280084175062 1.0962262782309466 0.13892721709791872 
[1, 24, 48], [24, 10, 1], [1, 10, 10], [10, 10, 10], [0, 1, 2], 5, 0.001, 1, False, False 0.8530327864543157 19.382896854969086 1.301997328505417 0.08926745570981773 1.4925174851397995 0.17557641795757153 
[1, 24, 48], [24, 5, 1], [1, 20, 20], [40, 40, 40], [1, 2], 1, 0.001, 1, False, False 1.5861443261581438 34.9726606787757 3.380779118471841 0.04559801691409733 1.195155433251261 0.16416853849497043 
[1, 24, 48], [24, 15, 1], [1, 5, 5], [20, 20, 20], [0, 1, 2], 10, 0.001, 1, False, False 0.8410112027216838 18.890038099397888 1.2393041041659598 0.048604972426035925 0.8319953677379442 0.041435398855846475 
[1, 24, 48], [24, 5, 1], [1, 5, 5], [20, 20, 20], [0, 1, 2], 1, 0.001, 1, False, False 1.6536989788352339 36.435637940601886 3.6187006481892876 0.031228025044529886 0.7465628865846823 0.13781130811624306 
[1, 24, 48], [24, 15, 1], [1, 5, 5], [20, 20, 20], [0, 1, 2], 20, 0.001, 1, False, False 0.7677696777990571 18.482134441680248 1.2023503239938234 0.01375579785524552 0.21292977333928828 0.038230783773610395 
[1, 24, 48], [24, 10, 1], [1, 5, 5], [10, 10, 10], [0, 1, 2], 20, 0.001, 1, False, False 0.7278238748165743 18.10680303036376 1.1750847187814386 0.043404854183125445 1.0591781272532566 0.08045265549409358 
[1, 24, 48], [24, 15, 5], [1, 10, 10], [20, 20, 20], [0, 1, 2], 20, 0.001, 1, False, False 0.7553542146390235 18.231016559878373 1.1341122992908645 0.024633675861395452 0.7321926758865045 0.0750113745974401 
[1, 24, 48], [24, 15, 1], [1, 5, 5], [30, 30, 30], [1, 2], 20, 0.001, 1, False, False 0.7723945390364086 19.175797629859265 1.293259251547289 0.01219337200546515 0.6245548068519224 0.086452400053733 
[1, 24, 48], [24, 5, 1], [1, 10, 10], [20, 20, 20], [0, 1, 2], 20, 0.001, 1, False, False 0.7184530137451709 17.22380661592385 1.0649725033419937 0.04372676428478412 0.7495021713795289 0.0733628258118904 
[1, 24, 48], [24, 10, 1], [1, 20, 20], [30, 30, 30], [1, 2], 20, 0.001, 1, False, False 0.7294746274128556 17.596883467433454 1.0216885835568483 0.026287884096170853 0.7044878724415639 0.05055065755265855 
[1, 24, 48], [24, 15, 1], [1, 10, 10], [10, 10, 10], [0, 1, 2], 1, 0.001, 1, False, False 1.6723647825419905 34.14494166743378 3.8214118379534834 0.031302061749581216 2.955128598455529 0.30106098801770687 
[1, 24, 48], [24, 10, 1], [1, 5, 5], [40, 40, 40], [1, 2], 10, 0.001, 1, False, False 0.8187690159995801 19.101774200195802 1.282719802325939 0.027922324865265784 0.20818348630430733 0.03724828511648148 
[1, 24, 48], [24, 1, 1], [1, 20, 20], [30, 30, 30], [1, 2], 1, 0.001, 1, False, False 1.5570614959906652 34.3667938870854 3.2909374977074477 0.036989728688750126 0.8328181873756049 0.1375855201958488 
[1, 24, 48], [24, 5, 1], [1, 10, 10], [10, 10, 10], [0, 1, 2], 20, 0.001, 1, False, False 0.7053626915439963 17.388815721173597 1.0884406475003157 0.019426726373388506 0.3744041529680114 0.04694216234712348 
[1, 24, 48], [24, 15, 15], [1, 5, 5], [30, 30, 30], [1, 2], 5, 0.001, 1, False, False 0.8157325070213388 19.020041178743 1.3312860553165837 0.041054370605642765 0.9835111135876502 0.10207483586146149 
[1, 24, 48], [24, 1, 1], [1, 5, 5], [30, 30, 30], [1, 2], 20, 0.001, 1, False, False 0.7413091158080433 17.19778229288865 1.0175115525132326 0.017321703046424712 1.227490707756554 0.07279082624319018 
[1, 24, 48], [24, 10, 1], [1, 20, 20], [40, 40, 40], [1, 2], 20, 0.001, 1, False, False 0.7663336234443164 18.633729205786 1.1999292395394365 0.01849335063546134 0.7133246152864471 0.1042531480173604 
[1, 24, 48], [24, 15, 5], [1, 10, 10], [10, 10, 10], [0, 1, 2], 20, 0.001, 1, False, False 0.7760856091079336 19.07184230528254 1.2350076061679436 0.07104269489314902 1.3327755558410523 0.11595203008841126 
[1, 24, 48], [24, 15, 1], [1, 5, 5], [40, 40, 40], [1, 2], 1, 0.001, 1, False, False 1.6079254024420626 35.33413825187159 3.4772626606745862 0.08372519706205821 1.7348988416329951 0.298450120169168 
[1, 24, 48], [24, 15, 1], [1, 20, 20], [40, 40, 40], [1, 2], 5, 0.001, 1, False, False 0.7911405880211126 18.288981124529585 1.1512329806155164 0.021310768230633163 0.6124569388998146 0.09640631794648866 
[1, 24, 48], [24, 10, 1], [1, 20, 20], [40, 40, 40], [1, 2], 1, 0.001, 1, False, False 1.5027462995162715 33.06762511793617 3.0244329005548196 0.06034742110527889 1.2525381199225722 0.2257296307391045 
[1, 24, 48], [24, 15, 1], [1, 10, 10], [10, 10, 10], [0, 1, 2], 1, 0.001, 1, False, False 1.6249937908792937 36.1473304184228 3.535004098534843 0.0251515336914801 0.5410120056626757 0.09805953675951791 
[1, 24, 48], [24, 10, 1], [1, 5, 5], [20, 20, 20], [0, 1, 2], 1, 0.001, 1, False, False 1.6773629333961895 37.05025210454078 3.7212662688226317 0.012809471404381038 0.3571584484958583 0.05776763184444514 
[1, 24, 48], [24, 1, 1], [1, 5, 5], [40, 40, 40], [1, 2], 1, 0.001, 1, False, False 1.6204307076969633 35.68985183151482 3.5086109888480688 0.057295537378739034 1.3034621261018369 0.1639931754007852 
[1, 24, 48], [24, 15, 10], [1, 5, 5], [30, 30, 30], [1, 2], 1, 0.001, 1, False, False 1.6479436950689115 36.057464213393416 3.623133954943098 0.008965777613998135 0.26839220515236256 0.02387411989016945 
[1, 24, 48], [24, 15, 5], [1, 5, 5], [10, 10, 10], [0, 1, 2], 1, 0.001, 1, False, False 1.6653743372885168 36.68124834974534 3.633197581473901 0.030606435962761254 0.6088661678338937 0.12679053969583007 
[1, 24, 48], [24, 5, 1], [1, 5, 5], [10, 10, 10], [0, 1, 2], 1, 0.001, 1, False, False 1.6713201376299063 36.990726389795476 3.692227213381312 0.009649592389203146 0.352674512525955 0.03774769672754627 
[1, 24, 48], [24, 15, 15], [1, 10, 10], [10, 10, 10], [0, 1, 2], 20, 0.001, 1, False, False 0.7475946172313005 18.372705061539232 1.200990141926342 0.02657714135420639 0.4453401990368502 0.030765851060966947 
[1, 24, 48], [24, 15, 10], [1, 20, 20], [30, 30, 30], [1, 2], 10, 0.001, 1, False, False 0.7243496736201148 18.12899452359338 1.1342658747805314 0.05370784810548875 1.3259593588595713 0.09102692089396805 
[1, 24, 48], [24, 15, 5], [1, 10, 10], [20, 20, 20], [0, 1, 2], 1, 0.001, 1, False, False 1.6177836799235257 35.46372779063956 3.4919118718314226 0.05286938173775952 1.2636729198067707 0.18559751813812303 
[1, 24, 48], [24, 15, 15], [1, 5, 5], [20, 20, 20], [0, 1, 2], 5, 0.001, 1, False, False 1.1456758660574757 26.130267255416133 2.235461134711601 0.2979676496819218 6.22227381882596 0.7443432575896396 
[1, 24, 48], [24, 15, 10], [1, 5, 5], [40, 40, 40], [1, 2], 5, 0.001, 1, False, False 0.8722011160381414 19.86827772849652 1.3509632742620932 0.17611915400513634 3.5483163298027525 0.4009091659942049 
[1, 24, 48], [24, 5, 1], [1, 20, 20], [40, 40, 40], [1, 2], 5, 0.001, 1, False, False 0.7480886768342719 17.372743880802265 1.0899418646324242 0.027762479623491283 0.758154441757896 0.061492812659953246 
[1, 24, 48], [24, 15, 5], [1, 20, 20], [30, 30, 30], [1, 2], 20, 0.001, 1, False, False 0.772014545497519 18.9300037591481 1.2136263374649159 0.00812479651837108 0.8508740879487594 0.08630978653725291 
[1, 24, 48], [24, 1, 1], [1, 20, 20], [30, 30, 30], [1, 2], 5, 0.001, 1, False, False 0.7740609594310323 17.769124229661784 1.1428027695219451 0.06580101145226154 1.3514761719900235 0.09383842089521713 
[1, 24, 48], [24, 15, 1], [1, 5, 5], [40, 40, 40], [1, 2], 20, 0.001, 1, False, False 0.7682224361777857 18.539968272583256 1.1953788911471126 0.03194018987516348 0.8479386657688864 0.06066503862274274 
[1, 24, 48], [24, 5, 1], [1, 5, 5], [30, 30, 30], [1, 2], 20, 0.001, 1, False, False 0.7325842568926791 17.689258494202207 1.0906457706834862 0.008886039684023314 0.21120509403647203 0.008085354027970303 
[1, 24, 48], [24, 15, 10], [1, 20, 20], [40, 40, 40], [1, 2], 20, 0.001, 1, False, False 0.7819644957573878 19.064549726988577 1.2544341035478113 0.01178575524695481 0.2524914191770747 0.042172726375548975 
[1, 24, 48], [24, 15, 5], [1, 20, 20], [40, 40, 40], [1, 2], 1, 0.001, 1, False, False 1.42566897103356 31.510761038796492 2.835612723865014 0.03925284845374504 0.7579035386877966 0.23739670475740401 
[1, 24, 48], [24, 15, 15], [1, 20, 20], [40, 40, 40], [1, 2], 20, 0.001, 1, False, False 0.8006241443394511 19.505971646280937 1.2347438092994603 0.03417931163657648 0.7339092526548032 0.0887655287703783 
[1, 24, 48], [24, 15, 1], [1, 5, 5], [40, 40, 40], [1, 2], 5, 0.001, 1, False, False 0.9257866504153721 21.260334562174084 1.5005976404088492 0.1085600316837898 2.73056082597572 0.2966064131113208 
[1, 24, 48], [24, 15, 1], [1, 5, 5], [30, 30, 30], [1, 2], 1, 0.001, 1, False, False 1.6612321105130292 36.528450654314106 3.625908017505843 0.0028352556183353934 0.048023981491036746 0.016223528917700708 
[1, 24, 48], [24, 15, 1], [1, 20, 20], [30, 30, 30], [1, 2], 1, 0.001, 1, False, False 1.4283348933138231 31.69706480166308 2.7964740512457436 0.05786907805710631 0.9137985513005279 0.12439200441012392 
[1, 24, 48], [24, 15, 1], [1, 10, 10], [20, 20, 20], [0, 1, 2], 5, 0.001, 1, False, False 0.8856087224282048 19.63268920523034 1.3080106253666972 0.011234400365223704 0.817023642928883 0.06763557313601691 
[1, 24, 48], [24, 1, 1], [1, 20, 20], [40, 40, 40], [1, 2], 10, 0.001, 1, False, False 0.7126312980911247 17.04149129565086 1.0296082326046612 0.032183650209365866 0.7403664795014732 0.03405918520739581 
[1, 24, 48], [24, 5, 1], [1, 5, 5], [20, 20, 20], [0, 1, 2], 5, 0.001, 1, False, False 0.8883359275275361 20.299856601414543 1.3869352070154044 0.06974324968749737 1.7398914785111814 0.10548072878591461 
[1, 24, 48], [24, 15, 10], [1, 5, 5], [30, 30, 30], [1, 2], 5, 0.001, 1, False, False 1.027838662577172 23.823849597674243 1.8556879878983288 0.17788824760501287 3.5633525636858283 0.4396109181589852 
[1, 24, 48], [24, 15, 1], [1, 10, 10], [10, 10, 10], [0, 1, 2], 5, 0.001, 1, False, False 0.8148757791077648 18.83021628356323 1.2829343418310968 0.07135335976239132 1.2910871341667416 0.07780314794546261 
[1, 24, 48], [24, 10, 1], [1, 5, 5], [30, 30, 30], [1, 2], 10, 0.001, 1, False, False 0.7647978193506049 18.3717529878468 1.1981131357462957 0.08941666631640889 2.068119544735623 0.2106376739910145 
[1, 24, 48], [24, 15, 5], [1, 5, 5], [10, 10, 10], [0, 1, 2], 5, 0.001, 1, False, False 0.9097400696120328 20.911179163903252 1.4524507472033878 0.07902134474984163 1.9247874034915287 0.18903070265993505 
[1, 24, 48], [24, 15, 15], [1, 20, 20], [30, 30, 30], [1, 2], 20, 0.001, 1, False, False 0.762157087938653 18.731981970686657 1.2196930030273225 0.03747311145914744 0.7870308614839764 0.05664089579450689 
[1, 24, 48], [24, 15, 5], [1, 5, 5], [40, 40, 40], [1, 2], 20, 0.001, 1, False, False 0.7473171284422278 18.130176706067672 1.1543547734545783 0.04869085354662771 1.1813172434675714 0.10211215472723899 
[1, 24, 48], [24, 15, 1], [1, 10, 10], [20, 20, 20], [0, 1, 2], 10, 0.001, 1, False, False 0.8057809686288239 19.093209315830887 1.3178234840247676 0.05440887059418685 0.6525806679274251 0.07784650690667115 
[1, 24, 48], [24, 15, 1], [1, 5, 5], [10, 10, 10], [0, 1, 2], 10, 0.001, 1, False, False 0.8427891648340005 19.701081967444523 1.3235880694397018 0.05607382433002876 0.7666355319254345 0.10209083104829376 
[1, 24, 48], [24, 15, 5], [1, 20, 20], [40, 40, 40], [1, 2], 5, 0.001, 1, False, False 0.7955844568916491 18.514885067213456 1.1904793755831873 0.02648818897130932 0.7072630739916389 0.05696224425630884 
[1, 24, 48], [24, 15, 15], [1, 5, 5], [30, 30, 30], [1, 2], 10, 0.001, 1, False, False 0.8139281300137992 19.186454216055537 1.2687670431270384 0.028052680722721032 0.6965669266559323 0.10974699148950201 
[1, 24, 48], [24, 10, 1], [1, 10, 10], [10, 10, 10], [0, 1, 2], 10, 0.001, 1, False, False 0.7708157916725787 18.42212264719691 1.172055497633561 0.04492670193046505 1.0667132542342095 0.060002435346001005 
[1, 24, 48], [24, 15, 5], [1, 20, 20], [30, 30, 30], [1, 2], 1, 0.001, 1, False, False 1.5335120986043302 33.926153341128604 3.127529681085791 0.016553646904592018 0.9093099754812053 0.0766174216263635 
[1, 24, 48], [24, 15, 15], [1, 20, 20], [40, 40, 40], [1, 2], 1, 0.001, 1, False, False 1.4155441896920955 31.580777373483162 2.752578997186289 0.08737290305034091 1.9653688549068284 0.25428469283651994 
[1, 24, 48], [24, 15, 1], [1, 20, 20], [40, 40, 40], [1, 2], 10, 0.001, 1, False, False 0.7169570793708164 17.65156530621248 1.1319951153943493 0.029390596675782567 0.5158754475956886 0.07597801374637762 
[1, 24, 48], [24, 15, 15], [1, 5, 5], [40, 40, 40], [1, 2], 20, 0.001, 1, False, False 0.7963740162275457 19.797369030006312 1.3001839896281682 0.025206688634214318 0.8364640321854567 0.09485947112327676 
[1, 24, 48], [24, 15, 1], [1, 20, 20], [30, 30, 30], [1, 2], 5, 0.001, 1, False, False 0.7851189834859085 18.40856346257945 1.1183667574246101 0.027602838322618863 0.7641706785124317 0.09898925509841357 
[1, 24, 48], [24, 15, 10], [1, 5, 5], [40, 40, 40], [1, 2], 10, 0.001, 1, False, False 0.7805999614919226 18.656079024966374 1.1778186314825458 0.029587236933228327 0.42592155481089894 0.11072036568340972 
[1, 24, 48], [24, 15, 5], [1, 5, 5], [30, 30, 30], [1, 2], 20, 0.001, 1, False, False 0.7681430353127697 19.061680636505073 1.252857492790109 0.023608044019067416 0.03661415613357866 0.07737316905137336 
[1, 24, 48], [24, 15, 15], [1, 20, 20], [30, 30, 30], [1, 2], 1, 0.001, 1, False, False 1.4978050154392364 33.14749326213603 3.0830359469122643 0.10743301550894975 2.418781932536655 0.3962288249407732 
[1, 24, 48], [24, 15, 5], [1, 5, 5], [40, 40, 40], [1, 2], 1, 0.001, 1, False, False 1.6148061168690526 35.34525866951356 3.4633915617927733 0.07789996682793585 1.6543568572260554 0.31154173663228363 
[1, 24, 48], [24, 15, 15], [1, 20, 20], [40, 40, 40], [1, 2], 5, 0.001, 1, False, False 0.7347413318576637 17.683078478995473 1.1708088824039697 0.0349388642896441 0.8055212078937138 0.07843589099519237 
[1, 24, 48], [24, 15, 5], [1, 20, 20], [30, 30, 30], [1, 2], 5, 0.001, 1, False, False 0.7508950581153235 18.295548647403056 1.1689066238800994 0.016427216520557442 0.6121458964483324 0.07496421135065874 
[1, 24, 48], [24, 10, 1], [1, 5, 5], [40, 40, 40], [1, 2], 20, 0.001, 1, False, False 0.7812031151864817 18.662008142923924 1.188257826400452 0.01272665936772127 0.8569573545740312 0.07493310740008298 
[1, 24, 48], [24, 15, 5], [1, 20, 20], [40, 40, 40], [1, 2], 10, 0.001, 1, False, False 0.7204430426712389 18.083021173501354 1.1829376385702737 0.02416336979094664 0.5646617399042793 0.07767432099473692 
[1, 24, 48], [24, 15, 10], [1, 20, 20], [30, 30, 30], [1, 2], 20, 0.001, 1, False, False 0.7742670863314912 18.98900240831482 1.2361084311977415 0.0082659585649958 0.7523035193398601 0.1383221276284218 
[1, 24, 48], [24, 15, 1], [1, 20, 20], [30, 30, 30], [1, 2], 10, 0.001, 1, False, False 0.7319727052486052 17.563791009085282 1.1017037122020497 0.05605882102102918 1.0450792063182082 0.05244739301435522 
[1, 24, 48], [24, 10, 1], [1, 10, 10], [20, 20, 20], [0, 1, 2], 20, 0.001, 1, False, False 0.7219086404199954 17.53834195781442 1.1321945466781103 0.009720761955686228 0.3214482345018222 0.06227294996890122 
[1, 24, 48], [24, 15, 1], [1, 5, 5], [10, 10, 10], [0, 1, 2], 20, 0.001, 1, False, False 0.8094848544302362 19.432306099275607 1.2700305940423204 0.017585135959353064 0.621439110999824 0.06477262376426517 
[1, 24, 48], [24, 15, 1], [1, 5, 5], [20, 20, 20], [0, 1, 2], 20, 0.001, 1, False, False 0.7831952502606093 18.761159870825846 1.1707758766063836 0.014797253062619666 0.12555292149013625 0.05371115165148399 
[1, 24, 48], [24, 15, 15], [1, 5, 5], [30, 30, 30], [1, 2], 20, 0.001, 1, False, False 0.7930819102735431 19.50505628821908 1.291034967049975 0.03369426196736731 0.6083426078414101 0.09641422177063347 
[1, 24, 48], [24, 15, 1], [1, 20, 20], [40, 40, 40], [1, 2], 20, 0.001, 1, False, False 0.7498844876540479 17.882004192975625 1.1691416444055658 0.02806299817780341 0.7866345598573091 0.11190717292167957 
