layers lag time_steps epochs l2 learning_rate mean_mae                         mean_mape mean_mse std mae std_mape std_mse 
[5], 1, 1, 1, 0.001, 0.05, 1, False 3.2330982080626267 34.121972891436066 15.245329399185872 0.5218069326910987 5.915517056037931 4.199438463269843 
[5], 12, 1, 1, 0.001, 0.05, 1, False 3.137042641838047 33.91198847268305 15.335401047595285 0.8683800004351998 7.976981189239663 7.702766507569473 
[5], 1, 15, 5, 0.001, 0.05, 1, False 2.450942743176388 28.97548019223606 8.933524015926155 0.024863640742631386 0.7760946289123002 0.1313902464081613 
[5], 24, 1, 1, 0.001, 0.05, 1, False 2.9601810010736465 32.97419262647493 12.665466231234282 0.33689694038410145 2.4075228896281 3.142140221694434 
[5], 1, 1, 5, 0.001, 0.05, 1, False 5.189446819149372 56.958796628626466 34.2213083158969 0.46653461939101626 5.954073880974563 5.252359127056301 
[10], 1, 1, 1, 0.001, 0.05, 1, False 3.8187089693663574 41.44307169522622 20.01334694627496 0.709006114692304 8.71227558915866 6.206065503566957 
[5], 12, 1, 5, 0.001, 0.05, 1, False 2.68802063564287 30.009147906162227 10.977341331521593 0.8736290257047405 9.097340455734864 6.142921928869897 
[5], 36, 1, 1, 0.001, 0.05, 1, False 2.5240197225853254 27.628124056268334 10.028889376167816 0.0729027831834183 1.0379166690495827 0.16182833548217435 
[10], 12, 1, 1, 0.001, 0.05, 1, False 3.5193823366732064 42.24374442622943 16.839127493288117 1.2185489241187706 15.478039277463665 9.695468932915853 
[5], 12, 15, 5, 0.001, 0.05, 1, False 2.8493558709406197 40.00542431820643 10.092272872024674 0.1371362050939038 1.3229795237096513 0.8561524822466521 
