layers lag time_steps epochs l2 learning_rate mean_mae                         mean_mape mean_mse std mae std_mape std_mse 
[15], 24, 1, 1, 0.001, 0.05, 1, False 1.30816665597398 27.198154355051667 2.755451827112982 0.037508118369803584 0.8037346113121332 0.04453916819554841 
[15], 36, 1, 1, 0.001, 0.05, 1, False 1.21058985904825 26.230527958065327 2.5379182272896013 0.09102412358290837 1.973183619364007 0.32554920516895663 
[10], 1, 1, 1, 0.001, 0.05, 1, False 2.5523467405940643 43.1170120111802 8.610349911619748 0.49587353122207595 6.611423726616959 3.5121886671512788 
[10], 12, 1, 1, 0.001, 0.05, 1, False 2.4564914337704304 49.706945955236186 7.812142705378769 0.10596912612516318 7.474559114906502 0.8190563421970055 
[10], 24, 1, 1, 0.001, 0.05, 1, False 1.2857465440683342 27.529840586661447 2.5699983403524898 0.09824444853583929 0.459882289623637 0.4130359314574458 
[15], 1, 1, 1, 0.001, 0.05, 1, False 3.2974704900566763 54.26784862819275 13.94069355350448 0.7013992518944235 12.16872150070054 5.544760558787088 
[15], 12, 1, 1, 0.001, 0.05, 1, False 2.5737586711447134 45.93029333923631 9.503572710981095 0.38214573955761594 5.494704411041428 3.4763015001324553 
[10], 36, 1, 1, 0.001, 0.05, 1, False 1.7261884272564203 36.720018027220476 4.352406450175715 0.44712285448239913 9.305359870461727 1.8101951092172273 
[5], 1, 1, 1, 0.001, 0.05, 1, False 2.024762791495218 37.690425133814074 5.609485498122471 0.4953554126602958 4.636007536474174 2.7182202292255475 
[5], 36, 1, 1, 0.001, 0.05, 1, False 1.6767156373795675 33.0117075737843 4.402763774508675 0.3179335713002531 4.524209284902755 1.441426294367572 
[5], 24, 1, 1, 0.001, 0.05, 1, False 1.4018276536975198 29.151177571612212 3.256559773629645 0.23391291397803543 1.6334486763065397 1.1815518459653611 
[20], 12, 1, 1, 0.001, 0.05, 1, False 2.1587786620500053 41.077648372521026 6.413896854698602 0.21592870509202164 2.6281940186584363 1.1665035337466174 
[20], 1, 1, 1, 0.001, 0.05, 1, False 2.729478263979157 44.92349560650803 9.677426188610875 0.3236946934169957 4.307933322358141 2.4817654910130797 
[20], 24, 1, 1, 0.001, 0.05, 1, False 1.242949753891918 24.966843526511326 2.9034941078650682 0.08736507830984165 1.3024749144005237 0.42095351328093344 
[5], 12, 1, 1, 0.001, 0.05, 1, False 2.4593626149792085 44.04604484082506 7.902840779073888 0.5666296372372717 8.070475241543308 3.022933095353233 
[20], 36, 1, 1, 0.001, 0.05, 1, False 1.2909057048709929 27.302220602540867 2.809404282293704 0.13257300329246482 1.9510571165170354 0.4698524761860766 
[15], 36, 15, 5, 0.001, 0.05, 1, False 0.8081837058205298 19.250021487560982 1.3983358570499236 0.04483797567273638 0.9274998902857791 0.12414224191808687 
[15], 24, 1, 5, 0.001, 0.05, 1, False 1.244330551968327 27.809464284469545 2.901334613361056 0.03550346809979055 0.6598108714292276 0.3376384955203612 
[15], 36, 1, 5, 0.001, 0.05, 1, False 0.9662913627301655 21.09107667774855 1.8435732727555088 0.07214138598497111 2.162512008541025 0.23096635896927142 
[15], 24, 15, 5, 0.001, 0.05, 1, False 0.7840256248704263 18.638462515516764 1.2301732403759456 0.0318565557752829 0.5460574636380845 0.04271589037755983 
[15], 12, 15, 5, 0.001, 0.05, 1, False 1.290004136585803 28.270914821917344 2.601746422929286 0.06749510685299133 1.220061338098101 0.42329476197416255 
[20], 12, 1, 5, 0.001, 0.05, 1, False 2.080936989300298 43.769093547921955 5.445426024136296 0.0376950821013313 0.3009066776091589 0.21722545362571388 
[15], 1, 1, 5, 0.001, 0.05, 1, False 2.681786796283322 44.53348892300329 9.154765645348208 0.21402565993626513 2.6649818513041676 1.5417096218913764 
[10], 36, 1, 5, 0.001, 0.05, 1, False 0.953279924892855 21.628671177272125 1.6453083289293338 0.09940387965790291 1.4742611895146729 0.297716302092955 
[20], 1, 1, 5, 0.001, 0.05, 1, False 1.713578538451758 35.64620030162308 3.944340058941817 0.025250821882209565 1.3354957183695542 0.10917520163185644 
[10], 1, 1, 5, 0.001, 0.05, 1, False 2.7104533059660483 45.35931757786429 9.629704662635513 0.4735918251771068 6.184958608756144 3.6028551151742736 
[15], 12, 1, 5, 0.001, 0.05, 1, False 2.3713670491202112 46.724398563243085 7.1176394648791605 0.09987971096793198 1.3243269680111256 0.3536661145496883 
[20], 24, 1, 5, 0.001, 0.05, 1, False 1.1192330114616738 25.116715533263335 2.3940436337607025 0.22935619380939387 3.7931967962563014 0.934681037237707 
[20], 24, 15, 5, 0.001, 0.05, 1, False 0.7384917194161703 17.59612163416764 1.1841857162888274 0.0571544442759646 1.2950443716654827 0.1291479984746271 
[30], 12, 1, 1, 0.001, 0.05, 1, False 2.341649140319701 44.925970900201584 7.357257020302364 0.27270791655442983 5.790600614019833 1.5674928660600589 
[30], 1, 1, 1, 0.001, 0.05, 1, False 2.749238792408464 45.02992001203166 9.720663999428917 0.202234669538831 2.5317448338713398 1.451323916571577 
[15], 24, 5, 10, 0.001, 0.05, 1, False 0.805662607194649 19.42880611341594 1.361506774086358 0.014503592749710581 0.31317941001673194 0.02240915288724831 
[5], 1, 1, 5, 0.001, 0.05, 1, False 3.071171298401465 52.464624362269156 12.469145839491615 1.0094059968742803 16.18683461572807 7.890003958303814 
[15], 1, 15, 5, 0.001, 0.05, 1, False 1.5175588058445744 32.58787792425307 3.22058307690641 0.04247733927492701 0.8211697736439473 0.1097883532661164 
[10], 36, 15, 5, 0.001, 0.05, 1, False 0.8058813657749583 19.532819425090334 1.4442368995849255 0.06415007298707377 1.5723569259780243 0.14340933707111328 
[10], 24, 15, 5, 0.001, 0.05, 1, False 0.9616515426793034 22.127912273286807 1.5824633039304175 0.07058340360350676 1.5172114858960368 0.2152829510645088 
[15], 36, 5, 10, 0.001, 0.05, 1, False 0.8083780949417917 19.75397777743117 1.3253261922095665 0.039819818945316936 0.8646553430299166 0.07612677549453359 
[5], 36, 15, 5, 0.001, 0.05, 1, False 1.0703183439594728 24.547190879554776 1.9083952956307109 0.07991294024409804 2.1991013201445555 0.3165037293875715 
[10], 12, 1, 5, 0.001, 0.05, 1, False 2.3602091793445177 43.50723202249194 7.699373300799814 0.3105319475380458 2.850900218528934 2.143867680365233 
[15], 24, 10, 1, 0.001, 0.05, 1, False 1.0709230321700927 23.771305648554574 1.8031697211554476 0.14609041828645497 3.2551332312657255 0.46811700335008366 
[5], 24, 1, 5, 0.001, 0.05, 1, False 1.0975483069127359 25.202463663659902 2.215939529055714 0.09089966553362006 2.054467805679142 0.3478978351768877 
[20], 1, 5, 10, 0.001, 0.05, 1, False 1.9556584260943863 42.62766724498358 4.984893146207291 0.04796187081286632 1.1093305033692475 0.2081839992459976 
[10], 24, 1, 5, 0.001, 0.05, 1, False 1.316221750641449 28.651868702606933 3.175027548953443 0.1947501292903599 3.2596469883581416 0.8444218610897862 
[5], 36, 1, 5, 0.001, 0.05, 1, False 1.20213018553504 26.959733426478834 2.5430705098301942 0.03827888455577354 0.33074982645701384 0.29343019537477305 
[15], 1, 5, 10, 0.001, 0.05, 1, False 1.8869571037590507 41.116745198485354 4.72422753915659 0.1490206742043405 3.2762444615059105 0.6238656081084276 
[10], 1, 15, 5, 0.001, 0.05, 1, False 1.4806445289265227 32.16905613854689 3.06184898579723 0.024052596726662774 0.6718677932282665 0.13067369849221763 
[20], 24, 5, 10, 0.001, 0.05, 1, False 0.817148066463846 19.56452219984646 1.3753779918754 0.04086826950622249 1.008641330737347 0.1628881410932927 
[15], 36, 10, 1, 0.001, 0.05, 1, False 1.1587410192522738 25.781656493835587 2.206709612622556 0.1346122310274162 2.9322527646944376 0.45463755038543047 
[5], 12, 1, 5, 0.001, 0.05, 1, False 2.1895729314294408 46.01644464645855 6.54224150077032 0.4556972236414493 8.725507984063995 2.38081066682864 
[10], 12, 15, 5, 0.001, 0.05, 1, False 1.4829229941315676 32.33409625716559 3.2278416773561065 0.14298624641912241 3.248772855141133 0.4946145678799152 
[10], 36, 5, 10, 0.001, 0.05, 1, False 0.7919479888484432 19.720221415219353 1.350782857976829 0.016489169987009278 0.6630083711391463 0.10193482287964388 
[20], 36, 1, 5, 0.001, 0.05, 1, False 1.020033865434083 22.709663674450926 2.0838005384650784 0.24726161068999977 3.6464441911173635 0.7809780193184124 
[15], 12, 5, 10, 0.001, 0.05, 1, False 1.6179957623214083 35.61667539723559 3.664591080951571 0.125703766826073 2.2591648535660833 0.35765855306557903 
[5], 24, 15, 5, 0.001, 0.05, 1, False 0.923169581509299 21.281567418344697 1.4359042689519532 0.026177963473875427 0.38524273146517485 0.058771906357312914 
[5], 1, 15, 5, 0.001, 0.05, 1, False 1.5530708921314391 33.590704674299225 3.289664013260143 0.027079336296200865 0.9078910488299102 0.11675902882816408 
[20], 1, 10, 1, 0.001, 0.05, 1, False 1.5728797705361137 33.29833936144666 3.3084188022094962 0.010692111132526973 0.40365097840826547 0.01941581011047241 
[10], 24, 5, 10, 0.001, 0.05, 1, False 0.7832787286490203 19.03574691815333 1.2525783275115419 0.058661656577406684 1.4073316217352947 0.13459585004315952 
[20], 1, 15, 5, 0.001, 0.05, 1, False 1.543220256055119 32.48235173334612 3.2583435840200097 0.14109575062789245 2.751293991772115 0.4818972496791859 
[30], 12, 1, 5, 0.001, 0.05, 1, False 2.2707309410708993 45.256224803917945 6.521546045685856 0.12118550565409199 2.354894904363921 0.8035251175743449 
[15], 1, 10, 1, 0.001, 0.05, 1, False 1.577957964550566 32.77925264580605 3.3135673182399166 0.011634287938070626 1.2369463815655237 0.02835763792198663 
[30], 1, 1, 5, 0.001, 0.05, 1, False 1.7143691989627703 35.59281147547458 3.8617826289512203 0.012025609710321771 1.025347908040322 0.0487341827512955 
[20], 24, 10, 1, 0.001, 0.05, 1, False 0.9637832182907949 22.08813821100337 1.5951691768032548 0.07494187321058216 1.4656982341380487 0.22662600160068375 
[30], 1, 15, 5, 0.001, 0.05, 1, False 1.5182973671359596 31.755129481949904 3.1758649215731567 0.07185266445820325 1.66148725226108 0.2710660609025634 
[30], 12, 15, 5, 0.001, 0.05, 1, False 1.0488189475610854 23.147586562240537 1.8361289086078434 0.06894848940476547 1.276812311899816 0.1767825195861358 
[5], 1, 5, 10, 0.001, 0.05, 1, False 1.8128671697513374 39.72007507744815 4.5270136409635136 0.13452196442354075 3.015558930179946 0.6218823070159409 
[10], 36, 10, 1, 0.001, 0.05, 1, False 1.1490495630643436 25.459398367367815 2.231597954680825 0.08119167011580773 1.907266861771344 0.15846088031029448 
[20], 12, 15, 5, 0.001, 0.05, 1, False 1.211031151528436 26.707809371631157 2.3220908321198297 0.27308644822097766 5.364185160230646 0.7692734556474928 
[15], 24, 1, 10, 0.001, 0.05, 1, False 1.071064654360008 24.500725508778903 2.370609936609456 0.12704150071744863 1.351496092398834 0.4656005868514321 
[10], 1, 5, 10, 0.001, 0.05, 1, False 1.7961201276699155 39.077010224209126 4.31797085307666 0.11796273575356883 2.7994820865905936 0.49350125132152217 
[15], 12, 10, 1, 0.001, 0.05, 1, False 1.7592565109401388 37.484989153699466 4.137847925995012 0.031178575535980926 0.4030839516129217 0.24550125351944166 
[15], 36, 1, 10, 0.001, 0.05, 1, False 0.9348329738610319 20.766542853881095 1.6164153955168448 0.05842537499359016 0.4110521131564882 0.23034782992908373 
[30], 24, 1, 1, 0.001, 0.05, 1, False 1.4743666144113778 31.142990034468728 3.5661794746283833 0.2652724342258714 3.6725794343951286 1.1708420490967335 
[10], 24, 10, 1, 0.001, 0.05, 1, False 1.1099503750602404 24.772271194624405 1.9374893336260832 0.11711828533501298 2.7577273475740385 0.34053799215836816 
[20], 36, 15, 5, 0.001, 0.05, 1, False 0.7819695242439156 19.32065912172307 1.3700789723671167 0.04617548397041602 0.9638842857769955 0.16098812342815322 
[5], 1, 10, 1, 0.001, 0.05, 1, False 1.609747398865444 35.665742922608054 3.5455305491793525 0.012063096976416875 0.08929308982696929 0.0027018476463734867 
[15], 24, 5, 1, 0.001, 0.05, 1, False 0.9106190298097555 20.934495876253507 1.4552146868609246 0.08830642676021049 1.719194804850897 0.1637392500823207 
[15], 24, 10, 5, 0.001, 0.05, 1, False 0.8422977460962205 20.057949618967275 1.4783782366405334 0.026504961696629165 0.5292468915388356 0.043515326221224296 
[20], 12, 1, 10, 0.001, 0.05, 1, False 2.402077469695359 48.91164978281994 7.03718675831239 0.08765348498289555 2.7210923888643546 0.4285171949453281 
[20], 24, 1, 10, 0.001, 0.05, 1, False 1.0277772858807885 23.036742162921787 2.2105304734748388 0.09568978903303928 1.8398852874924276 0.4519175242978815 
[15], 36, 15, 10, 0.001, 0.05, 1, False 0.7280910926353599 17.81204524210705 1.1832898548325044 0.03243656165437399 1.0132409816150831 0.1208879333502202 
[20], 1, 1, 10, 0.001, 0.05, 1, False 2.1281847339813353 46.19948225171706 6.687253522542488 0.23681700452788537 4.489505642218565 1.7198705010003987 
[10], 1, 10, 1, 0.001, 0.05, 1, False 1.553154996182356 32.27152058728116 3.2828111265073834 0.010983713411650909 1.060508812165432 0.055086038452118014 
[30], 1, 5, 10, 0.001, 0.05, 1, False 1.921674565777735 41.90233282714405 4.8278093221099825 0.018264118468678193 0.44883464277465757 0.09124642736637521 
[15], 36, 10, 5, 0.001, 0.05, 1, False 0.8297574140959317 20.2840646228576 1.4518003873716843 0.10464541963595295 2.4131063789015568 0.3288828672761894 
[15], 36, 5, 1, 0.001, 0.05, 1, False 0.9583523467390074 22.33005043068483 1.850579156565927 0.039899040342673595 1.2990137141517006 0.17845411414150772 
[30], 12, 5, 10, 0.001, 0.05, 1, False 1.6681943393070942 36.37377408673575 3.759267287428685 0.035268795423597746 0.7284666207591138 0.07307291120006837 
[15], 24, 15, 10, 0.001, 0.05, 1, False 0.7658575590285993 18.94590081782268 1.359903153460851 0.013333268684885515 0.15496877166819312 0.05718281650932809 
[5], 24, 5, 10, 0.001, 0.05, 1, False 0.8110956500663802 19.418846489149043 1.2842488693122849 0.05000849384051108 0.9955495499982643 0.09841187420772221 
[15], 12, 15, 10, 0.001, 0.05, 1, False 1.221057984598533 27.233017378373575 2.279643732079053 0.08159078782518159 1.6219474827670455 0.3729852942383553 
[5], 36, 5, 10, 0.001, 0.05, 1, False 0.8229748177169651 20.48918321809054 1.4785904646701002 0.05738524345297526 1.3400696867040707 0.15538784711301012 
[30], 1, 10, 1, 0.001, 0.05, 1, False 1.5738374679383857 33.28131624449393 3.326745601635729 0.008004537829640461 0.22272870774122 0.025631113471731325 
[15], 1, 1, 10, 0.001, 0.05, 1, False 2.0498294143765063 44.57002634908494 6.116520528912209 0.24432096623005353 5.856642364070808 1.6505133026122971 
[5], 12, 5, 10, 0.001, 0.05, 1, False 1.6905140847174656 37.65598417867917 3.932458744391361 0.17963744160149286 3.519979369095929 0.6133800771471926 
[10], 36, 1, 10, 0.001, 0.05, 1, False 0.8069131513574607 19.692493553365438 1.3356916494541657 0.02614938619384188 0.7236863355881721 0.10320106440979047 
[15], 36, 20, 1, 0.001, 0.05, 1, False 0.9856330109829153 22.155172100767846 1.631102519328623 0.06250377754120774 1.6151597826272532 0.24556978927685605 
[10], 12, 5, 10, 0.001, 0.05, 1, False 1.6438586590259716 36.909822539910266 3.834668694807096 0.12992567373120262 2.813410004814852 0.6918249329393874 
[15], 12, 1, 10, 0.001, 0.05, 1, False 2.1394867191737927 43.19247122938395 5.69418731256346 0.17120878050498345 2.0488649189297354 0.9287707374662241 
[30], 12, 10, 1, 0.001, 0.05, 1, False 1.7412666597714026 36.9900569682895 3.9805478926678095 0.05526216252505139 0.696827549687016 0.14987542659296038 
[20], 24, 15, 10, 0.001, 0.05, 1, False 0.7444173135001351 18.039384437813464 1.233519334638124 0.04855092394965198 1.0125619557989407 0.09208398516884948 
[20], 12, 5, 1, 0.001, 0.05, 1, False 1.9064527647638767 41.53166671946632 4.738024795730009 0.13636543400203816 2.7693235424716294 0.5855109416003526 
[20], 1, 5, 1, 0.001, 0.05, 1, False 1.645472609506989 32.86168462542819 3.371383013729384 0.007315170409045056 0.34942879261563725 0.021065871386032588 
[20], 1, 10, 5, 0.001, 0.05, 1, False 1.7006395702974666 36.2141720551999 4.12901475514832 0.06270101549031633 0.9904858094005395 0.3483235318506082 
[20], 24, 5, 1, 0.001, 0.05, 1, False 0.9019941252483815 20.76674185620958 1.4350500337194798 0.015340702080926872 0.4797110513702107 0.04805417962061229 
[20], 24, 10, 5, 0.001, 0.05, 1, False 0.8208815509798352 19.40079217232183 1.3786502697087706 0.032206657441638954 0.7350045056012902 0.06241083380683143 
[15], 24, 20, 1, 0.001, 0.05, 1, False 0.9545737817193624 21.839814229758485 1.531869900425834 0.004401060353094927 0.6296976046297335 0.05244553288237394 
[10], 1, 1, 10, 0.001, 0.05, 1, False 1.8014643264761956 37.68647653246207 4.36346954136479 0.09055524675886434 1.4497847379481912 0.41862167388497346 
[30], 36, 1, 1, 0.001, 0.05, 1, False 1.1225478018668515 24.476728696140796 2.154125735890051 0.039270633717490414 1.647226580384242 0.21227005180867076 
[5], 1, 1, 10, 0.001, 0.05, 1, False 1.9355896551368967 39.49529394168721 4.938629360128328 0.1724643642849853 1.4324850004075704 0.7751400070233302 
[15], 12, 20, 1, 0.001, 0.05, 1, False 1.6581846667729596 35.70035124721554 3.756444681414575 0.019993600348196968 0.5044582298026304 0.04504645209298614 
[15], 1, 10, 5, 0.001, 0.05, 1, False 1.6508622874333352 35.34117053992358 3.7809095701029194 0.06456612457646406 1.5496952634565548 0.3992772719561087 
[15], 1, 5, 1, 0.001, 0.05, 1, False 1.5909953617387347 32.688090945478514 3.2404423805295717 0.004712558372093621 0.09564482644634303 0.0061676521728085635 
[10], 36, 5, 1, 0.001, 0.05, 1, False 1.106443869812345 25.033609476375357 2.056007463328976 0.08547615290751794 1.7481733605509762 0.2572912744052562 
[5], 36, 10, 1, 0.001, 0.05, 1, False 1.192077045839418 27.68890156447627 2.275694662355761 0.02238476396545694 0.8059599781948718 0.2177633792848473 
[5], 24, 10, 1, 0.001, 0.05, 1, False 1.2159993796160928 26.944943338334806 2.267571008817135 0.06491519268415256 1.9539686653632142 0.2846580044977943 
[10], 36, 10, 5, 0.001, 0.05, 1, False 0.8503195682747499 20.169538827451287 1.4145974909172656 0.0317260882606186 0.6471899471376916 0.19037248434727802 
[15], 12, 5, 1, 0.001, 0.05, 1, False 1.900143838301301 41.14697329979029 4.725492213694257 0.033404778847949665 0.6908244458227722 0.2527943396691926 
[5], 12, 10, 1, 0.001, 0.05, 1, False 1.682474933909597 37.12874105411857 3.90770483471023 0.0995450959437384 2.7327266781317037 0.5258631137633445 
[10], 12, 10, 1, 0.001, 0.05, 1, False 1.6714206809660903 36.95831913636805 3.8024343936121885 0.0074815835865888435 0.4562694611907449 0.09477813781606803 
[20], 24, 20, 1, 0.001, 0.05, 1, False 1.0458605298841441 23.43071938951337 1.7055535767035073 0.034357232795798234 0.9722642524000124 0.09413806058597585 
[15], 12, 10, 5, 0.001, 0.05, 1, False 1.6360787656296185 35.62276250208979 3.5553462977538715 0.04396243186592984 0.9242081056539161 0.10146446143269335 
[30], 24, 1, 5, 0.001, 0.05, 1, False 0.9798096311761549 22.735311248619748 1.9882672291633086 0.026771895603675027 1.1718800342506042 0.06305290670817178 
[5], 1, 5, 1, 0.001, 0.05, 1, False 1.617476453590724 33.20672754542361 3.571298449207886 0.11206426906483653 0.516582883346533 0.3299919864860882 
[20], 36, 5, 10, 0.001, 0.05, 1, False 0.7155518615411388 17.691708064448324 1.1788571121486222 0.0015096062922820728 0.23022525731487636 0.05601094589405481 
[15], 24, 5, 5, 0.001, 0.05, 1, False 0.7581006813449441 18.151308227624394 1.1842623118793507 0.02525705868887317 0.3842267276939837 0.05203521181102688 
[30], 12, 1, 10, 0.001, 0.05, 1, False 2.156916433695221 45.11100776417185 5.651072880733242 0.08050936134000837 0.45705023604249234 0.3631805528034354 
[10], 24, 10, 5, 0.001, 0.05, 1, False 0.840671003671984 19.847721889586367 1.3163721377195632 0.03407282517298876 0.7867430648638154 0.07103082375274819 
[10], 1, 5, 1, 0.001, 0.05, 1, False 1.6133421889126855 33.02273735578583 3.28502458080226 0.019888778454314814 0.4262577998264613 0.04663758952797112 
[30], 1, 1, 10, 0.001, 0.05, 1, False 2.4606612122445193 52.85684541522027 8.733508745175458 0.18895785799494397 3.7131902220278734 1.2622988417606698 
[15], 36, 5, 5, 0.001, 0.05, 1, False 0.7660390200231363 19.294028879889563 1.4550421546384185 0.041148748722100406 1.0962611332708183 0.19745133019617775 
[30], 36, 1, 5, 0.001, 0.05, 1, False 0.8890055471789782 19.761306427689437 1.5430687547566897 0.05080408061425507 0.4975728130048278 0.1794186277058457 
[15], 1, 15, 10, 0.001, 0.05, 1, False 1.6286172936808458 34.09189906953487 3.5573634299696866 0.09571552309917059 2.029498569352056 0.43505666760846834 
[10], 36, 15, 10, 0.001, 0.05, 1, False 0.7400257059131506 17.904936218161883 1.192201130230251 0.03475250952611197 0.5313141550448117 0.05276169011099899 
[20], 36, 10, 1, 0.001, 0.05, 1, False 0.9383040076880543 21.015040543543876 1.5978725223373902 0.08993139309420836 2.154598824906836 0.21819928134542793 
[30], 12, 5, 1, 0.001, 0.05, 1, False 1.913994223407159 41.16281151515319 4.610406988815247 0.06521297413704595 1.3196065748756063 0.25421681670951274 
[10], 24, 15, 10, 0.001, 0.05, 1, False 0.7911391792542958 18.86022824594669 1.314243717126306 0.02185722980886954 0.7762311324873011 0.1621407414796109 
[30], 1, 5, 1, 0.001, 0.05, 1, False 1.6027367548741127 32.59310260603488 3.273694571405088 0.015115538995561015 0.1792064247613347 0.021731555757449804 
[30], 1, 10, 5, 0.001, 0.05, 1, False 1.762817749519039 37.22628801766721 4.457922882204277 0.04415393236685809 0.8433243532403909 0.19461806129732745 
[10], 1, 10, 5, 0.001, 0.05, 1, False 1.6776113852720569 36.11817389519421 3.883671873223344 0.021775455803203825 0.3648311071473667 0.09666592217519208 
[5], 1, 10, 5, 0.001, 0.05, 1, False 1.6073906092870016 34.47497535606025 3.607308860972175 0.07827132773021134 2.0027403921762406 0.4728932765739995 
[20], 1, 5, 5, 0.001, 0.05, 1, False 1.7746363753176952 38.62295367098591 4.2295419316782725 0.10456967392319691 2.440637248609456 0.47158768555810415 
[30], 24, 15, 5, 0.001, 0.05, 1, False 0.7564227315838691 17.99560886028556 1.2303360848142544 0.010004080512745771 0.29213940289716317 0.018068068139010098 
[20], 12, 5, 5, 0.001, 0.05, 1, False 1.7626448156105148 38.502429059087284 4.086120579876206 0.14578718677495653 2.9759539273246842 0.5356384709526901 
[5], 36, 1, 10, 0.001, 0.05, 1, False 0.9161157728345305 21.20501139995051 1.5736447283702517 0.07451705875706419 1.5889314464015232 0.28596679772468414 
[20], 24, 5, 5, 0.001, 0.05, 1, False 0.7920442194781369 19.2566845258157 1.386785631419005 0.03274455530016387 0.7268067876404912 0.07221521980567372 
[10], 12, 1, 10, 0.001, 0.05, 1, False 2.1049553830176593 44.0366762620932 5.854331344776512 0.23778872030644121 4.662473030347727 1.0242348549728229 
[15], 36, 20, 5, 0.001, 0.05, 1, False 0.7673234660178424 18.46286806890899 1.2811513954358127 0.02616105395934743 0.46324545338500434 0.09768337801046338 
[5], 24, 1, 10, 0.001, 0.05, 1, False 1.0447938735286397 23.75056600828597 1.9861613058209455 0.06603035906614751 1.3095201262114877 0.28321423674787055 
[20], 36, 1, 10, 0.001, 0.05, 1, False 0.8150317031821167 18.770130746425295 1.2526371352888976 0.08625257434131928 1.6036748261858647 0.17555095656689973 
[15], 1, 20, 1, 0.001, 0.05, 1, False 1.6267274326196428 35.08842969639227 3.4961090238914223 0.013768267626830125 0.25059958782963176 0.0520501353996922 
[30], 12, 10, 5, 0.001, 0.05, 1, False 1.525631735991273 33.32261978695517 3.0948002185656542 0.058498028860229305 1.4012203984955272 0.24151642124627085 
[10], 24, 1, 10, 0.001, 0.05, 1, False 0.9756988285350857 22.3967638020025 1.8144636468673607 0.060761401506561896 0.9855404807994067 0.1614581029816861 
[15], 24, 10, 10, 0.001, 0.05, 1, False 0.8097028967338028 19.70214891852942 1.3845099528717713 0.03190513081127234 0.7706293512828655 0.02424903082130788 
[10], 36, 20, 1, 0.001, 0.05, 1, False 1.1752918488656483 26.105203869492613 2.2360799605669217 0.20821991054003897 3.009066256484353 0.38839437019204925 
[5], 12, 1, 10, 0.001, 0.05, 1, False 2.2921242301231595 46.80520421667017 6.91356983673726 0.2183286658295094 3.690911009289697 1.3222652271103383 
[30], 12, 15, 10, 0.001, 0.05, 1, False 1.0142209532222262 22.820159821064664 1.7039820024710062 0.04988620926606337 1.0413739890559783 0.07036640490396208 
[30], 1, 15, 10, 0.001, 0.05, 1, False 1.7325094006196766 35.78091199653946 4.125394854551394 0.03371178516955189 0.823885061685408 0.15092450178206862 
[15], 24, 20, 5, 0.001, 0.05, 1, False 0.8082421908017111 19.087626841068765 1.298508481411906 0.01662675614293532 0.5922663367455415 0.09583420715175148 
[10], 24, 20, 1, 0.001, 0.05, 1, False 1.0460039535054453 22.84496065188367 1.6793849193062755 0.16611682923040183 3.4208439011914575 0.4859697559686149 
[15], 36, 10, 10, 0.001, 0.05, 1, False 0.7460279362483159 18.50281299372747 1.2925998658113487 0.03347804694752398 0.524119194812862 0.011789000702122928 
[30], 24, 5, 10, 0.001, 0.05, 1, False 0.8135204247440454 19.916195285929067 1.376420544599651 0.016979746286531722 0.41921433265045743 0.04759326211291309 
[15], 12, 20, 5, 0.001, 0.05, 1, False 1.5090547094673472 32.649827860244024 3.299070309729243 0.2730363454569378 5.489673459591644 0.8660752410677066 
[15], 1, 5, 5, 0.001, 0.05, 1, False 1.6379037452378762 35.53998403347371 3.661326403885456 0.022582303437330226 0.6945010108385249 0.11942134724673655 
[10], 36, 5, 5, 0.001, 0.05, 1, False 0.7871324685643669 19.279924314941727 1.316315673985997 0.033990580664117115 0.6007147497605684 0.08066617243573516 
[15], 12, 5, 5, 0.001, 0.05, 1, False 1.6221313563623916 36.040564181943616 3.732027736426986 0.03595251801660756 0.7869828850731956 0.13156948176933003 
[5], 36, 5, 1, 0.001, 0.05, 1, False 1.1012378716668874 23.935293586961837 1.948435959780782 0.08634019437977863 0.6081363591844305 0.13746937690222727 
[20], 36, 5, 1, 0.001, 0.05, 1, False 0.8109042725698266 18.928293798916282 1.2878143556082169 0.045916354073358624 1.0115770405090878 0.048542396638479986 
[20], 24, 20, 5, 0.001, 0.05, 1, False 0.7909211114048956 18.90932630678606 1.3061162758685165 0.020136702882971178 0.5159866593368113 0.05430104796638717 
[10], 12, 5, 1, 0.001, 0.05, 1, False 1.7525792958145894 38.286967693049206 4.170725167367027 0.21806181105409048 4.276628849531644 0.7952221823519996 
[5], 36, 15, 10, 0.001, 0.05, 1, False 0.7967387837323328 19.69334990581368 1.4578579860517147 0.0934011887842152 2.3264206487493144 0.3353541697741199 
[15], 24, 15, 1, 0.001, 0.05, 1, False 1.0088291563300624 22.75348633189033 1.5623273522075845 0.056003494235041855 1.5835837558358594 0.18173862498343563 
[5], 24, 5, 1, 0.001, 0.05, 1, False 1.242358185109441 27.784169879127244 2.393463168666758 0.22282509107857207 4.71397643391636 0.7656156235775501 
[30], 12, 20, 1, 0.001, 0.05, 1, False 1.623921000633251 34.51072913414732 3.6221650124108513 0.08175227489737541 1.682390584741514 0.3098329849720626 
[30], 1, 20, 1, 0.001, 0.05, 1, False 1.617469218456083 34.25484069560168 3.444697213375338 0.004352184016762477 0.2192958951678954 0.02009430669976759 
[20], 1, 10, 10, 0.001, 0.05, 1, False 1.9272847041108268 40.20158602539897 5.08042380251938 0.09970621810262673 1.7410990224827272 0.47215895664758956 
[10], 24, 5, 1, 0.001, 0.05, 1, False 1.0630441425713124 23.57598054136281 1.679625736946077 0.038905663536435396 0.7863964006677909 0.14326666397776933 
[15], 36, 15, 1, 0.001, 0.05, 1, False 0.9570901577809346 22.17598775512511 1.7000002859978744 0.11017935776135449 2.2747417780037855 0.297916594201725 
[30], 24, 10, 1, 0.001, 0.05, 1, False 0.9291637098347701 21.093461994320297 1.5257435610554284 0.07785620324364508 1.3514845844990713 0.1793702482419756 
[20], 24, 10, 10, 0.001, 0.05, 1, False 0.7732298171975548 18.810653737636123 1.2991464588515933 0.022933727595759314 0.5017865781647789 0.0962847059735058 
[5], 12, 5, 1, 0.001, 0.05, 1, False 1.6754568722237042 36.84655249401768 3.7483243505054804 0.03823568573576172 1.6411346735720487 0.15208216253954032 
[30], 36, 5, 10, 0.001, 0.05, 1, False 0.7310874656187717 18.14877442613713 1.2082785378770782 0.026339359685493325 0.6291808551966396 0.10930352650510627 
[5], 1, 5, 5, 0.001, 0.05, 1, False 1.5844484280242963 34.17138106214872 3.4345739657728274 0.04788425852235267 1.6463883598436035 0.26082895365992176 
[10], 1, 5, 5, 0.001, 0.05, 1, False 1.5655408186769046 33.366429099832665 3.383389009465928 0.00634800847146474 0.3068478402273958 0.027148540107208585 
[30], 12, 5, 5, 0.001, 0.05, 1, False 1.7673142392222803 38.37403737653992 4.100176247514866 0.08279023844767719 1.6806355826418684 0.29673996347868775 
[5], 36, 10, 5, 0.001, 0.05, 1, False 0.8969052057506309 21.318730525147377 1.6085666125409783 0.06651313998346862 1.8483108672615105 0.3763346558866418 
[30], 36, 1, 10, 0.001, 0.05, 1, False 0.8441532904213225 18.93090151730449 1.4985205366534524 0.052610909902610546 0.1185083262134775 0.27689723142039235 
[10], 12, 10, 5, 0.001, 0.05, 1, False 1.6828702718364423 37.012635038648426 3.812910543424921 0.05027627272345697 0.86645235254189 0.2014785112689108 
[5], 24, 10, 5, 0.001, 0.05, 1, False 0.8301901783656191 19.67037346918897 1.2044503716975115 0.019639042107564755 0.49480113919350377 0.01975571475383166 
[30], 36, 10, 1, 0.001, 0.05, 1, False 0.9577177836663195 22.0337137647155 1.8617540824868966 0.035199427169881135 0.7538853829403435 0.046890540368987946 
[5], 36, 20, 1, 0.001, 0.05, 1, False 1.166359285665331 26.228695844587037 2.0837794827868934 0.14419185718538216 3.473716600104141 0.5486556340341472 
[10], 1, 15, 10, 0.001, 0.05, 1, False 1.6425663285509307 35.00944130190476 3.578443052974585 0.10841665220481445 2.2010864324898667 0.531133194081991 
[30], 1, 5, 5, 0.001, 0.05, 1, False 1.8789006329796933 40.9939206095057 4.645255429791146 0.03945362873695766 0.7861663540474579 0.15859313304997075 
[5], 12, 10, 5, 0.001, 0.05, 1, False 1.607879604468191 35.714542144520074 3.8596100911215885 0.250375046047545 4.861107480735575 1.0991918683912647 
[20], 1, 15, 1, 0.001, 0.05, 1, False 1.602435348858988 34.13708655645062 3.414934771517641 0.01678622092408759 0.5763739202826531 0.03900625443094439 
[20], 36, 15, 10, 0.001, 0.05, 1, False 0.7089728979048906 17.496797037493796 1.1841172066515182 0.02242718993053242 0.523064262184864 0.06884935334508929 
[20], 24, 15, 1, 0.001, 0.05, 1, False 0.9971809552292582 22.431235144272858 1.5141384630126258 0.08683912931624503 1.4603664968328152 0.16118349327243395 
[10], 12, 15, 10, 0.001, 0.05, 1, False 1.429962371144858 31.548048578325464 2.8849373436296766 0.1348207626559332 2.6894232530568387 0.3827107197728131 
[20], 36, 10, 5, 0.001, 0.05, 1, False 0.6973758104222793 17.20280991749694 1.1258621848108075 0.022243755425960077 0.3858209803598174 0.06654737903786134 
[30], 36, 5, 1, 0.001, 0.05, 1, False 0.941020412463695 21.737341672961282 1.6025770310047258 0.07205150947482628 1.3584737874159056 0.14192743646786993 
[20], 1, 15, 10, 0.001, 0.05, 1, False 1.7098912114139508 35.91579671596519 3.9762969396348367 0.05167411751659828 1.0627222340669633 0.2593168705796468 
[5], 24, 15, 10, 0.001, 0.05, 1, False 0.7540447448207824 17.848194054071328 1.0939999255675892 0.01168492625509891 0.48350696312019686 0.07616480470571026 
[5], 12, 15, 5, 0.001, 0.05, 1, False 1.52757049045629 33.37222576034301 3.294396704734074 0.10733598694593288 2.4264538354408907 0.510457816977415 
[5], 1, 15, 10, 0.001, 0.05, 1, False 1.5620416034909865 33.65831446305601 3.255969518208564 0.06707356875873174 0.8600362451653748 0.31953667912860095 
[30], 36, 15, 5, 0.001, 0.05, 1, False 0.7435143358660516 17.925308163855362 1.1938045680966065 0.03780210522719777 0.9964761017754181 0.08943078903988122 
[10], 1, 20, 1, 0.001, 0.05, 1, False 1.6591375917748172 36.02192374930927 3.637241261538568 0.025664806529106046 0.7554329827721552 0.09400533173788779 
[20], 36, 20, 1, 0.001, 0.05, 1, False 0.9781813059278108 21.95756256699192 1.7084981918756366 0.11370363607861496 2.443802661208618 0.2877439084726881 
[15], 1, 10, 10, 0.001, 0.05, 1, False 1.7597927773578304 36.95743187226171 4.3100239743509325 0.03161005507778194 0.9709669439489861 0.15231285117343454 
[30], 24, 1, 10, 0.001, 0.05, 1, False 0.9434914068560358 22.56108451287827 1.9095623200304959 0.00621555181587902 0.10261869300518436 0.037386708253455025 
[10], 36, 10, 10, 0.001, 0.05, 1, False 0.7525054794701714 18.571918395880125 1.2831018638464062 0.10352977732165064 2.4450638927141513 0.27618166343584044 
[10], 12, 20, 1, 0.001, 0.05, 1, False 1.741269566298083 38.28264016960581 4.268527276673997 0.08130772448320174 1.4605529618025168 0.3794116433207585 
[15], 1, 20, 5, 0.001, 0.05, 1, False 1.5223285011809182 33.02277423940728 3.1901825506461035 0.07612242772999187 1.3262363858566306 0.25484334251924873 
[10], 36, 20, 5, 0.001, 0.05, 1, False 0.7975894945156244 19.121439154049913 1.437169873709206 0.09342730068980502 1.9595257692697572 0.22523066443280623 
[10], 24, 20, 5, 0.001, 0.05, 1, False 0.8777759795456572 20.67148646502891 1.4662209862648385 0.01758610978039159 0.4663257178096307 0.039964849545162974 
[20], 12, 15, 10, 0.001, 0.05, 1, False 1.1109525871704575 24.922921480714788 2.059521364958559 0.17604547819214575 3.2835206905947953 0.44484698155650104 
[15], 12, 10, 10, 0.001, 0.05, 1, False 1.6691873436897169 36.82434139272018 3.716857701291961 0.12491417536397738 2.5198384889752714 0.4979188270696781 
[10], 24, 10, 10, 0.001, 0.05, 1, False 0.7757852046095112 18.97740761749687 1.3228931204028027 0.04777886159110489 1.2200671856680076 0.1643772416649294 
[20], 36, 5, 5, 0.001, 0.05, 1, False 0.8115130859599621 19.85727215700518 1.3313605124383023 0.056621936319902595 1.1677234312420766 0.10527774732267133 
[30], 36, 10, 5, 0.001, 0.05, 1, False 0.7004920995552782 17.070911317483368 1.1141143391816095 0.03402566532097032 0.7061669542707669 0.07359501959961887 
[20], 1, 20, 1, 0.001, 0.05, 1, False 1.610586638196751 34.16025257873611 3.4240736118146855 0.0140066200300012 0.7206415640263015 0.06010047007218144 
[15], 1, 15, 1, 0.001, 0.05, 1, False 1.6143101497794747 34.77932645648978 3.4716771444045964 0.016411866923859743 0.7684955843439669 0.0959903992712968 
[30], 24, 5, 1, 0.001, 0.05, 1, False 0.8982107017637682 20.97732819004793 1.52243184566115 0.11209160215017619 2.114773419255456 0.2546001747550847 
[5], 24, 20, 1, 0.001, 0.05, 1, False 1.2147996256058968 26.700525256845058 2.1024375955910752 0.11990888497727033 1.2929630406686874 0.3094072328019377 
[5], 1, 20, 1, 0.001, 0.05, 1, False 1.6513685971084566 34.90373740474091 3.620467203160576 0.03034140186403354 2.574175480140111 0.1162439581598717 
[10], 36, 15, 1, 0.001, 0.05, 1, False 1.0175171066282527 23.115776718380946 1.6960030671922903 0.05870853130005046 1.027822805057485 0.1779363490283737 
[30], 12, 20, 5, 0.001, 0.05, 1, False 1.1583445938752484 25.93931090385894 2.1699601547753162 0.13125950755626115 2.657828785797506 0.3484769051617824 
[30], 1, 20, 5, 0.001, 0.05, 1, False 1.511761040502676 32.44278192469881 3.0958332025253195 0.07507206357180997 1.6568347240572108 0.31583733728130725 
[30], 1, 10, 10, 0.001, 0.05, 1, False 1.958834239550763 41.07531978116757 5.318763311791204 0.0383181570901888 0.6621334767163093 0.21880320884801213 
[5], 36, 5, 5, 0.001, 0.05, 1, False 0.8049846014559822 19.338584468295412 1.3074534494228238 0.07304590556729294 1.6755610158836658 0.12163757152390856 
[10], 12, 5, 5, 0.001, 0.05, 1, False 1.6672848260857995 37.21627051878185 3.921669704992197 0.1462360650009671 2.904409712823854 0.6747770266235811 
[30], 24, 10, 5, 0.001, 0.05, 1, False 0.7829349252015905 18.798898610827475 1.2664204880969414 0.012603305811574535 0.3858152322746809 0.03472830666047199 
[15], 12, 15, 1, 0.001, 0.05, 1, False 1.5661933816141556 33.99506806694674 3.4899093857801993 0.08086817866496221 1.626037791440389 0.3115469720023259 
[5], 24, 5, 5, 0.001, 0.05, 1, False 0.7940384958318815 18.81926492576403 1.1967491469461857 0.07164096890137968 1.1393321610638836 0.09744987308861602 
[10], 24, 15, 1, 0.001, 0.05, 1, False 1.121771783850811 25.279096559561804 1.9336986995228151 0.05541789142138672 1.3520578420715794 0.24672765179117762 
[20], 24, 20, 10, 0.001, 0.05, 1, False 0.7589502810673029 18.626356673484267 1.2702168522391537 0.01035453215215243 0.1311661014116673 0.06086143452686367 
[10], 24, 5, 5, 0.001, 0.05, 1, False 0.8294543623579321 19.19029060584923 1.2605853640645404 0.05672553230598259 1.5704908713229926 0.1582918534631914 
[30], 36, 5, 5, 0.001, 0.05, 1, False 0.8035149644232459 19.433910235615162 1.317363503192644 0.03489163595790134 0.8780605925503444 0.12232053100273445 
[20], 12, 20, 1, 0.001, 0.05, 1, False 1.7378105843784635 36.77424429743039 4.2633534601799035 0.048714301647940036 0.9316860761317743 0.24775956052845394 
[5], 12, 5, 5, 0.001, 0.05, 1, False 1.730217508695744 38.23015134859446 4.157949906966119 0.10696365715547428 1.979816898883131 0.4230397335782172 
[30], 12, 10, 10, 0.001, 0.05, 1, False 1.6687077145644087 36.30155080602836 3.5735782137425676 0.0012191779577851625 0.16868886495057117 0.006286524781605691 
[30], 1, 15, 1, 0.001, 0.05, 1, False 1.571816413973769 33.46505946867786 3.3375412702157 0.035133864210271516 0.7034333201547047 0.0735212578384783 
[20], 12, 5, 10, 0.001, 0.05, 1, False 1.6993152055268486 37.18589073912829 3.8854858255771685 0.05910089431587996 1.1151198243092333 0.2367468734551362 
[15], 36, 20, 10, 0.001, 0.05, 1, False 0.7272707659337256 17.92629303866421 1.26293979480767 0.05711721647492156 1.1392602890308323 0.09870916674919701 
[30], 12, 15, 1, 0.001, 0.05, 1, False 1.468446750490478 30.96173001052098 3.191221946910129 0.11191826514152764 2.416379316929445 0.4126199125215665 
[15], 12, 20, 10, 0.001, 0.05, 1, False 1.1771505961470583 26.101851528195372 2.4085120182963418 0.30393213741547376 5.7803642990942885 0.8580176193424685 
[10], 1, 10, 10, 0.001, 0.05, 1, False 1.724695958107434 36.39047231064103 4.097718442253051 0.07367252096386241 1.6963817671574586 0.514924684360307 
[15], 24, 20, 10, 0.001, 0.05, 1, False 0.7907625771162138 19.16797952939707 1.3398412877463268 0.037306529851968286 0.861386850455635 0.14702172430923485 
[5], 36, 20, 5, 0.001, 0.05, 1, False 0.7854133741516206 19.107616740600708 1.343574731751673 0.027128938976995573 0.43033108972874706 0.09653310063200247 
[20], 12, 10, 1, 0.001, 0.05, 1, False 1.7867355790196198 38.19992121831388 4.288198472279739 0.050434060618218486 0.5415326647944698 0.1776648825801932 
[5], 1, 10, 10, 0.001, 0.05, 1, False 1.7064982320009559 36.25886579634763 3.8473938466228472 0.10009776429132361 2.0598797830067186 0.4803317280033123 
[30], 24, 15, 10, 0.001, 0.05, 1, False 0.7694111651775463 18.83916352965144 1.30186548601801 0.006646515212115065 0.08891027683443806 0.010635828433877524 
[10], 1, 20, 5, 0.001, 0.05, 1, False 1.4856048249260148 32.33554297051508 3.0966635493675962 0.0690212269408899 0.8077701210062275 0.18574194658125417 
[10], 1, 15, 1, 0.001, 0.05, 1, False 1.639184113343557 35.850533954591285 3.5868828248595723 0.010917655789884437 0.5444323603322109 0.07239517119797068 
[20], 36, 20, 5, 0.001, 0.05, 1, False 0.7096489721426257 17.331395664029188 1.1619696363016663 0.017532192782957094 0.46614895385642763 0.023431115896031557 
[5], 1, 15, 1, 0.001, 0.05, 1, False 1.6359680020560825 35.965774307532094 3.5774772203721406 0.022131325537470686 0.8876984873978886 0.11732096672305149 
[10], 12, 20, 5, 0.001, 0.05, 1, False 1.6592593836149685 35.82102279176157 3.932626319025085 0.16034676239027373 3.8287072004035374 0.6780743818018362 
[30], 24, 20, 1, 0.001, 0.05, 1, False 0.8704854734103988 19.70496371631356 1.2822185710736482 0.04823529868032418 0.8749169810050572 0.08806238121072453 
[30], 24, 5, 5, 0.001, 0.05, 1, False 0.8057295160161125 19.53586244567096 1.3313640539021072 0.029085867414840285 0.897986858258047 0.11923623611719329 
[30], 36, 10, 10, 0.001, 0.05, 1, False 0.6729814450566968 16.47802434839929 1.0469974439926846 0.03748149816693841 0.7208536418320953 0.09055450345447631 
[5], 24, 20, 5, 0.001, 0.05, 1, False 0.9568004665965284 22.161965250090727 1.5429649981465798 0.10095225732764589 2.0726850093080924 0.16314916228806606 
[20], 36, 10, 10, 0.001, 0.05, 1, False 0.6958173074035182 17.317772188688426 1.2111941558400032 0.0307339582623701 0.7493194498691681 0.08807680678519307 
[5], 36, 10, 10, 0.001, 0.05, 1, False 0.8069882580389579 19.410901084314897 1.345404362061241 0.07705087073835634 1.8657841044736683 0.19200259787679194 
[10], 12, 10, 10, 0.001, 0.05, 1, False 1.653099603633638 36.38777338859763 3.702984114122837 0.04008095561072799 0.6759852124964296 0.09218302814288357 
[30], 1, 20, 10, 0.001, 0.05, 1, False 1.7033485153552006 35.87454660575452 3.9840873721176675 0.06171522143462925 1.386928189299219 0.31337168509486846 
[15], 1, 20, 10, 0.001, 0.05, 1, False 1.5838244648098396 34.268861786996915 3.3418307322689658 0.029503661294417644 0.45711979178891826 0.14039379699006935 
[5], 1, 20, 5, 0.001, 0.05, 1, False 1.5424509779239697 33.02410854599544 3.2025964972617476 0.0296158217470082 0.6295901305791352 0.08463438692421878 
[5], 24, 10, 10, 0.001, 0.05, 1, False 0.8236520034088581 19.258844337726757 1.2262443297057397 0.03782088847455166 0.9522527337550837 0.06925933897240284 
[30], 36, 15, 1, 0.001, 0.05, 1, False 0.8899290587339137 20.24923268173028 1.418555612689758 0.052662618512954305 0.8945880009968795 0.12950001317305887 
[20], 1, 20, 5, 0.001, 0.05, 1, False 1.432305702029003 31.290448968075154 2.8354408631049517 0.04958199517601867 1.0713190460268045 0.18884540823869278 
[10], 36, 20, 10, 0.001, 0.05, 1, False 0.7309020432540113 17.965767749910892 1.2526997367411377 0.012498951312378617 0.44848453762712953 0.04369670862962482 
[10], 24, 20, 10, 0.001, 0.05, 1, False 0.8089654896822243 19.341930551983523 1.3789376324516065 0.022276959582886644 0.7155252607999755 0.12768108173316578 
[20], 36, 15, 1, 0.001, 0.05, 1, False 0.9771175780161113 22.067041420795345 1.7701064711777919 0.06828954210145495 1.4858456760356262 0.21886560841987035 
[30], 12, 20, 10, 0.001, 0.05, 1, False 1.0083859415172982 23.22809635466757 1.8224800607615448 0.10137281983107967 2.0148065189396265 0.26892190321865755 
[5], 12, 10, 10, 0.001, 0.05, 1, False 1.5794676284064302 35.1163920271266 3.621816448518683 0.04920200834540276 0.7985959247018646 0.3162628860246153 
[5], 36, 15, 1, 0.001, 0.05, 1, False 1.3251596511376127 29.331313392529974 2.712108879284253 0.11599818538298845 3.0125670689624005 0.5882655207452271 
[10], 12, 15, 1, 0.001, 0.05, 1, False 1.6194713498155278 35.424203678562584 3.809180026905581 0.03853070364544906 0.7502321582931012 0.21617776625248808 
[20], 12, 20, 5, 0.001, 0.05, 1, False 1.2490691330042427 27.369352901884877 2.526446143028244 0.11595509633356821 2.6107511886406 0.2985213768657123 
[5], 24, 15, 1, 0.001, 0.05, 1, False 1.1821612966419373 26.196923866826225 2.0575034668152345 0.08351352808177694 1.8936321766595556 0.26955842909384603 
[20], 12, 10, 5, 0.001, 0.05, 1, False 1.6613961747019657 36.18047381430432 3.618096082993412 0.12633050276397206 2.79978280287682 0.3491868865722372 
[5], 12, 15, 10, 0.001, 0.05, 1, False 1.5659202145481554 32.13141210691216 3.807634081997428 0.3385237332323412 6.607755971558249 1.4283503762653136 
[30], 36, 15, 10, 0.001, 0.05, 1, False 0.6873811704486057 16.83022918557158 1.0674251346566728 0.01920675992637968 0.5690194592288774 0.053055327371307685 
[5], 12, 15, 1, 0.001, 0.05, 1, False 1.6421749372104253 36.45146440873574 3.731864108889566 0.250847632943678 5.12155716415394 0.9060676167410399 
[5], 12, 20, 1, 0.001, 0.05, 1, False 1.7769016781821847 38.489493415342444 4.355842286359663 0.07583354709970178 1.067933130476324 0.2959974073918899 
[30], 24, 10, 10, 0.001, 0.05, 1, False 0.7767584208950952 18.96706123904222 1.3429301129806934 0.02979313330463562 0.49724400953869 0.07783725781016972 
[30], 24, 20, 5, 0.001, 0.05, 1, False 0.7598957432089027 18.30790119775916 1.2654254244557752 0.023377774334944593 0.5216180311345489 0.0292131061948065 
[30], 36, 20, 1, 0.001, 0.05, 1, False 0.9323664537182563 21.678975351781713 1.6937131710208897 0.08492460402070652 1.4989667503821158 0.16297268853056412 
[30], 24, 15, 1, 0.001, 0.05, 1, False 0.9119707593418381 20.65269217880387 1.481740753127698 0.05846241990757307 1.123390538294507 0.21848372681048528 
[5], 24, 20, 10, 0.001, 0.05, 1, False 0.8147336215539664 19.51968173408306 1.3122058184340188 0.052119297675609015 1.058041005024778 0.08859653607933778 
[5], 36, 20, 10, 0.001, 0.05, 1, False 0.8435119355718294 20.627574182467274 1.6294478758246982 0.037138564529269606 0.8298232547657725 0.11107086806688009 
[10], 1, 20, 10, 0.001, 0.05, 1, False 1.5076263472851783 33.312442666444575 3.1488070592588575 0.10335012663992672 1.6904524357280564 0.36986728212154923 
[10], 12, 20, 10, 0.001, 0.05, 1, False 1.419897105737969 31.497612477435638 2.9597677461644025 0.2417220129399676 4.887124570255077 0.833306508325962 
[20], 36, 20, 10, 0.001, 0.05, 1, False 0.7013768172098532 17.403136334485737 1.1472046052015399 0.04187519466143476 0.8759151055224338 0.06899802808068477 
[5], 12, 20, 5, 0.001, 0.05, 1, False 1.5691764803879245 34.5778602426823 3.748597812130344 0.167699716250198 3.3357719785999542 0.6125148765912183 
[30], 36, 20, 5, 0.001, 0.05, 1, False 0.7501875719055534 18.04267335261108 1.1710492441888507 0.013682005094077031 0.2333520126903836 0.033620319469622593 
[20], 12, 10, 10, 0.001, 0.05, 1, False 1.6392184392928524 35.757182188397586 3.570235188001647 0.0375329631974514 0.6383691560221314 0.08704720629176357 
[5], 1, 20, 10, 0.001, 0.05, 1, False 1.5549577945567394 33.90374961484254 3.336675070439389 0.021033168821149095 0.6974574391596775 0.05757177238260071 
[20], 1, 20, 10, 0.001, 0.05, 1, False 1.6290019248508747 35.02707116040358 3.612417876317984 0.1055858080419617 2.1430687856393456 0.4943720464581262 
[20], 12, 15, 1, 0.001, 0.05, 1, False 1.6023180425994925 34.336504077656315 3.632478877887731 0.09331913423911607 1.8697440768696167 0.36748090280179807 
[30], 24, 20, 10, 0.001, 0.05, 1, False 0.7427969517048311 18.238205594079762 1.255059529360124 0.012618131125789215 0.36780998118104546 0.03957435034452626 
[20], 12, 20, 10, 0.001, 0.05, 1, False 1.2382868064636436 27.217751516004423 2.2949189149850664 0.07729934139502036 1.620157155149694 0.18634546451925396 
[5], 12, 20, 10, 0.001, 0.05, 1, False 1.6689920458459746 36.184544957260606 3.924284339699314 0.09352959585341546 1.8744768451867242 0.29577482872090427 
[30], 36, 20, 10, 0.001, 0.05, 1, False 0.719459542742482 17.4260042752706 1.1477299509952574 0.01183168657536942 0.3000678639820598 0.03416402309346113 
