layers lag time_steps epochs l2 learning_rate mean_mae                         mean_mape mean_mse std mae std_mape std_mse 
[5], 24, 1, 1, 0.001, 0.05, 1, False 2.6360707095729325 43.80296598313199 12.948172240106986 0.38593615541866516 5.311974714179849 4.475091469203461 
[10], 12, 1, 1, 0.001, 0.05, 1, False 4.745064819719711 178.27696714129195 34.35392416774216 0.24635290206573396 15.894588487893426 4.619425540812743 
[15], 24, 1, 1, 0.001, 0.05, 1, False 2.2915807350284285 43.852462315025 9.985470156014843 0.33999606853989756 8.821970034622472 3.9499531298024793 
[15], 36, 1, 1, 0.001, 0.05, 1, False 2.4326898529517664 50.43266820166631 10.853644617078176 0.2497169960395899 3.182865280974897 2.601596959886258 
[15], 1, 1, 1, 0.001, 0.05, 1, False 5.250497133727186 123.50891499464957 40.72871076490073 0.0724136263753649 0.9785432706429275 1.0548844368576413 
[20], 1, 1, 1, 0.001, 0.05, 1, False 5.204141348688346 116.97672682389954 40.44304798369626 0.1035568332611806 4.951231871025126 1.405467411539216 
[15], 12, 1, 1, 0.001, 0.05, 1, False 4.483033978222456 155.8610979852983 31.28663064027475 0.6734745697383449 19.16481748146081 8.363240041965902 
[10], 36, 1, 1, 0.001, 0.05, 1, False 2.337030302997489 42.864013320450056 10.076570139573441 0.29708736352886 7.375150613854078 2.191722453598136 
[10], 1, 1, 1, 0.001, 0.05, 1, False 5.512437909948898 103.3229633634715 46.76582636064665 0.37987696487083833 12.728213173015588 7.13452787370725 
[10], 24, 1, 1, 0.001, 0.05, 1, False 2.3218401910935493 51.555886208626056 9.506904032898989 0.07903185367374671 7.910844268656434 1.232740499261836 
[5], 36, 1, 1, 0.001, 0.05, 1, False 2.354356299297608 54.3677546348873 9.630539312931736 0.34830437264673425 17.36287492387362 2.914372304565727 
[30], 24, 1, 1, 0.001, 0.05, 1, False 2.1161395506872966 49.252081541487705 7.521634311679133 0.12706727343724217 2.6000762330996126 0.7356071798500251 
[30], 36, 1, 1, 0.001, 0.05, 1, False 2.374558515418148 49.35232485571449 10.114547724028847 0.25212960665105744 2.764336368917045 2.0399949435087406 
[20], 24, 1, 1, 0.001, 0.05, 1, False 2.2352844768656523 46.711487076968695 9.264332528732192 0.12667275726223054 3.6032880607394233 1.8490122394252182 
[30], 1, 1, 1, 0.001, 0.05, 1, False 5.1677855608984835 118.10290426717334 39.87895361982331 0.12078962951214235 4.282942296302164 1.833353230702032 
[30], 12, 1, 1, 0.001, 0.05, 1, False 3.7415754616974106 115.17052543090142 23.03292371233316 0.45935313013771956 10.19879360185806 4.7517483862414345 
[20], 12, 1, 1, 0.001, 0.05, 1, False 4.19273014504428 136.67518014737269 27.519131536735298 0.34528759647151785 18.621836856259048 3.5415216474395352 
[20], 36, 1, 1, 0.001, 0.05, 1, False 2.190061579104858 51.89304995871208 8.720991997991597 0.20845576037031788 8.087995149801968 2.508255327175744 
[5], 12, 1, 1, 0.001, 0.05, 1, False 5.873158397464107 167.2724078583999 50.26977603893962 0.658178237192325 18.860878273127632 10.182082682560397 
[5], 1, 1, 1, 0.001, 0.05, 1, False 6.656191582114357 138.4722093422992 64.87269478853335 1.8812496939023389 44.952959200262086 28.301349952119097 
[10], 24, 1, 5, 0.001, 0.05, 1, False 1.998824180470331 52.31670737993352 6.414705527986178 0.11304743751824743 3.151348777900963 0.8503192040834429 
[5], 24, 1, 5, 0.001, 0.05, 1, False 2.4126554555466604 65.13958829694552 10.319353442245578 0.13050465266650726 6.619723614005399 2.41486407610689 
[10], 24, 15, 5, 0.001, 0.05, 1, False 2.2465230610756275 61.2062458418691 7.518338839697077 0.11507652935987987 4.229965344109495 0.58993399019403 
[10], 12, 1, 5, 0.001, 0.05, 1, False 3.624937163403741 121.5953133382698 21.4585127388056 0.5709552065066136 5.3586952468658735 7.402901675618801 
[30], 12, 15, 5, 0.001, 0.05, 1, False 2.10109801276035 55.18937889065001 6.6697280625355395 0.019151377475016787 0.8471622774237325 0.19843102977074942 
[30], 24, 1, 5, 0.001, 0.05, 1, False 2.465635629131079 64.03383603401521 9.648087614789437 0.07981748773512275 2.8499079509057417 0.6513525664110412 
[30], 36, 15, 5, 0.001, 0.05, 1, False 1.935774368925572 49.28644922222176 6.129968681003259 0.010691145274669453 2.04502466970163 0.06902003421488405 
[5], 12, 15, 5, 0.001, 0.05, 1, False 2.8586225545602963 108.87084878701033 11.815700904064519 0.29308872134384534 16.30653991450874 2.826497333330852 
[30], 36, 1, 5, 0.001, 0.05, 1, False 2.0998363174489456 46.655750460256606 7.69087573314485 0.09142961432542959 1.7105748296357666 0.7818367991647912 
[30], 24, 15, 5, 0.001, 0.05, 1, False 2.0752376203554577 53.73421295328762 6.623979034884229 0.07456886767345575 4.0463589135688665 0.35569724003264064 
[5], 24, 15, 5, 0.001, 0.05, 1, False 2.1953707063605115 57.98748253779104 7.582215980812368 0.11869244553990765 5.778661127316907 0.8748165951928741 
[10], 1, 15, 5, 0.001, 0.05, 1, False 3.52665783268986 123.96871982687632 16.933123717142404 0.15589537106270387 4.899892053430378 1.9725430326312285 
[10], 12, 15, 5, 0.001, 0.05, 1, False 2.3210750409884855 72.35845452697355 7.791062996239833 0.06685455402707803 5.262550935061574 0.33670042646141524 
[15], 36, 1, 5, 0.001, 0.05, 1, False 1.870394892578392 48.80025315508343 6.105024095986742 0.21741033082526032 5.216339829162459 1.2977562084724816 
[15], 24, 1, 5, 0.001, 0.05, 1, False 2.4968420948721124 62.79834033413804 10.498571759284657 0.2599181775184539 3.7162637275548405 2.514805684830168 
[15], 1, 1, 5, 0.001, 0.05, 1, False 4.353482662707015 160.45233843251015 29.805171453195864 0.2136256313947702 8.666395300111429 2.6979996780538062 
[15], 24, 15, 5, 0.001, 0.05, 1, False 2.110164799694731 52.42164949111082 6.992852986546729 0.1143631799106664 3.050365254227829 0.886842945948097 
[20], 1, 1, 5, 0.001, 0.05, 1, False 4.715646957670753 147.78708356147797 34.16083807831456 0.2912429359356788 20.499198250859923 3.46251384819228 
[10], 36, 1, 5, 0.001, 0.05, 1, False 1.9414701887440895 46.48366291513042 6.16791282112261 0.11026369565337357 4.68240171720916 0.6157388764432229 
[15], 1, 15, 5, 0.001, 0.05, 1, False 3.187877495304026 113.52028097338984 14.028308526875847 0.0836832263585829 7.336306206118358 0.7058550073239767 
[15], 12, 1, 5, 0.001, 0.05, 1, False 3.69627285293989 117.8342731032575 22.59740782460402 0.26044028653387835 3.7399884653200166 3.156254763881163 
[15], 36, 15, 5, 0.001, 0.05, 1, False 2.059170145400006 53.41747239310192 6.839718745905205 0.04198214315375082 2.036052242339318 0.1723780967587903 
[10], 24, 5, 10, 0.001, 0.05, 1, False 2.30259498756948 63.856676100402176 7.765574313206539 0.05357571552281265 1.6459864796900723 0.38132491941884306 
[10], 1, 1, 5, 0.001, 0.05, 1, False 4.908698694781331 128.68197951908624 36.736852821670304 0.3341104292138487 18.491097960706863 4.348519409242819 
[20], 1, 15, 5, 0.001, 0.05, 1, False 3.049219057652065 105.52544100328613 12.838178807535598 0.06351897916611632 3.591226150473006 0.3623887458145003 
[30], 1, 1, 5, 0.001, 0.05, 1, False 4.052612340248501 156.64204898430813 24.358155907713098 0.07582800699213095 1.1389501384145144 1.964030575897495 
[20], 24, 1, 5, 0.001, 0.05, 1, False 2.4060457913963886 60.819196804652556 9.385340076717787 0.13172552846822652 0.4423165596847605 1.155240060899875 
[30], 12, 1, 5, 0.001, 0.05, 1, False 4.2723375432329105 134.7360882338819 29.32910833780591 0.16709562102593828 3.080535112449052 2.4612947841805095 
[5], 36, 1, 5, 0.001, 0.05, 1, False 2.6066240069012294 58.02863596193681 10.914654664637695 0.24388610581147924 7.625151857140079 2.5605058057797523 
[15], 12, 15, 5, 0.001, 0.05, 1, False 2.172400179094876 58.19097133703615 7.1516397100514935 0.02814804834258361 3.1712638099633206 0.042169231221249825 
[20], 12, 1, 5, 0.001, 0.05, 1, False 3.2271378934573107 114.23174699360113 16.482679036959038 0.22207142172458305 7.727832550013841 2.3109198367752204 
[10], 36, 15, 5, 0.001, 0.05, 1, False 2.0411291254589465 54.94452977085087 6.180547341792586 0.08005260524609688 2.88780990132501 0.3472178135880059 
[20], 36, 1, 5, 0.001, 0.05, 1, False 2.2463279129859672 52.317289350407556 9.041069867592581 0.3142729804938424 7.781834923921201 2.7954560397271586 
[5], 1, 1, 5, 0.001, 0.05, 1, False 5.289890893137393 103.61921147043883 43.039842479269815 0.2664797573364535 7.3019535655668495 4.793186503987798 
[5], 12, 1, 5, 0.001, 0.05, 1, False 3.64875117134803 115.852097684157 20.432005733139956 0.1517117228870284 16.000246842808902 2.150106529323386 
[20], 24, 15, 5, 0.001, 0.05, 1, False 2.1336936240248314 56.29101082100545 6.846442875007223 0.04649584886481187 3.7183281810592206 0.15763040688423133 
[20], 12, 15, 5, 0.001, 0.05, 1, False 2.0989197908055583 53.26401894708539 6.923295309295217 0.005956271943389229 2.7891712541099762 0.2884949024206312 
[30], 1, 15, 5, 0.001, 0.05, 1, False 2.786041701326354 96.31158021175156 11.092850037853461 0.1433358168589577 7.516250746153804 0.8748121569935238 
[20], 36, 15, 5, 0.001, 0.05, 1, False 1.9930449094778544 51.61741322569761 6.245211763805332 0.09107466513486201 3.5222800191662125 0.5106240741901954 
[10], 24, 10, 1, 0.001, 0.05, 1, False 2.354746132597534 57.82315777793758 8.270078091199224 0.06517526212561865 12.335936669169184 0.1785724119123102 
[5], 36, 15, 5, 0.001, 0.05, 1, False 2.1086342429569744 57.11323291923514 7.52533694038845 0.16100018695184434 5.2252116335148875 0.9134543573110336 
[30], 36, 5, 10, 0.001, 0.05, 1, False 1.9462734247299114 49.26956434486298 6.143781651603967 0.03975287221840556 1.3724780200376923 0.2482654668294538 
[30], 24, 5, 10, 0.001, 0.05, 1, False 2.0532121048265792 54.95293532375021 6.243327658048248 0.08714543870962638 1.7214907029463349 0.4150674511816871 
[5], 12, 5, 10, 0.001, 0.05, 1, False 2.887812049980102 120.71404543621513 12.731896433792778 0.27387179918849813 11.679070244604693 2.657811021254996 
[5], 1, 15, 5, 0.001, 0.05, 1, False 3.6426911409823575 136.136917632305 17.941341030659476 0.23395814774273688 8.559239302141894 2.1546589175893387 
[5], 24, 5, 10, 0.001, 0.05, 1, False 2.1307203938820205 56.11563822786028 7.0042448355556575 0.048765489285054184 5.636826655856415 0.3548584991719616 
[10], 12, 5, 10, 0.001, 0.05, 1, False 3.1385084991619263 121.36860203825613 15.385500880883894 0.23828713418617925 18.383062956949665 2.1013709529840647 
[10], 1, 5, 10, 0.001, 0.05, 1, False 3.358823398445491 128.66848302599558 16.180281903076605 0.3108323728184719 6.08957629781394 3.1211841677467573 
[15], 12, 5, 10, 0.001, 0.05, 1, False 2.8212479599924 108.46044526278638 11.72707364756249 0.09429281100162343 4.120294540330196 1.1859847544336326 
[10], 36, 5, 10, 0.001, 0.05, 1, False 1.9596344866100006 51.2531438634142 6.11439733436335 0.08042451800324486 4.925633027334715 0.5212342118380591 
[20], 1, 5, 10, 0.001, 0.05, 1, False 3.26664921454999 127.71848672470232 15.615772424770455 0.1939070688767807 1.5502777548982734 2.539809938736553 
[15], 24, 5, 10, 0.001, 0.05, 1, False 2.2292473896277243 63.82333839322442 7.249043058740111 0.0827528998773034 1.933276863402738 0.4371982534528286 
[30], 36, 10, 1, 0.001, 0.05, 1, False 1.923881010420586 46.88571598074568 6.345547662326534 0.04187764140446051 3.5018979428746064 0.23661420690799959 
[5], 12, 10, 1, 0.001, 0.05, 1, False 3.447500897595589 146.34216751317413 16.345706810603733 0.318157967385952 5.261415445590985 2.220077426410744 
[30], 24, 10, 1, 0.001, 0.05, 1, False 2.1862687317947676 58.63826597581728 7.300381173615829 0.09544850347143079 4.408717070599124 0.4726798701480945 
[5], 24, 10, 1, 0.001, 0.05, 1, False 2.3166498020291324 69.63593579745272 7.608577751199501 0.10544518999523687 16.13476641097585 0.18803872527321197 
[15], 36, 5, 10, 0.001, 0.05, 1, False 1.9643055473169724 49.550128637130946 6.141660856278915 0.051811784202065204 3.894748525440838 0.26242391098378365 
[15], 1, 5, 10, 0.001, 0.05, 1, False 3.185889362562793 123.30654424820993 15.49492598282331 0.13619987554133076 1.5468568755208938 1.9304876976367729 
[10], 12, 10, 1, 0.001, 0.05, 1, False 2.6837839726686337 96.93928587794822 10.623995248787752 0.023236275468731988 2.2998277655211616 0.38978411003627267 
[10], 1, 10, 1, 0.001, 0.05, 1, False 4.255220889589854 159.73060612450047 24.83788092394951 0.07824867543091615 7.779943518818404 0.7703946726199937 
[10], 36, 10, 1, 0.001, 0.05, 1, False 2.12582393488588 58.91406204068266 7.022095088041472 0.2181439790852774 6.076441433589736 0.9975505190501134 
[15], 12, 10, 1, 0.001, 0.05, 1, False 2.229688242355499 67.1864764751668 7.860541267521854 0.18945320367504329 7.142791524573409 1.5316423635205134 
[20], 1, 10, 1, 0.001, 0.05, 1, False 4.270996426818548 148.2917980249482 25.50970056964398 0.011864907477462517 2.705135039488285 0.15958677980906055 
[20], 12, 5, 10, 0.001, 0.05, 1, False 2.8358387444366664 109.31774337233189 12.165148475262976 0.14004350514923192 5.7168891576175 1.3470802924988448 
[10], 24, 1, 10, 0.001, 0.05, 1, False 2.104499134091936 56.66607297456941 6.770420925597258 0.1889761813604354 6.319430945973849 1.1057834071832564 
[20], 36, 5, 10, 0.001, 0.05, 1, False 1.9175742874387651 42.965215605746806 5.988062447274674 0.11118021210420762 5.532560670089766 0.5943771470476716 
[15], 24, 10, 1, 0.001, 0.05, 1, False 2.128020878120636 55.236495587450065 6.96895221837453 0.2145546178772483 7.8700064545541 1.067187156639709 
[30], 1, 5, 10, 0.001, 0.05, 1, False 3.2024375155525013 121.28236018419652 15.791554936815082 0.03524351372955862 2.896301159999303 0.3078411833040077 
[5], 24, 1, 10, 0.001, 0.05, 1, False 2.376788086708014 55.38595221253758 10.476000794409472 0.08737342411705445 15.231166210331105 0.4896105284522024 
[15], 36, 10, 1, 0.001, 0.05, 1, False 1.982327517350549 44.61948781010306 6.455313330013207 0.07509662539534788 5.648191735650954 0.4783927559095542 
[30], 12, 5, 10, 0.001, 0.05, 1, False 2.6030511963715846 94.06367520637677 10.155558377856574 0.08103331529644359 4.034450705352603 0.6515553329729065 
[15], 1, 10, 1, 0.001, 0.05, 1, False 4.163938672126581 151.08677334740983 24.113865355638893 0.060332383109398924 1.2230521932449332 0.7691390442260979 
[20], 24, 5, 10, 0.001, 0.05, 1, False 2.1955747464714848 59.31351213269761 7.1949577778401945 0.054752419005555567 3.9376518072070508 0.06804832834591365 
[30], 24, 1, 10, 0.001, 0.05, 1, False 2.2937333386788072 59.55284180171946 8.603757823651064 0.1712472844418869 3.217267724580619 1.4788473660992527 
[10], 24, 5, 1, 0.001, 0.05, 1, False 2.0156196289713044 47.88342666664368 6.415892232995426 0.12599851728254466 2.8395568641263655 0.3196730428036777 
[30], 36, 1, 10, 0.001, 0.05, 1, False 2.139997313122903 54.46919889822349 7.594724951212217 0.20653633991843923 2.447375611820787 1.3152033856309717 
[5], 36, 5, 10, 0.001, 0.05, 1, False 2.0801320919654915 58.751402686528444 6.734355948460473 0.16692031722557724 4.882516787532252 1.0055571750277863 
[10], 24, 10, 5, 0.001, 0.05, 1, False 2.0185063526706974 52.86719586862389 6.509896951784351 0.016501021352831657 4.746916466003936 0.23369865303864407 
[20], 12, 10, 1, 0.001, 0.05, 1, False 2.5157428248837177 86.24982627796571 9.18676701956126 0.18598535609148306 13.438563122635085 1.6810865437937357 
[5], 1, 5, 10, 0.001, 0.05, 1, False 4.040620000658695 134.02956974158585 24.21389525187907 0.38528381758440944 2.4891598929258585 5.0132249352808405 
[20], 36, 10, 1, 0.001, 0.05, 1, False 1.9865109407489563 43.36753855401821 6.777042831485727 0.16810983688237432 5.298746524647719 0.7333281133242053 
[5], 24, 5, 1, 0.001, 0.05, 1, False 2.292163912093491 62.124711429369334 8.162422281740694 0.18231331529821387 12.300109814649185 1.0696672148216433 
[30], 1, 10, 1, 0.001, 0.05, 1, False 4.0068936787856115 139.49420020051332 21.992100570144316 0.11067415207984628 2.071581005771314 1.3605519717028933 
[10], 12, 1, 10, 0.001, 0.05, 1, False 4.521239209316964 153.2407440057963 32.09298050558497 0.39005158134898654 7.528484460617401 4.869885507600279 
[20], 24, 10, 1, 0.001, 0.05, 1, False 2.2389968981845647 61.400704350928606 7.852327298239996 0.1981048711477607 10.312941654010581 1.0518982629228149 
[30], 12, 10, 1, 0.001, 0.05, 1, False 2.284500432205903 70.9220559767543 7.628539097194934 0.1320965035886994 10.02405390987311 0.6078781219672609 
[5], 36, 10, 1, 0.001, 0.05, 1, False 2.2802559222405154 57.89246993456731 8.593249594908455 0.24273768824044134 15.480401399428551 1.4553293706203454 
[30], 24, 5, 1, 0.001, 0.05, 1, False 2.060187772107828 51.718252328605836 6.365543285462066 0.07995141697376922 3.9402014879786864 0.368357271416629 
[5], 1, 10, 1, 0.001, 0.05, 1, False 4.418808857784434 149.6633924540579 28.418471031356106 0.16071420613703796 8.630610914526816 3.153796861315024 
[30], 36, 15, 10, 0.001, 0.05, 1, False 2.0465925501107614 56.765393144389485 6.712574320963889 0.02616063086161985 1.4185764837919383 0.11393738961258332 
[30], 36, 5, 1, 0.001, 0.05, 1, False 2.01009506870544 50.77003059267685 6.551856834318149 0.20265414455797845 5.902280215528548 1.0941106511057384 
[30], 24, 15, 10, 0.001, 0.05, 1, False 2.048923256448297 55.328586779793234 6.527423998162753 0.030976077642626807 1.6448922340589711 0.19354068492270168 
[30], 12, 15, 10, 0.001, 0.05, 1, False 2.228542472249656 62.915620381327756 7.547575334898723 0.035273587904841155 3.3653339735409586 0.1792562473231085 
[30], 24, 10, 5, 0.001, 0.05, 1, False 1.9701067388652715 52.01094737982553 6.056914693257121 0.019959536819826575 1.8838945827786404 0.1490691488123105 
[30], 36, 10, 5, 0.001, 0.05, 1, False 2.0164060591288875 52.543111769138726 6.453929441871307 0.06063961238044472 5.064754341557612 0.2002688633657848 
[15], 1, 1, 10, 0.001, 0.05, 1, False 4.100634812529165 148.63809906133136 21.660764897263082 0.2760455105118748 11.947242218273294 3.5974279470753645 
[5], 12, 10, 5, 0.001, 0.05, 1, False 2.6553224825421 100.26371693306965 10.524203501585736 0.3550467666900841 29.747021197987397 2.9686352427727054 
[15], 24, 1, 10, 0.001, 0.05, 1, False 2.4169521934768894 65.96749023717102 9.26349444156987 0.12471652104033142 4.992734722584311 1.4521093674174952 
[10], 36, 1, 10, 0.001, 0.05, 1, False 2.296838198252091 61.0958222335772 8.931305825472696 0.26047939392299635 2.5762024990731263 2.2160813137799917 
[5], 24, 10, 5, 0.001, 0.05, 1, False 2.3224929841114546 65.99621184715137 8.22407417071435 0.08157097317778711 3.498617374105506 0.663629123637175 
[15], 36, 1, 10, 0.001, 0.05, 1, False 2.194898969724912 52.590293380073696 8.088800107986465 0.22727162418690525 4.81024372341692 1.6573027255116621 
[10], 12, 5, 1, 0.001, 0.05, 1, False 3.283843131104691 119.20952627487848 15.513092714708336 0.3836719498744093 12.268169264498425 3.4839048098155305 
[20], 1, 1, 10, 0.001, 0.05, 1, False 3.641403332481989 130.88906484655777 16.738069447976642 0.06942792627407286 4.647934270895569 0.5339388954852593 
[15], 12, 1, 10, 0.001, 0.05, 1, False 3.679066644372694 125.00119193423664 21.810120728678314 0.4470238373678075 9.043778970165965 5.285834258269987 
[10], 24, 15, 10, 0.001, 0.05, 1, False 2.047572308383813 57.44446690613757 6.370457420658678 0.10638553927650714 2.6118036103269096 0.3992881533230589 
[30], 36, 20, 1, 0.001, 0.05, 1, False 1.9476339089408239 44.82930888444317 6.435989502389554 0.03262065854495653 1.3592933674541734 0.2745110708622236 
[20], 12, 1, 10, 0.001, 0.05, 1, False 4.315846858288515 132.4969418498528 29.79184570588008 0.31365541311327805 5.881078612453701 4.983806922350727 
[30], 24, 20, 1, 0.001, 0.05, 1, False 2.072978667935563 59.74318556824654 6.425736554877449 0.113839936568003 4.429951847616897 0.8316441934050838 
[30], 12, 20, 1, 0.001, 0.05, 1, False 2.1650104173821285 60.644845677501515 7.195501810053723 0.07841076664208062 6.8041467096158375 0.04336064551967156 
[30], 1, 1, 10, 0.001, 0.05, 1, False 3.6070617468234296 124.56677425628597 16.667893022263254 0.16652438753614215 8.564791306037456 1.8732902666953963 
[10], 1, 10, 5, 0.001, 0.05, 1, False 2.9049365116973167 111.1798357079959 12.116744885869124 0.21378402247227213 14.346838874440733 1.5505816470926226 
[10], 12, 10, 5, 0.001, 0.05, 1, False 2.381470014584354 81.99016572159617 7.968144506733995 0.05749127457669808 6.08325253755471 0.3955016612999076 
[30], 12, 1, 10, 0.001, 0.05, 1, False 3.578255159606623 119.70447561281871 20.80047266863727 0.2778894947458062 9.403382011830773 2.9517799963011453 
[20], 24, 1, 10, 0.001, 0.05, 1, False 2.3766785799221704 62.42435762101445 9.21321255949284 0.24949709063082737 5.966727482610896 2.5100500561134735 
[5], 12, 15, 10, 0.001, 0.05, 1, False 2.3344634724039306 75.67337980644864 7.89519870253389 0.19350479784722646 13.765611431854476 0.947584495943681 
[10], 12, 15, 10, 0.001, 0.05, 1, False 2.1572254602961167 52.159255317753214 7.255154630118052 0.014854662301819224 1.89803392840257 0.08960326045519829 
[5], 24, 15, 10, 0.001, 0.05, 1, False 2.298254637159752 67.74002299395838 7.598616957818979 0.11638932587857921 7.635817544188778 0.6717681764166498 
[10], 1, 15, 10, 0.001, 0.05, 1, False 3.3215302254228547 124.82577203084526 15.485270223446255 0.07071081536232596 3.025482686287402 0.49116032132365195 
[20], 36, 1, 10, 0.001, 0.05, 1, False 2.596000138978491 57.04238487766531 12.351919444798087 0.7755004160801191 8.981397465563477 8.062006659043927 
[20], 1, 10, 5, 0.001, 0.05, 1, False 2.5237509479746225 92.36328610579629 9.618465457993521 0.11252529822281329 6.724956601727796 0.5759110695373086 
[15], 12, 10, 5, 0.001, 0.05, 1, False 2.3836906080962055 83.72949463194591 7.974513790872025 0.09673354035948976 7.318104608601982 0.517280205239831 
[10], 36, 10, 5, 0.001, 0.05, 1, False 2.0046848990350825 51.30652009916822 6.113287199191574 0.018319926860800664 5.403505447872228 0.15603168017364596 
[15], 1, 5, 1, 0.001, 0.05, 1, False 4.422529409763713 144.31023550879456 29.429502319192792 0.009929849834481664 5.419298612399419 0.40589543412777956 
[10], 1, 1, 10, 0.001, 0.05, 1, False 4.136093813794908 157.62294151244961 23.075228493348177 0.20884562193710487 15.41925268199703 3.946582370847796 
[15], 24, 5, 1, 0.001, 0.05, 1, False 2.038063014641024 48.3716525490332 6.686599063902874 0.05647766779547154 1.56302255473173 0.4828738218142731 
[10], 24, 20, 1, 0.001, 0.05, 1, False 2.0956925422625816 54.92275088594888 6.784336007289756 0.06771475851668447 7.879976668705245 0.26565752940744486 
[10], 36, 5, 1, 0.001, 0.05, 1, False 2.051360333572072 54.67437284911148 7.529752137434717 0.10888925258107959 5.544127863497205 0.7151621417819032 
[15], 36, 5, 1, 0.001, 0.05, 1, False 2.0668327315943316 48.86175752291265 7.192720273351952 0.2982761631386383 15.317562214810417 1.279339142561482 
[20], 1, 5, 1, 0.001, 0.05, 1, False 4.3758545330863585 138.78687582764294 28.81376420395385 0.03066459297624461 2.067416202071248 0.6272366324900226 
[10], 24, 5, 5, 0.001, 0.05, 1, False 2.255388071036173 59.50502038711307 8.009059805555292 0.048011491316067696 1.2178423921311154 0.3477457962815736 
[5], 36, 1, 10, 0.001, 0.05, 1, False 2.18356099922072 52.35927107479939 7.908217554487655 0.09178378862327811 3.32386542101724 0.8003664193462681 
[15], 1, 10, 5, 0.001, 0.05, 1, False 2.7301827475066403 98.88137523257524 10.775313729637453 0.19686830889575468 10.142225636082399 1.744810791979114 
[15], 12, 5, 1, 0.001, 0.05, 1, False 2.7610383495360744 105.00575816527511 10.593913947976155 0.2656227828064647 10.521996825701107 2.10783372113615 
[15], 24, 10, 5, 0.001, 0.05, 1, False 2.162236109210385 60.66970342986903 6.9589488536216875 0.12431911469824776 4.915526741160237 0.7060338540310014 
[5], 1, 1, 10, 0.001, 0.05, 1, False 4.567924475500845 135.06135360856626 30.56506868888316 0.2757477494582021 23.957120106685323 5.281593451054516 
[20], 12, 5, 1, 0.001, 0.05, 1, False 2.998519972332373 118.26945512908145 12.681642476534384 0.17613194208914063 9.308830069172439 1.5884001149554345 
[15], 36, 10, 5, 0.001, 0.05, 1, False 1.9479021004763324 52.978843542336875 6.046084011522496 0.03703489758170987 1.991983710104495 0.31207380997937184 
[30], 1, 5, 1, 0.001, 0.05, 1, False 4.325267804062201 137.54608904493378 27.868741953214908 0.01888367075551282 0.9462036461927598 0.30438845939349496 
[5], 12, 1, 10, 0.001, 0.05, 1, False 4.7931958441228035 144.4279671014302 36.25801924966393 1.2789892197973092 8.329485043806564 17.109112865957513 
[5], 24, 5, 5, 0.001, 0.05, 1, False 1.9934463435382994 56.54868991859218 6.287103931265491 0.08188848692545196 15.633422647116829 0.49197942266401257 
[5], 12, 20, 1, 0.001, 0.05, 1, False 3.631349853319288 150.4722993815842 18.33456387727061 0.06336499556095208 6.478635004851289 0.8763736958351616 
[5], 24, 20, 1, 0.001, 0.05, 1, False 2.309567327302432 62.05927832080385 8.17391133373097 0.324992393151946 15.603560009188717 1.7651994921095484 
[10], 1, 20, 1, 0.001, 0.05, 1, False 4.249149771048515 155.24340838708432 25.08023677471667 0.1448552031969414 4.48892785364084 1.8265417212945898 
[10], 12, 20, 1, 0.001, 0.05, 1, False 2.535116264632799 95.31160659392647 9.32524195382636 0.25058866891384957 18.34647615756941 1.3909747255366998 
[15], 1, 15, 10, 0.001, 0.05, 1, False 3.0336748259297264 110.45766617165002 12.88257692660712 0.05774603228995639 3.08851451728238 0.4404185446309519 
[30], 12, 5, 1, 0.001, 0.05, 1, False 2.461602819545401 81.1817716499147 8.803083877262399 0.10104527414089337 7.477404670957063 0.8185757705096136 
[20], 24, 5, 1, 0.001, 0.05, 1, False 2.198899465711373 53.354821678672806 7.293258557822836 0.1703285440970404 6.6736859625687535 0.6856588945104164 
[20], 36, 5, 1, 0.001, 0.05, 1, False 1.9347782647353595 40.70262423608262 6.316230859962787 0.0914418288509288 4.9430732621686255 0.43582075340808646 
[15], 24, 15, 10, 0.001, 0.05, 1, False 2.042671977340554 54.29096955605553 6.556783743782574 0.09249536353009521 2.6436229734448906 0.5500701979905122 
[30], 36, 5, 5, 0.001, 0.05, 1, False 1.9137796331990369 50.02072316118436 5.938105445015751 0.053822406344256626 2.295464269353184 0.19972896844226648 
[30], 24, 5, 5, 0.001, 0.05, 1, False 2.1362014642819602 57.88577970370185 6.889396781456159 0.09859719758933681 4.411176339479743 0.540060644431956 
[15], 36, 15, 10, 0.001, 0.05, 1, False 1.9090112434665638 46.39338572325757 6.0843412582432395 0.07808175291512211 2.2520755974498283 0.762295966302371 
[20], 12, 10, 5, 0.001, 0.05, 1, False 2.2532430102695122 64.86641122491937 7.607019477603923 0.060964751738063254 4.197121981627323 0.26562740681423697 
[10], 1, 5, 1, 0.001, 0.05, 1, False 4.537674726628595 145.37772846091914 31.337977054880636 0.055566579502082034 4.061678998147608 1.0562969897749122 
[20], 1, 15, 10, 0.001, 0.05, 1, False 2.9725290226215435 108.55391089526621 12.636321806574351 0.05708309772189091 3.4140854248519195 0.30152354827794153 
[20], 36, 10, 5, 0.001, 0.05, 1, False 2.11727705574077 55.625079840943386 7.0963475184797895 0.06308853257790015 5.8820629057174605 0.13643189206810735 
[30], 1, 10, 5, 0.001, 0.05, 1, False 2.483835186729966 92.19359526334001 9.027181245621543 0.028070593484228735 1.098653340585881 0.15736581236033473 
[10], 36, 15, 10, 0.001, 0.05, 1, False 2.089721321031727 58.27633015618736 7.10431218477041 0.1466328686815322 7.269768935120414 0.6580915391975032 
[5], 36, 5, 1, 0.001, 0.05, 1, False 2.0183816198242344 52.263148307661176 6.90792989445083 0.10071518459060623 8.384475342948683 0.46688509496948827 
[15], 12, 15, 10, 0.001, 0.05, 1, False 2.214545904469452 56.554366986655886 7.608586126844842 0.06810104182176388 5.0797062880995725 0.26005987668505903 
[5], 1, 5, 1, 0.001, 0.05, 1, False 4.41137698997088 157.67767688045788 29.02675561184391 0.0956994340755915 6.432625247051785 1.8935730230915158 
[5], 12, 5, 1, 0.001, 0.05, 1, False 3.508973564980207 144.70442213571928 17.39868675187333 0.3009937654710636 14.39897380670015 3.237690485780982 
[20], 24, 10, 5, 0.001, 0.05, 1, False 2.0713798158860297 54.344259067613855 6.609965247968237 0.18090254723989893 6.39661243833986 0.9334483278030185 
[30], 12, 10, 5, 0.001, 0.05, 1, False 2.289101486670336 70.72478920974756 7.552485690350802 0.018817268093555824 3.53576731572992 0.1269532060154831 
[15], 1, 20, 1, 0.001, 0.05, 1, False 4.1525151363470485 150.83476847910723 24.032816413473114 0.08594933258925404 2.5829264792539797 0.7726257642981557 
[5], 36, 10, 5, 0.001, 0.05, 1, False 1.9915117450938045 54.33892456954617 6.584914085881258 0.11047621866865556 8.97785163083302 0.37394062465559963 
[15], 24, 20, 1, 0.001, 0.05, 1, False 2.1004941924440637 55.86882075039022 6.5581584716603745 0.02767373142752134 5.520269218298587 0.3518857920460213 
[20], 12, 15, 10, 0.001, 0.05, 1, False 2.21821016637022 58.06815310908417 7.635331285119932 0.010104827123957286 1.5985825971370562 0.07745730451363507 
[15], 36, 20, 1, 0.001, 0.05, 1, False 1.8953816207548326 40.563871876698734 5.9996610619090704 0.0919548294374982 6.6288348551504095 0.041845618177015105 
[5], 1, 10, 5, 0.001, 0.05, 1, False 3.6534666879344044 136.1164275156185 19.505233180729252 0.4790660813399328 13.268151631614403 5.839913313085428 
[20], 36, 15, 10, 0.001, 0.05, 1, False 1.9835561431875377 53.94376492824549 6.41101935694368 0.0656550097418037 0.6566652189818086 0.4682851141756312 
[20], 1, 20, 1, 0.001, 0.05, 1, False 4.070264198972533 144.49314101535728 23.4228917064623 0.18000512849263728 2.657405180519622 2.2193720660661285 
[10], 12, 5, 5, 0.001, 0.05, 1, False 2.85934155581312 116.3329705876223 11.149599339648 0.2796737803276099 14.354741301926941 2.6266833710804574 
[20], 24, 15, 10, 0.001, 0.05, 1, False 1.9979432550026097 51.41203497949355 6.1551149304598995 0.036877630716315266 1.9450327622393437 0.2748647185480203 
[30], 12, 20, 5, 0.001, 0.05, 1, False 2.2132920119256054 64.8621604309299 7.227024972886583 0.06591356876716868 7.272120142052294 0.11153985616208222 
[30], 1, 15, 10, 0.001, 0.05, 1, False 2.76847743455976 100.51315587905844 11.072699270982291 0.036932823990215656 0.9202123505296587 0.2802892229864123 
[30], 36, 20, 5, 0.001, 0.05, 1, False 2.0432361800844467 54.7009329693009 6.70425458794065 0.07822998776617704 4.508227197826327 0.451248680376556 
[10], 36, 20, 1, 0.001, 0.05, 1, False 1.9843385494081305 49.75862243561293 6.621057731208848 0.09972364264564995 4.947563747422275 0.7492632077235386 
[30], 24, 20, 5, 0.001, 0.05, 1, False 2.022889046527928 55.72717955087254 6.218993019486767 0.06159491956342116 2.171573321398133 0.18946301089324133 
[15], 12, 20, 1, 0.001, 0.05, 1, False 2.2136757887848133 68.81876228803877 7.056011086361351 0.10452191847957537 3.6576595126346123 0.7740826502828784 
[5], 1, 15, 10, 0.001, 0.05, 1, False 3.818560385926524 143.99201673523692 21.130264941864628 0.26524287161150123 13.12789454979277 3.8575967860553253 
[5], 36, 15, 10, 0.001, 0.05, 1, False 2.0330632520270426 51.558174415635825 6.798046004415017 0.09963613754232044 5.17491804089824 0.3648941304898916 
[15], 24, 5, 5, 0.001, 0.05, 1, False 2.2464688381197413 59.46189545401298 7.604114137584823 0.0592634872454031 4.604957191194718 0.5796279031214483 
[15], 1, 5, 5, 0.001, 0.05, 1, False 3.359477315559397 131.91492534217193 16.450337648010983 0.24412957815686878 13.995003778984408 1.7666112884790495 
[30], 24, 10, 10, 0.001, 0.05, 1, False 2.011011595030625 53.662265539961766 6.381030944379069 0.059337055695407336 3.655736295477057 0.29641721132566157 
[20], 12, 20, 1, 0.001, 0.05, 1, False 2.2625566600114797 68.1463341667246 7.57386793794423 0.08048199674207308 6.415324106183489 0.3515784278852942 
[10], 24, 20, 5, 0.001, 0.05, 1, False 2.142050754815271 53.66682304078722 7.424878848898017 0.08274296113296688 6.23173488357362 0.3040070103887224 
[10], 24, 10, 10, 0.001, 0.05, 1, False 2.025687433047979 61.67478369191093 6.393798531825829 0.10126928201289616 4.1709816774514685 0.5639360505765685 
[30], 36, 10, 10, 0.001, 0.05, 1, False 2.011437693353811 52.52838572535983 6.262251633555828 0.031403374095550086 0.8354940818998937 0.21271779454339027 
[20], 36, 20, 1, 0.001, 0.05, 1, False 2.0033757096415177 52.11085391660951 6.682455424900435 0.06231599748945802 4.501705761160593 0.20665973892031655 
[10], 36, 5, 5, 0.001, 0.05, 1, False 2.086415945550996 55.40350114716208 6.95502169585474 0.09322800587952598 2.6573193921430507 0.3519354872371873 
[20], 24, 20, 1, 0.001, 0.05, 1, False 2.134766512838434 54.517012320471856 7.101548991585997 0.09969380985476187 2.81322259000367 0.5675435763096122 
[20], 1, 5, 5, 0.001, 0.05, 1, False 3.0533440440410264 125.20588342492647 13.13895933956583 0.13956068747175368 4.470592088024366 1.3939264037961163 
[30], 1, 20, 1, 0.001, 0.05, 1, False 3.5092943380000414 131.43600941224662 18.14651951028576 0.21089603728194758 7.323187749762034 1.9541749475394652 
[15], 12, 5, 5, 0.001, 0.05, 1, False 2.7195752619403515 103.4237985904851 10.899882697283438 0.10995980317776062 3.3751605545415084 0.7923463989528862 
[15], 36, 5, 5, 0.001, 0.05, 1, False 2.0138612909311497 52.33673739963664 6.5461777442214455 0.060383534886975405 3.2169561300285503 0.37300301496432603 
[5], 1, 20, 1, 0.001, 0.05, 1, False 4.407489814812801 157.4028028388749 27.044401805417504 0.05909043751031304 12.070707595004691 1.30483671829875 
[5], 24, 20, 5, 0.001, 0.05, 1, False 1.9261310822709843 49.87928731654387 6.360067168781694 0.13711093519435008 10.503917957816517 0.4402771904196702 
[5], 12, 20, 5, 0.001, 0.05, 1, False 2.4839105299880937 82.96903436829162 8.744694081694144 0.20022358185192218 13.233546634657133 1.5995414028200128 
[5], 24, 10, 10, 0.001, 0.05, 1, False 2.127660328920723 62.27917562160141 7.25417666230613 0.12138444468746097 4.453327454799641 0.7049246228754086 
[20], 12, 5, 5, 0.001, 0.05, 1, False 2.5898400087375193 96.78745478089358 9.51478462203927 0.07763762899552765 5.598358335893463 0.7667845632458319 
[30], 1, 5, 5, 0.001, 0.05, 1, False 3.2704342664098713 125.11295100390343 15.748522855877598 0.18185381949836824 5.868258950695854 1.5211883351864495 
[5], 36, 20, 1, 0.001, 0.05, 1, False 2.1770251459976726 57.99809427655913 7.655896668796339 0.0601667233941142 0.4558749577582205 0.6980724873290901 
[5], 12, 10, 10, 0.001, 0.05, 1, False 2.6404361091088497 92.4444733618758 10.618553085203411 0.19163710428124514 6.183315279231602 2.314926582587623 
[10], 24, 15, 1, 0.001, 0.05, 1, False 2.173476607304204 56.922587603224486 7.096741382225741 0.18266501754830106 10.25540026774462 0.9829829678007319 
[30], 24, 15, 1, 0.001, 0.05, 1, False 2.0012458398213813 52.37771625371264 6.340356158177582 0.2005717364116301 6.329974753866443 0.8852626280415162 
[30], 12, 5, 5, 0.001, 0.05, 1, False 2.651080082831214 90.33467035204258 10.71198138260789 0.2824152017604452 10.285462308480584 2.220532159096751 
[20], 24, 5, 5, 0.001, 0.05, 1, False 2.158088766486832 59.467359313586265 6.813038291250741 0.21494965347146439 9.774150374471839 0.883521664188186 
[20], 36, 5, 5, 0.001, 0.05, 1, False 2.042499064880906 51.47214222658629 6.788768750662602 0.06209142400419135 0.29542008860838603 0.27524968992123683 
[30], 36, 15, 1, 0.001, 0.05, 1, False 1.9597711444539192 41.101350754567996 6.678936015271488 0.06622822587679593 5.524584748169685 0.2809944670371565 
[10], 12, 20, 5, 0.001, 0.05, 1, False 2.337684161339334 71.54826267680379 7.938383486669498 0.06605786633668004 6.236525144082155 0.1528387571888885 
[10], 1, 20, 5, 0.001, 0.05, 1, False 3.413558341595517 129.34650714457038 16.74648788319087 0.24920021198432554 9.549078145000266 2.0973500304260115 
[10], 1, 5, 5, 0.001, 0.05, 1, False 4.166235048316971 145.78823488424624 25.704155138032245 0.16532558130569497 2.426747775467504 2.406729686979848 
[5], 36, 5, 5, 0.001, 0.05, 1, False 2.0380306246621456 55.85289215652792 6.834492733626753 0.09791125498194556 6.590052882072358 0.7003429086162336 
[5], 1, 5, 5, 0.001, 0.05, 1, False 4.294033822308606 137.6017015336414 27.853893804036545 0.2960622706345654 2.752968357018429 4.523410345910016 
[5], 12, 5, 5, 0.001, 0.05, 1, False 3.6359128893193517 137.52631965454592 19.84911228171229 0.3733754498814004 2.614260407294153 4.020710233616932 
[10], 1, 10, 10, 0.001, 0.05, 1, False 2.774347862380522 105.1574180649917 11.027873203450348 0.10766842284583342 4.798415062343591 0.7218456010324867 
[5], 24, 15, 1, 0.001, 0.05, 1, False 2.6454117366302476 98.16410657699662 10.402007422104298 0.6829531984895754 36.810247845493706 5.275586385767021 
[10], 12, 10, 10, 0.001, 0.05, 1, False 2.5103473696305794 92.70530584243993 8.95965825605527 0.08105015450040667 8.954723817842943 0.510847566987244 
[5], 12, 15, 1, 0.001, 0.05, 1, False 3.1793065811196968 137.12813605156074 13.947051188810873 0.27845562647936595 19.039914409206375 2.5369570433876083 
[15], 1, 20, 5, 0.001, 0.05, 1, False 2.9943172951142683 112.58026104088542 12.940867283342717 0.10467416685746653 3.1423391448528744 0.8183193413409647 
[10], 36, 10, 10, 0.001, 0.05, 1, False 2.1178780928323118 57.2192907098915 7.091690620673986 0.08558984740395408 6.1317244327972515 0.48522841026497987 
[15], 24, 20, 5, 0.001, 0.05, 1, False 2.086962935963163 55.46496158547925 6.786545820783378 0.12327471057138734 4.397050243505649 0.5764366987254771 
[15], 12, 10, 10, 0.001, 0.05, 1, False 2.4211246034371903 77.50721107629975 8.264502878618005 0.0142318563656985 0.8753065972632467 0.20013192204892502 
[20], 1, 20, 5, 0.001, 0.05, 1, False 2.679277155563856 100.44925460770985 10.522274306210681 0.05575956744428986 2.247607986974812 0.43459119260490703 
[15], 36, 20, 5, 0.001, 0.05, 1, False 2.0289018490938124 55.019770308726386 6.5061635052393525 0.10372078643730444 5.116199562761673 0.5013487257407914 
[20], 1, 10, 10, 0.001, 0.05, 1, False 2.6748231060682213 100.49332055610223 10.56227152516455 0.022548185348996982 1.1768265076546367 0.16106925800210978 
[10], 1, 15, 1, 0.001, 0.05, 1, False 4.2637138602530795 159.95303779403446 25.09238102712196 0.05324767852969738 8.307465595713047 1.1198367847100628 
[15], 24, 10, 10, 0.001, 0.05, 1, False 2.0325208652747313 54.69609550057975 6.298414093871453 0.04466814724212087 3.004530571542655 0.3688773116360035 
[15], 12, 20, 5, 0.001, 0.05, 1, False 2.1415663415255644 60.16895207212827 6.852932601248447 0.0481544388460785 3.317034447615229 0.2141020459849185 
[10], 12, 15, 1, 0.001, 0.05, 1, False 2.5686502876312094 95.10232753392347 9.54851116221722 0.3888060228126803 24.799451687850166 2.8108638013400324 
[10], 36, 20, 5, 0.001, 0.05, 1, False 1.9572396250493407 48.14060682950722 6.222547260194543 0.07999396660153289 0.36412228560875187 0.22549702410763062 
[15], 1, 10, 10, 0.001, 0.05, 1, False 2.786590234769715 106.41788101008022 11.170887714309487 0.0452616245383428 3.180463623090925 0.1789058950949518 
[15], 36, 10, 10, 0.001, 0.05, 1, False 2.0728572007665345 55.16407548807252 6.694891043149522 0.01861903459028305 5.30370382800266 0.2775262180002649 
[30], 12, 20, 10, 0.001, 0.05, 1, False 2.2564000783419167 66.48209903862319 7.747885198729771 0.044656174991691326 3.3398152501510503 0.08720865658148282 
[10], 36, 15, 1, 0.001, 0.05, 1, False 2.204001843920667 54.176240961752434 7.386651040425 0.27918432909727825 9.514923156970807 1.2976318662618593 
[20], 12, 20, 5, 0.001, 0.05, 1, False 2.1935467607772865 59.89216232377722 7.305450112301806 0.027549085274238005 3.950249190912635 0.30357666815034673 
[15], 12, 15, 1, 0.001, 0.05, 1, False 2.580368298607775 92.83556799722835 9.287384329463416 0.14951082152080283 9.476380743216927 1.1374417542650557 
[20], 36, 20, 5, 0.001, 0.05, 1, False 1.9279057260430246 50.42747660100948 5.906103448050701 0.08879532149803057 6.751108613636742 0.35007413313180713 
[20], 24, 20, 5, 0.001, 0.05, 1, False 2.041165414249041 55.07569680670448 6.4532792488467505 0.053703875100719584 3.066575412168287 0.27081667793343206 
[20], 12, 10, 10, 0.001, 0.05, 1, False 2.3467658869404757 72.57671295085348 8.398124042253281 0.1738920562478913 9.905495369702821 1.4667251236292553 
[20], 1, 15, 1, 0.001, 0.05, 1, False 3.97460376377114 145.8728236828022 22.124683541296047 0.17950824332666995 4.503248433697851 1.8026647464094796 
[15], 24, 15, 1, 0.001, 0.05, 1, False 2.290156217827461 59.96040038680957 8.184097477742396 0.07016005520094565 8.648746431423886 0.7279011331658733 
[30], 1, 20, 5, 0.001, 0.05, 1, False 2.776995421892584 103.98198726183445 11.197267604362033 0.09520561988587314 3.2189765780833572 0.6759113467577107 
[5], 1, 20, 5, 0.001, 0.05, 1, False 4.370195360098863 150.46084945079613 29.128241622611355 0.039288610642922286 1.7910426475499228 0.5698346613831379 
[30], 36, 20, 10, 0.001, 0.05, 1, False 2.073705409877692 56.0573502417594 6.661091317159883 0.07022524583281146 3.2329648753922187 0.20208105423171763 
[20], 36, 10, 10, 0.001, 0.05, 1, False 2.001280094767679 52.769715468247774 6.459769155466507 0.04868773458733598 1.3453380388045684 0.22014658047841934 
[30], 1, 10, 10, 0.001, 0.05, 1, False 2.635053904794363 98.87015232938897 10.222199212533477 0.03090687875088208 1.8608963817962487 0.17969664686552364 
[30], 24, 20, 10, 0.001, 0.05, 1, False 1.9971884998251443 52.79317603318139 6.2376302443963745 0.03485742552051929 0.21606169549125542 0.1719828670723678 
[5], 36, 20, 5, 0.001, 0.05, 1, False 2.1323991375871834 60.38392697253271 6.994543226928997 0.04519042372531207 7.078070171597424 0.713563795487187 
[15], 36, 15, 1, 0.001, 0.05, 1, False 1.9701496456456542 44.86474875318995 6.676114761985918 0.08457948167946369 6.568077018216139 0.4020102447510513 
[15], 1, 15, 1, 0.001, 0.05, 1, False 4.208584353420883 155.1215224883147 24.35605470629152 0.0572309172685748 4.071732857172501 0.7731682956788489 
[20], 24, 10, 10, 0.001, 0.05, 1, False 1.9461903631618174 49.597614875140515 5.994165489146304 0.05652714774563116 1.651965552834916 0.262486287636356 
[5], 36, 10, 10, 0.001, 0.05, 1, False 2.1175298525917303 54.01416563530318 6.876508863712908 0.19680281095518132 0.17412094792106017 0.8266561571891069 
[20], 12, 15, 1, 0.001, 0.05, 1, False 2.254527095289624 70.03597380146991 7.385714786061929 0.22105555863065046 17.198726945014194 1.067863104519726 
[30], 12, 10, 10, 0.001, 0.05, 1, False 2.302546370196742 70.90246721113716 7.835051239068169 0.038165461739365594 2.9307781843917295 0.3779228707515012 
[10], 24, 20, 10, 0.001, 0.05, 1, False 2.011781778129645 51.31415950536504 6.631201900249615 0.11083306395714863 6.832453419288533 0.1983471913328789 
[20], 36, 15, 1, 0.001, 0.05, 1, False 2.014052131285683 49.511914154312855 6.599229457676756 0.011335600379313455 3.6138321460443907 0.2575538601475706 
[30], 1, 15, 1, 0.001, 0.05, 1, False 3.2920439246697004 122.68936336183674 15.604656876868015 0.5052814637275593 20.042033869702973 4.788014268365464 
[20], 24, 15, 1, 0.001, 0.05, 1, False 2.3881295476488216 59.005098493988555 8.845728403824735 0.25205852659457356 9.0332359358665 1.6167872953776579 
[5], 1, 10, 10, 0.001, 0.05, 1, False 3.842374142204171 121.68639968156803 22.0431219475996 0.6177055233912945 21.596036881609688 7.952548807210868 
[5], 12, 20, 10, 0.001, 0.05, 1, False 2.601751375053492 93.1598207776304 9.991633976098322 0.19534025918704637 16.72960206028053 1.2593357641777503 
[5], 36, 15, 1, 0.001, 0.05, 1, False 2.2190940516431708 58.86935210580228 7.818596982296068 0.19747405544938784 4.744002088502059 1.359022569065822 
[30], 12, 15, 1, 0.001, 0.05, 1, False 2.1761033059753196 60.39831995748482 7.1055180482028115 0.0688302714978542 7.209579902377412 0.10933722134039671 
[5], 24, 20, 10, 0.001, 0.05, 1, False 2.0276904965837104 56.769418499047 6.237663527916716 0.08991807804788425 5.586265852266132 0.4874737955663044 
[5], 1, 15, 1, 0.001, 0.05, 1, False 4.34493932493238 158.9126462842926 25.944991573198518 0.045997445340821355 4.828911282064976 0.1307543780084305 
[10], 12, 20, 10, 0.001, 0.05, 1, False 2.3734219033512525 72.78817825058685 8.414296782956313 0.10497359262281057 7.213783468653019 0.6521628470693381 
[10], 1, 20, 10, 0.001, 0.05, 1, False 3.0828046784874186 117.9974996213652 13.818556521874333 0.10358400454877201 2.9058772049921147 0.7566400040010021 
[30], 1, 20, 10, 0.001, 0.05, 1, False 2.655711423802293 98.5360288050107 10.411127504140964 0.059647679844764274 2.787498481471347 0.4323613859885759 
[20], 36, 20, 10, 0.001, 0.05, 1, False 2.057631625592087 52.5277200074273 6.516438257713092 0.08248904875061489 6.556467935611843 0.2936551487192326 
[20], 12, 20, 10, 0.001, 0.05, 1, False 2.237921929521555 64.48036228433703 7.456472706527921 0.07901755132374592 4.374079734630291 0.37679720756247215 
[20], 24, 20, 10, 0.001, 0.05, 1, False 2.1120457209129295 58.22870260755733 6.706929946936536 0.06812293082006016 2.5424533208763718 0.34696968593577665 
[15], 1, 20, 10, 0.001, 0.05, 1, False 2.827916047658288 105.62232631006573 11.693914408809826 0.20941264118086594 10.68589819465834 1.776282383735236 
[5], 36, 20, 10, 0.001, 0.05, 1, False 1.9750241034733194 54.163218848755115 6.498468719815301 0.06601425348543113 2.0343525125847015 0.5397851832521634 
[15], 24, 20, 10, 0.001, 0.05, 1, False 2.0209159476320364 51.677383461948516 6.363120689657457 0.06606402567495008 2.4274706311849927 0.43827608976069005 
[20], 1, 20, 10, 0.001, 0.05, 1, False 2.7624567215744817 103.47645310703753 11.187660471148282 0.06355370475333791 3.0395927637673736 0.476951813878367 
[5], 1, 20, 10, 0.001, 0.05, 1, False 3.4843126889663174 134.25934184985195 17.231010479346555 0.41570864429943266 16.13708486650488 3.908094394744736 
[15], 36, 20, 10, 0.001, 0.05, 1, False 1.9749449704325306 49.9764885346681 6.3291940019582 0.031017478277229425 2.1471768434991048 0.2728716056694723 
[10], 36, 20, 10, 0.001, 0.05, 1, False 1.9860478014823186 50.72839769677092 6.363063618903932 0.03909880695771116 5.843639529934079 0.365035887478449 
[15], 12, 20, 10, 0.001, 0.05, 1, False 2.226585513593077 66.09372653737252 7.475831131013713 0.08136311974826627 5.327058656864671 0.2641812486635876 
