lags time_steps dense_nodes lstm_nodes processed scales                        epochs l2 learning_rate mean_mae mean_mape mean_mse                         std mae std_mape std_mse 
[1, 12, 24, 48], [24, 5, 5, 5], [1, 5, 5, 5], [5, 5, 5, 5], [0, 1, 2, 3], 1, 0.001, 512, False, True 7.7351599244425175 123.76326574444934 80.62709178658619 4.084789453906497 67.98135048622602 65.44071388169361 
[1, 12, 24, 48], [24, 5, 5, 5], [1, 5, 5, 5], [5, 5, 5, 5], [0, 1, 2, 3], 5, 0.001, 512, False, True 1.6409478665080814 35.693018746377014 4.6611059699252095 0.025795834263644922 1.9485115323907494 0.18697387856533212 
[1, 12, 24, 48], [24, 5, 5, 5], [1, 5, 5, 5], [10, 10, 10, 10], [0, 1, 2, 3], 1, 0.001, 512, False, True 3.278742306510452 56.64535580646325 17.56268235703893 1.988917076775956 22.836517649801387 16.678200400404144 
[1, 12, 24, 48], [24, 5, 5, 5], [1, 5, 5, 5], [10, 10, 10, 10], [0, 1, 2, 3], 5, 0.001, 512, False, True 1.6756919736644178 38.28505847901833 4.598292672389412 0.022988028834774507 1.0985757911634166 0.03478377855169316 
[1, 12, 24, 48], [24, 5, 5, 5], [1, 10, 10, 10], [5, 5, 5, 5], [0, 1, 2, 3], 1, 0.001, 512, False, True 3.967689617432826 70.66760740808978 31.65430893869734 3.644474738719054 55.1825902826931 48.53004405810018 
[1, 12, 24, 48], [24, 5, 5, 5], [1, 10, 10, 10], [5, 5, 5, 5], [0, 1, 2, 3], 5, 0.001, 512, False, True 1.6642005984410637 37.683450486933964 4.582913899803421 0.02625658176627489 1.3759623064881445 0.02343991079261991 
[1, 12, 24, 48], [24, 5, 5, 5], [1, 10, 10, 10], [10, 10, 10, 10], [0, 1, 2, 3], 1, 0.001, 512, False, True 2.159436129779037 46.067184391934305 7.168610293588219 0.5388973347689924 10.044186986389144 3.0046820797930898 
[1, 12, 24, 48], [24, 5, 5, 5], [1, 10, 10, 10], [10, 10, 10, 10], [0, 1, 2, 3], 5, 0.001, 512, False, True 1.7060006402280454 37.576840408064584 4.807396195714726 0.048557504532173 2.076584781475265 0.41160353545162776 
[1, 12, 24, 48], [24, 10, 5, 5], [1, 5, 5, 5], [5, 5, 5, 5], [0, 1, 2, 3], 1, 0.001, 512, False, True 4.415460566337719 72.2373260656589 31.718490412852276 2.992387652820559 44.272866445039966 35.98676085852568 
[1, 12, 24, 48], [24, 10, 5, 5], [1, 5, 5, 5], [5, 5, 5, 5], [0, 1, 2, 3], 5, 0.001, 512, False, True 1.6695716535264142 35.6993907685932 4.802854672531237 0.021899777527252497 2.368228146848196 0.2949752723549554 
