lags time_steps dense_nodes lstm_nodes processed scales                        epochs l2 learning_rate mean_mae mean_mape mean_mse                         std mae std_mape std_mse 
[1, 24], [24, 5], [1, 10], [20, 20], [0, 1], 1, 0.001, 1, False, True 2.8684964128666466 31.46978176630428 11.576605676638943 0.486664254478947 5.360285939750302 3.782529685277828 
[1, 24], [24, 5], [1, 10], [30, 30], [0, 1], 1, 0.001, 1, False, True 2.198212719736276 24.19780778527401 6.431026738908336 0.2697087766174355 2.461169060854581 1.739097278428705 
[1, 24], [24, 5], [1, 5], [20, 20], [0, 1], 1, 0.001, 1, False, True 2.7157413235417125 29.729934962386423 9.92051463317497 0.08576209144578796 0.8701208874671279 0.44812745253205327 
[1, 24], [24, 5], [1, 5], [30, 30], [0, 1], 1, 0.001, 1, False, True 2.6399688278635343 28.921277304090864 9.599798284027587 0.46256220791052355 5.075534936801931 2.9530098802215954 
[1, 24], [24, 10], [1, 5], [20, 20], [0, 1], 1, 0.001, 1, False, True 2.518180960306415 27.670464517541962 8.917056444154904 0.27288542597834314 2.9987658560633634 2.2736320193491535 
[1, 24], [24, 10], [1, 5], [30, 30], [0, 1], 1, 0.001, 1, False, True 2.6062235568408614 27.373201166318424 9.961431172684746 0.7359260330448609 8.27532555496993 4.6536372741033185 
[1, 24], [24, 10], [1, 10], [20, 20], [0, 1], 1, 0.001, 1, False, True 3.353537279505422 36.35266693854468 15.812108848309856 0.6749309909029692 6.605678456275361 6.425483963852655 
[1, 24], [24, 15], [1, 5], [30, 30], [0, 1], 1, 0.001, 1, False, True 2.431474269485033 25.461242217660594 8.85584532041338 0.46402596563851595 5.850192076508484 2.5866399112620786 
[1, 24], [24, 15], [1, 10], [30, 30], [0, 1], 1, 0.001, 1, False, True 2.899359993526229 30.878778113667646 12.719601025642298 1.0668325702725165 10.582657269971367 9.52742696307383 
[1, 24], [24, 15], [1, 10], [20, 20], [0, 1], 1, 0.001, 1, False, True 3.2479264225948743 34.7046838976921 15.156142401711792 0.8901405176574525 8.913088622823008 8.91313822350052 
[1, 24], [24, 15], [1, 5], [20, 20], [0, 1], 1, 0.001, 1, False, True 2.798046946580763 29.489756239013687 11.521074771020858 1.0528334235497578 10.333054852630697 7.8482318449833155 
[1, 24], [24, 20], [1, 5], [30, 30], [0, 1], 1, 0.001, 1, False, True 3.0731372184775503 33.24608364786557 13.040738402297087 0.5646601789355812 5.603461743954882 4.810145253044623 
[1, 24], [24, 20], [1, 5], [20, 20], [0, 1], 1, 0.001, 1, False, True 3.233419012912998 34.52774471230136 15.463574771657074 1.0476474733048333 10.861719922963097 9.009128189102618 
[1, 24], [24, 10], [1, 10], [30, 30], [0, 1], 1, 0.001, 1, False, True 2.3980284762603272 26.844816943338127 7.704882324509626 0.5074176700106249 6.151326223060492 3.314867183437928 
[1, 24], [24, 20], [1, 10], [20, 20], [0, 1], 1, 0.001, 1, False, True 3.1070259518093546 34.08979163145096 12.895381342167296 0.43546159027602505 4.1161044464398735 3.9266394446267294 
[1, 24], [24, 20], [1, 10], [30, 30], [0, 1], 1, 0.001, 1, False, True 3.4825328502942026 37.837965292864645 16.06517773832003 0.22656822973212631 2.2717408728325243 2.07616277390112 
[1, 24], [24, 5], [1, 5], [20, 20], [1], 1, 0.001, 1, False, True 2.7887660017719984 31.690424241544207 10.221137923553284 0.11329920065263764 1.839517300080678 0.9552892626777261 
[1, 24], [24, 5], [1, 10], [30, 30], [1], 1, 0.001, 1, False, True 2.7677370387095004 30.712012496228244 10.39263725475966 0.33922055579149196 3.7667865265073655 2.504483891534989 
[1, 24], [24, 10], [1, 10], [20, 20], [1], 1, 0.001, 1, False, True 2.9248496002621134 33.72514480977784 11.53657102978167 0.5438595850875123 5.910733744094297 4.122753946863578 
[1, 24], [24, 15], [1, 5], [30, 30], [1], 1, 0.001, 1, False, True 2.077235646601077 23.353134933574808 5.710091553234283 0.15620068725973948 2.119889731250733 0.8820635531573893 
[1, 24], [24, 20], [1, 5], [20, 20], [1], 1, 0.001, 1, False, True 3.4585005035003036 39.54248372516347 16.298002969867316 0.19889268809259775 3.239956031586114 1.6440332368939492 
[1, 24], [24, 20], [1, 10], [30, 30], [1], 1, 0.001, 1, False, True 2.766736598588803 31.98467044102073 10.210690921428418 0.07223811762499585 1.7341854994398715 0.5943351678911221 
[1, 24], [24, 5], [1, 5], [30, 30], [1], 1, 0.001, 1, False, True 2.7336626706299967 30.782231140863118 10.259782913523575 0.5167210671773471 4.7038255743021065 3.729642106354745 
[1, 24], [24, 10], [1, 10], [30, 30], [1], 1, 0.001, 1, False, True 3.572303254074521 39.164636854489146 17.027263382809277 0.3381770373029416 3.879036859949994 2.937573052370622 
[1, 24], [24, 10], [1, 5], [20, 20], [1], 1, 0.001, 1, False, True 2.2261051278423385 25.736435797521594 6.972553383386618 0.4188335013116217 5.145907327734694 2.115219573018927 
[1, 24, 48], [24, 5, 5], [1, 10, 10], [20, 20, 20], [1, 2], 1, 0.001, 1, False, True 2.466602925459544 28.771400869269815 9.190289370233806 0.6011774900541326 8.020478963129493 4.56186463044901 
[1, 24], [24, 15], [1, 10], [20, 20], [1], 1, 0.001, 1, False, True 3.3790907227330744 38.55294480998398 17.542433659284228 1.4054197038147018 15.519523421851938 13.41038600268207 
[1, 24], [24, 20], [1, 5], [30, 30], [1], 1, 0.001, 1, False, True 3.0166689496349406 33.97739283813883 12.518536640890249 0.4146251923420266 3.7679454159047285 2.8345099568082857 
[1, 24, 48], [24, 5, 5], [1, 20, 20], [30, 30, 30], [1, 2], 1, 0.001, 1, False, True 3.899107050674934 44.987523541691964 21.6997061470198 1.172072283973733 12.69330169692561 12.907172209937153 
[1, 24, 48], [24, 10, 5], [1, 20, 20], [20, 20, 20], [1, 2], 1, 0.001, 1, False, True 3.0382663517086606 37.003666628977065 13.49577440403379 0.9463161052189016 11.191167957490004 7.212785105292962 
[1, 24, 48], [24, 15, 5], [1, 10, 10], [30, 30, 30], [1, 2], 1, 0.001, 1, False, True 3.1160051959532282 34.200853274871385 13.331887434602118 0.12865612859542816 2.569664716045679 0.7919991438774546 
[1, 24, 48], [24, 20, 20], [1, 10, 10], [20, 20, 20], [0, 1, 2], 1, 0.001, 1, False, True 4.2385800653033785 48.34960291223495 25.012886930644488 1.234204067758285 13.528197057112411 11.450511841078635 
[1, 24], [24, 5], [1, 10], [20, 20], [1], 1, 0.001, 1, False, True 2.865620604378206 33.25066006344866 11.901499724870822 0.6360469905680459 6.139909010981598 4.919549884360202 
[1, 24, 48], [24, 20, 20], [1, 20, 20], [30, 30, 30], [0, 1, 2], 1, 0.001, 1, False, True 3.468447783699743 38.14409692444034 18.475967384045468 1.269150196869278 14.28314163627729 12.981947615048146 
[1, 24, 48], [24, 20, 15], [1, 10, 10], [30, 30, 30], [0, 1, 2], 1, 0.001, 1, False, True 2.518903522359001 27.46735131309502 10.20966713388549 0.8912609314039089 8.633516636224563 7.143250016734616 
[1, 24, 48], [24, 20, 10], [1, 20, 20], [20, 20, 20], [0, 1, 2], 1, 0.001, 1, False, True 2.172022696998385 26.207813004065866 7.054468064915656 0.6431566702391688 8.233104230727673 3.4135745328187386 
[1, 24, 48], [24, 5, 5], [1, 10, 10], [20, 20, 20], [0, 1, 2], 1, 0.001, 1, False, True 2.0480954542204195 24.149255809169407 5.715609219338565 0.3142211416138344 3.8271945127044913 1.6830935160577865 
[1, 24], [24, 10], [1, 5], [30, 30], [1], 1, 0.001, 1, False, True 2.497937380163758 27.190438690752586 9.38987228134433 0.8637766523312406 9.631456023729454 6.156961999339443 
[1, 24], [24, 15], [1, 5], [20, 20], [1], 1, 0.001, 1, False, True 2.983383951253362 35.008359619635655 12.047834261832847 0.35954333435414065 4.016297079883829 2.5721586645175285 
[1, 24, 48], [24, 20, 5], [1, 20, 20], [30, 30, 30], [0, 1, 2], 1, 0.001, 1, False, True 2.4824540584175683 29.19146442048286 8.317387153734852 0.48001682817888386 6.032772365777468 2.7453243510386005 
[1, 24], [24, 15], [1, 10], [30, 30], [1], 1, 0.001, 1, False, True 2.649107516253437 30.27314856928048 9.24958540776314 0.21289050353416983 2.6897821758529794 1.357695848361051 
[1, 24, 48], [24, 20, 5], [1, 10, 10], [20, 20, 20], [0, 1, 2], 1, 0.001, 1, False, True 3.138398741240856 35.49031611452097 13.685791884965537 0.5795149494828954 6.508452795362694 5.32253019201144 
[1, 24], [24, 20], [1, 10], [20, 20], [1], 1, 0.001, 1, False, True 3.143616144303923 35.98425230286625 13.468965195591716 0.5757730586264107 6.711741243321431 4.811966416183946 
[1, 24, 48], [24, 5, 5], [1, 20, 20], [30, 30, 30], [0, 1, 2], 1, 0.001, 1, False, True 2.651187367682105 30.867726269947628 9.7087135650606 0.5035695025500995 6.893060781625406 3.1994902058727908 
[1, 24, 48], [24, 10, 5], [1, 20, 20], [20, 20, 20], [0, 1, 2], 1, 0.001, 1, False, True 5.290123512899435 61.77349119359578 42.71118199877818 2.4464898381951876 28.514324714641383 30.05768472437686 
[1, 24, 48], [24, 15, 5], [1, 10, 10], [30, 30, 30], [0, 1, 2], 1, 0.001, 1, False, True 2.7334260702133197 32.96740177578663 10.253394544365273 0.5908584755430818 7.128206565744653 4.46556130710759 
[1, 24, 48], [24, 5, 5], [1, 10, 10], [30, 30, 30], [1, 2], 1, 0.001, 1, False, True 3.256490972969269 38.83108563527137 14.212865396559549 0.5009282404312718 6.896783678689022 3.683858121582494 
[1, 24, 48], [24, 10, 5], [1, 10, 10], [20, 20, 20], [1, 2], 1, 0.001, 1, False, True 2.440125195957997 28.877886601018968 8.6452936814359 0.8573569212939458 10.141570111980396 5.355437762586057 
[1, 24, 48], [24, 15, 5], [1, 20, 20], [20, 20, 20], [1, 2], 1, 0.001, 1, False, True 3.311573024701191 40.39706678023958 16.009173070978996 1.0368504557872003 12.773354716439544 9.04768231221102 
[1, 24, 48], [24, 10, 5], [1, 20, 20], [30, 30, 30], [1, 2], 1, 0.001, 1, False, True 4.587142304800175 55.0207731275223 30.95840684171209 1.7934685812556983 21.51804101368489 22.146211039222802 
[1, 24, 48], [24, 20, 15], [1, 10, 10], [30, 30, 30], [1, 2], 1, 0.001, 1, False, True 5.636681097138812 62.74146880578197 47.09600200903942 2.6728235477230693 29.438282721115332 32.920944586545836 
[1, 24, 48], [24, 20, 5], [1, 10, 10], [20, 20, 20], [1, 2], 1, 0.001, 1, False, True 2.432027272824889 28.783308663489603 8.542113041873995 0.6731256092134311 8.950213877039868 3.856966738558044 
[1, 24, 48], [24, 20, 10], [1, 20, 20], [20, 20, 20], [1, 2], 1, 0.001, 1, False, True 4.139461918009654 48.44316064492411 23.758387429670705 1.788208968297962 20.33866542352842 16.703636291171943 
[1, 24, 48], [24, 20, 5], [1, 20, 20], [30, 30, 30], [1, 2], 1, 0.001, 1, False, True 4.298263681155665 51.52370443394966 26.432542015608778 1.5690683286988725 18.043179907156734 17.305383725663003 
[1, 24, 48], [24, 20, 20], [1, 10, 10], [30, 30, 30], [0, 1, 2], 1, 0.001, 1, False, True 2.574242526403181 29.180204193358687 9.369275866692236 0.5629328724517315 5.835901281654801 3.9718921886735106 
[1, 24, 48], [24, 20, 15], [1, 20, 20], [20, 20, 20], [0, 1, 2], 1, 0.001, 1, False, True 5.640527754801293 65.94067300652593 37.06514604119522 0.17330773237397615 2.8299555735915396 2.0218643298995853 
[1, 24, 48], [24, 5, 5], [1, 10, 10], [20, 20, 20], [2], 1, 0.001, 1, False, True 3.076662766491926 34.52834952231924 13.59979946753655 0.7729809513838004 10.373705867330637 5.264564892822052 
[1, 24, 48], [24, 5, 5], [1, 20, 20], [30, 30, 30], [2], 1, 0.001, 1, False, True 6.891771748993133 80.2910555931711 59.31858249455157 2.0820305018583563 23.908268784103242 33.46656629908894 
[1, 24, 48], [24, 20, 20], [1, 10, 10], [20, 20, 20], [2], 1, 0.001, 1, False, True 2.4636545981521967 29.083217021480888 9.29967042203399 1.1147527908893218 13.899818150470985 7.485507490319214 
[1, 24, 48], [24, 20, 15], [1, 10, 10], [30, 30, 30], [2], 1, 0.001, 1, False, True 4.595877335910445 53.906622466156016 33.07566175133124 2.6806735659398866 30.49164299708195 32.27801141213779 
[1, 24, 48], [24, 20, 10], [1, 20, 20], [20, 20, 20], [2], 1, 0.001, 1, False, True 1.8717941485621312 20.8108901269508 5.483285639819569 0.36876681777431913 5.534978590071912 1.7420977259823176 
[1, 24, 48], [24, 5, 5], [1, 10, 10], [30, 30, 30], [0, 1, 2], 1, 0.001, 1, False, True 2.417443906598622 28.877218402403724 8.283441698706753 0.5566855401396004 7.051093398618304 3.4413395564652993 
[1, 24, 48], [24, 5, 5], [1, 20, 20], [20, 20, 20], [1, 2], 1, 0.001, 1, False, True 6.860502568218443 80.66564399574278 69.62440930798435 3.609468866479043 42.18315858883482 48.136262598386736 
[1, 24, 48], [24, 20, 10], [1, 20, 20], [30, 30, 30], [0, 1, 2], 1, 0.001, 1, False, True 3.6371141985610684 42.351650860544545 19.07594196829549 1.6286296829105262 19.073783388512233 14.27862908655957 
[1, 24, 48], [24, 10, 5], [1, 10, 10], [30, 30, 30], [1, 2], 1, 0.001, 1, False, True 2.4810822107173784 29.458318213683683 9.026872349765027 0.7021939615751578 8.416939209970073 4.826868380287726 
[1, 24, 48], [24, 20, 10], [1, 10, 10], [20, 20, 20], [0, 1, 2], 1, 0.001, 1, False, True 2.9846727589766195 32.898646533274885 13.195573285310333 0.8603773469048849 9.148420909468303 6.575564165965465 
[1, 24, 48], [24, 20, 15], [1, 20, 20], [20, 20, 20], [1, 2], 1, 0.001, 1, False, True 1.736720767727605 19.578746119214745 4.567476751061512 0.03679858761774704 1.9038501891525004 0.17063020163249912 
[1, 24, 48], [24, 20, 5], [1, 10, 10], [30, 30, 30], [0, 1, 2], 1, 0.001, 1, False, True 1.8347034804247049 20.727666835745097 4.703552524031352 0.23521578394402026 2.3218568600468603 1.228056320400633 
[1, 24, 48], [24, 20, 10], [1, 10, 10], [20, 20, 20], [1, 2], 1, 0.001, 1, False, True 2.348678360713853 28.162574963848623 8.593674523865372 0.902337124850591 11.52419943564392 6.022209902946514 
[1, 24, 48], [24, 15, 5], [1, 20, 20], [30, 30, 30], [1, 2], 1, 0.001, 1, False, True 3.418580013955083 41.454168889884706 16.804538342032505 0.9278780921550197 11.791795823748583 9.499568075945614 
[1, 24, 48], [24, 20, 10], [1, 20, 20], [30, 30, 30], [1, 2], 1, 0.001, 1, False, True 3.6552259729968184 43.13365278189013 21.32216158796456 1.9144801813423011 21.38810121343932 19.8506737349465 
[1, 24, 48], [24, 20, 5], [1, 10, 10], [30, 30, 30], [1, 2], 1, 0.001, 1, False, True 2.6250664447192804 31.02513455044817 10.309919987893851 1.1757688598630638 13.936398148547593 8.21108181128309 
[1, 24, 48], [24, 15, 5], [1, 10, 10], [20, 20, 20], [1, 2], 1, 0.001, 1, False, True 3.263547095656396 38.54167286364429 13.84093484614385 0.33666207897353195 4.376842319883008 2.7284452472263765 
[1, 24, 48], [24, 10, 5], [1, 10, 10], [20, 20, 20], [0, 1, 2], 1, 0.001, 1, False, True 3.422799153681155 38.32977207267248 16.433374051175075 0.6449622445506187 6.300501703522981 6.664442707970177 
[1, 24, 48], [24, 20, 20], [1, 10, 10], [20, 20, 20], [1, 2], 1, 0.001, 1, False, True 3.98691528969341 47.90093777999984 20.863749466734316 0.8962763821892618 10.128445583039664 7.960093633574495 
[1, 24, 48], [24, 20, 20], [1, 20, 20], [30, 30, 30], [1, 2], 1, 0.001, 1, False, True 5.561199588025059 63.97858971321639 55.55205963158178 4.483043070971659 50.44837620761269 66.76526659220792 
[1, 24, 48], [24, 5, 5], [1, 10, 10], [30, 30, 30], [2], 1, 0.001, 1, False, True 2.626677819700153 27.594081595425695 11.28685613807992 0.8574077470690944 7.237695712092907 7.796173811632999 
[1, 24, 48], [24, 20, 20], [1, 10, 10], [30, 30, 30], [2], 1, 0.001, 1, False, True 2.9271840787596184 34.220144843344315 11.736232718684873 0.8031323020786842 10.115605070455395 5.483886100220019 
[1, 24, 48], [24, 20, 10], [1, 10, 10], [20, 20, 20], [2], 1, 0.001, 1, False, True 5.596005114443876 60.32710338842666 39.778094435783295 1.839330294849799 22.082801855207403 21.10469120733913 
[1, 24, 48], [24, 20, 15], [1, 20, 20], [20, 20, 20], [2], 1, 0.001, 1, False, True 2.4136592438375506 24.615285724921332 9.979655808429461 0.9763517687782787 9.975890680603731 7.473829533677829 
[1, 24, 48], [24, 20, 10], [1, 20, 20], [30, 30, 30], [2], 1, 0.001, 1, False, True 3.560882051233893 41.20786995288015 18.30914835781779 1.7116381726023258 19.96738367996713 14.528596748446024 
[1, 24, 48], [24, 20, 20], [1, 20, 20], [30, 30, 30], [2], 1, 0.001, 1, False, True 4.604794988836404 51.56555099737125 27.35122087894708 1.091469062270281 13.21204285850913 10.06866246705367 
[1, 24, 48], [24, 15, 5], [1, 20, 20], [20, 20, 20], [0, 1, 2], 1, 0.001, 1, False, True 3.6620401688196047 43.08300205658487 17.12091805616256 0.3370307652938763 4.929873642729998 2.657109122043021 
[1, 24, 48], [24, 10, 5], [1, 20, 20], [30, 30, 30], [0, 1, 2], 1, 0.001, 1, False, True 1.9702554156382888 23.011137677083486 5.454558830290703 0.22582713901071502 2.485153153184461 1.131776601017705 
[1, 24, 48], [24, 5, 5], [1, 20, 20], [20, 20, 20], [2], 1, 0.001, 1, False, True 3.4769583428071615 38.876008553473895 17.103356698310588 1.2070090360630856 13.29580720380803 9.063230167680283 
[1, 24, 48], [24, 20, 20], [1, 20, 20], [20, 20, 20], [0, 1, 2], 1, 0.001, 1, False, True 5.293098864511209 60.20105665340467 39.18879996475985 1.9308763789645778 21.168983625077814 22.661516218586325 
[1, 24, 48], [24, 20, 20], [1, 20, 20], [20, 20, 20], [2], 1, 0.001, 1, False, True 3.035087872655304 34.071661633987674 16.019754582515567 1.9827832121201352 23.085689155032103 17.031950407705967 
[1, 24, 48], [24, 20, 10], [1, 10, 10], [30, 30, 30], [2], 1, 0.001, 1, False, True 4.60139225627537 49.67987122225214 35.38738684050678 2.67300940635707 32.276779420062226 33.64810282822182 
[1, 24, 48], [24, 20, 15], [1, 20, 20], [30, 30, 30], [1, 2], 1, 0.001, 1, False, True 2.953057796425291 33.29345272244603 12.06948868207673 0.34398687784305254 6.861103661023939 2.17870120089795 
[1, 24, 48], [24, 20, 15], [1, 10, 10], [20, 20, 20], [2], 1, 0.001, 1, False, True 2.915583093961081 32.339205089845926 13.545667129212191 1.3332794563766497 15.365909948161995 10.750755968393756 
[1, 24, 48], [24, 20, 15], [1, 20, 20], [30, 30, 30], [2], 1, 0.001, 1, False, True 2.234911482312062 25.877669878980885 7.633856358488593 0.7768030803169802 10.37960343478461 4.893621647401575 
[1, 24, 48], [24, 20, 5], [1, 20, 20], [20, 20, 20], [1, 2], 1, 0.001, 1, False, True 2.6388492106287575 32.17277757947718 10.535220166853591 0.7212968038673683 9.39486664626624 4.775306660134434 
[1, 24, 48], [24, 20, 15], [1, 10, 10], [20, 20, 20], [1, 2], 1, 0.001, 1, False, True 5.904065747062368 68.69909374626421 43.00239143686793 1.6758265048188359 18.94846671530747 19.774940970527766 
[1, 24, 48], [24, 20, 15], [1, 20, 20], [30, 30, 30], [0, 1, 2], 1, 0.001, 1, False, True 4.514049942405137 50.92020852173607 26.70074638739966 0.9448832406769451 11.546796488304885 9.244950804523306 
[1, 24, 48], [24, 20, 10], [1, 10, 10], [30, 30, 30], [1, 2], 1, 0.001, 1, False, True 2.5181020724552656 29.39112619545915 9.506015128220055 0.8039043291128087 9.946153124338611 5.672154311420918 
[1, 24, 48], [24, 20, 20], [1, 10, 10], [30, 30, 30], [1, 2], 1, 0.001, 1, False, True 3.308399470205662 37.632315382806226 15.231297401358672 0.9179442432695288 11.898605840308349 7.53214219138771 
[1, 24, 48], [24, 20, 15], [1, 10, 10], [20, 20, 20], [0, 1, 2], 1, 0.001, 1, False, True 4.096506930390994 45.34254072321105 22.51496624602788 0.5255357148235915 4.874231312823345 6.742409299347093 
[1, 24, 48], [24, 20, 10], [1, 10, 10], [30, 30, 30], [0, 1, 2], 1, 0.001, 1, False, True 1.7929838774380864 20.61125379386623 4.416967018423878 0.22372749469126418 3.1912929304066115 0.9334562268298039 
[1, 24, 48], [24, 5, 5], [1, 20, 20], [20, 20, 20], [0, 1, 2], 1, 0.001, 1, False, True 2.992149112511566 35.092894314052664 12.662272171634777 0.915862637781904 10.492158409832506 7.527397375619018 
[1, 24, 48], [24, 20, 5], [1, 20, 20], [20, 20, 20], [0, 1, 2], 1, 0.001, 1, False, True 2.5683123532268746 29.779083086918998 8.873807775468903 0.3606457124238557 4.813248399294214 2.1274970564917903 
[1, 24, 48], [24, 10, 5], [1, 10, 10], [30, 30, 30], [0, 1, 2], 1, 0.001, 1, False, True 2.6916182585336554 32.00049092081551 10.39408991468441 0.8930601572129229 11.132120273921359 6.536669270150896 
[1, 24, 48], [24, 20, 20], [1, 20, 20], [20, 20, 20], [1, 2], 1, 0.001, 1, False, True 4.0396909768934615 48.90656447367285 21.26192126882179 0.12294343910185812 1.8248784778490648 2.0868958418180337 
[1, 24, 48], [24, 15, 5], [1, 10, 10], [20, 20, 20], [0, 1, 2], 1, 0.001, 1, False, True 3.77327777809567 43.226630838551664 20.124098409971577 0.7570315677482148 7.024793987195562 8.607744623370065 
[1, 24, 48], [24, 15, 5], [1, 20, 20], [30, 30, 30], [0, 1, 2], 1, 0.001, 1, False, True 3.2171994024956674 36.96161928052349 15.066937006395007 1.206903546870942 13.07025616067823 10.581247329582974 
