lags time_steps dense_nodes lstm_nodes processed scales                        epochs l2 learning_rate mean_mae mean_mape mean_mse                         std mae std_mape std_mse 
[1, 24], [24, 10], [1, 10], [20, 20], [0, 1], 1, 0.001, 1, False, True 1.1882708551672598 25.00160309969992 2.1259174244115657 0.06723789177184321 2.696320592430032 0.2598167199508682 
[1, 24], [24, 20], [1, 10], [20, 20], [0, 1], 1, 0.001, 1, False, True 1.2063630955224787 25.971312053216263 2.2028540499222475 0.014125947709752026 0.8667084901395364 0.07236802399649157 
[1, 24], [24, 15], [1, 10], [20, 20], [0, 1], 1, 0.001, 1, False, True 1.2250452398839924 26.120820064204725 2.2384254098381375 0.01978530554419433 1.1998685359357117 0.09928649384400542 
[1, 24], [24, 5], [1, 10], [20, 20], [0, 1], 1, 0.001, 1, False, True 1.1909608771955524 25.898995605809727 2.106346328567574 0.04540265617215556 1.9415297204981659 0.05614475325085728 
[1, 24], [24, 10], [1, 10], [30, 30], [0, 1], 1, 0.001, 1, False, True 1.2204863137703528 26.538007552688537 2.1967553654236607 0.010453780371100481 1.0872165314633677 0.027321582094228865 
[1, 24], [24, 5], [1, 10], [30, 30], [0, 1], 1, 0.001, 1, False, True 1.2109670350742008 26.494389385046063 2.1487827033746747 0.028554825579785028 1.5782497700177776 0.13482332900207053 
[1, 24], [24, 20], [1, 10], [30, 30], [0, 1], 1, 0.001, 1, False, True 1.2235771748202822 27.111878331592973 2.2122272400775302 0.042421249387233746 2.186520063314825 0.05980752052927308 
[1, 24], [24, 10], [1, 5], [20, 20], [0, 1], 1, 0.001, 1, False, True 1.185959092186143 24.980460812580557 2.1308743485576884 0.031471651644308825 1.0026208240447243 0.06034611591446476 
[1, 24], [24, 20], [1, 5], [20, 20], [0, 1], 1, 0.001, 1, False, True 1.1994189777652975 26.45809597892502 2.2004276066419397 0.04271221408929681 2.5526161262219014 0.011310968445308763 
[1, 24], [24, 20], [1, 5], [30, 30], [0, 1], 1, 0.001, 1, False, True 1.2044792083730163 25.82238956717265 2.262095583209065 0.006256621184533111 0.7198180763877727 0.054231263020953206 
[1, 24], [24, 10], [1, 5], [30, 30], [0, 1], 1, 0.001, 1, False, True 1.2246900991881613 26.37875582385199 2.286259811701669 0.0069168152802029734 1.4999987843280975 0.05507801584202851 
[1, 24], [24, 15], [1, 10], [30, 30], [0, 1], 1, 0.001, 1, False, True 1.2431375438899355 28.5707978500464 2.2877801518583545 0.04215118911640278 0.8892950245527961 0.127942059908115 
[1, 24], [24, 15], [1, 5], [30, 30], [0, 1], 1, 0.001, 1, False, True 1.2119068388792649 26.14019012453224 2.2387163084179598 0.009634189605308334 0.8154940191518789 0.0717933481872196 
[1, 24], [24, 5], [1, 5], [30, 30], [0, 1], 1, 0.001, 1, False, True 1.2440295783630404 26.92150516846345 2.346655243741535 0.09601190764724485 1.0704116712906862 0.3524431162590151 
[1, 24, 48], [24, 10, 5], [1, 10, 10], [20, 20, 20], [0, 1, 2], 1, 0.001, 1, False, True 1.3017893145309278 26.906515156397777 2.7581404564014647 0.05966112878894949 1.2851752875975957 0.3851188878081485 
[1, 24, 48], [24, 15, 5], [1, 10, 10], [30, 30, 30], [0, 1, 2], 1, 0.001, 1, False, True 1.39950916611555 31.449247775706954 3.402870061839715 0.05531173037704448 1.8008078592240127 0.38847579573907587 
[1, 24, 48], [24, 5, 5], [1, 20, 20], [20, 20, 20], [0, 1, 2], 1, 0.001, 1, False, True 1.2946647502033526 29.60290287541739 2.7757033986403177 0.029496850489701174 0.7748125900298587 0.09628471186556847 
[1, 24, 48], [24, 5, 5], [1, 10, 10], [20, 20, 20], [0, 1, 2], 1, 0.001, 1, False, True 1.363985545043316 31.966507611461083 3.095324079926789 0.03868375883410627 3.405030481192979 0.4028026763288809 
[1, 24, 48], [24, 15, 5], [1, 10, 10], [20, 20, 20], [0, 1, 2], 1, 0.001, 1, False, True 1.3270356081012222 29.30998101646328 2.9284783352063415 0.051298327685874195 0.8586926582486519 0.30349506939991827 
[1, 24, 48], [24, 5, 5], [1, 20, 20], [30, 30, 30], [0, 1, 2], 1, 0.001, 1, False, True 1.437555759855443 35.67402755352324 3.3885139505549535 0.07078878393121714 3.3775132701736084 0.40942618815223 
[1, 24, 48], [24, 5, 5], [1, 10, 10], [30, 30, 30], [0, 1, 2], 1, 0.001, 1, False, True 1.4350008061707573 29.47859954258044 3.2450182031104533 0.14060207662467125 1.8905622279534542 0.6666654333925558 
[1, 24, 48], [24, 10, 5], [1, 20, 20], [20, 20, 20], [0, 1, 2], 1, 0.001, 1, False, True 1.2898415422239513 30.805416690078953 2.7031870012985073 0.10676392472562524 2.8258619443010065 0.403485399776134 
[1, 24, 48], [24, 10, 5], [1, 20, 20], [30, 30, 30], [0, 1, 2], 1, 0.001, 1, False, True 1.456024780352083 35.22937046059665 3.5103175104049247 0.08514086116462025 1.945900526509675 0.40187381472263867 
[1, 24, 48], [24, 10, 5], [1, 10, 10], [30, 30, 30], [0, 1, 2], 1, 0.001, 1, False, True 1.5268294076366284 37.00000131482869 3.853356433595792 0.13856750712451174 4.413517300458505 0.973924581004485 
[1, 24, 48], [24, 20, 20], [1, 20, 20], [20, 20, 20], [0, 1, 2], 1, 0.001, 1, False, True 1.4550919760535985 33.55401348612509 3.6889362920008026 0.04972386209101089 1.5276780513687285 0.28474320831785505 
[1, 24, 48], [24, 20, 20], [1, 20, 20], [30, 30, 30], [0, 1, 2], 1, 0.001, 1, False, True 1.4093204288191543 32.839830946268386 3.3411789359279886 0.061456271352418115 2.887272425634577 0.2892639799973365 
[1, 24, 48], [24, 15, 5], [1, 20, 20], [30, 30, 30], [0, 1, 2], 1, 0.001, 1, False, True 1.459855956984339 35.24543041314738 3.506875853420849 0.03219061029078782 1.9991357825873681 0.039568006929517875 
[1, 24, 48], [24, 20, 5], [1, 10, 10], [20, 20, 20], [0, 1, 2], 1, 0.001, 1, False, True 1.306285627089717 28.268341189308313 3.0279685016624107 0.021518940158002847 2.0268737365385587 0.06663080954351128 
[1, 24, 48], [24, 20, 5], [1, 20, 20], [20, 20, 20], [0, 1, 2], 1, 0.001, 1, False, True 1.3683362483495365 31.191372141616778 3.0633757033939446 0.10004954799181666 3.388219849443909 0.5725023772217924 
[1, 24, 48], [24, 15, 5], [1, 20, 20], [20, 20, 20], [0, 1, 2], 1, 0.001, 1, False, True 1.3744157024176307 31.232544716435815 3.276946031699044 0.05765564095325225 0.442082103981512 0.5489795288940396 
[1, 24, 48], [24, 20, 5], [1, 10, 10], [30, 30, 30], [0, 1, 2], 1, 0.001, 1, False, True 1.4906486556002942 35.94286638112317 3.9787102212345253 0.06863619749757209 2.1114706776662024 0.4251121204280824 
[1, 24, 48], [24, 20, 20], [1, 10, 10], [20, 20, 20], [0, 1, 2], 1, 0.001, 1, False, True 1.3041053272525056 26.37348861875205 2.766842084843257 0.04602668805315432 4.25848768177492 0.14203369870985386 
[1, 24, 48], [24, 20, 20], [1, 10, 10], [30, 30, 30], [0, 1, 2], 1, 0.001, 1, False, True 1.400905106627141 31.728632253431964 3.2221965498302922 0.10055848975714275 5.2731018558003315 0.7497734951475903 
[1, 24, 48], [24, 20, 15], [1, 20, 20], [30, 30, 30], [0, 1, 2], 1, 0.001, 1, False, True 1.4283720068944 32.51602854566636 3.2904372703528666 0.1985447259227737 3.9495946324752333 0.864469643765736 
[1, 24, 48], [24, 20, 15], [1, 20, 20], [20, 20, 20], [0, 1, 2], 1, 0.001, 1, False, True 1.3043790107834397 29.88648726616053 2.82414604598439 0.07648785686436964 2.0689384188627344 0.4466356997344488 
[1, 24, 48], [24, 20, 15], [1, 10, 10], [30, 30, 30], [0, 1, 2], 1, 0.001, 1, False, True 1.3749369634384359 32.043550102368364 2.8269230308178934 0.10025939482350482 4.191961679550553 0.48774576363585226 
[1, 24, 48], [24, 20, 15], [1, 10, 10], [20, 20, 20], [0, 1, 2], 1, 0.001, 1, False, True 1.2671747158902391 25.52839959267985 2.58989560742257 0.13651527264573693 1.1927544184487304 0.6112790965235979 
[1, 24, 48], [24, 20, 10], [1, 20, 20], [30, 30, 30], [0, 1, 2], 1, 0.001, 1, False, True 1.3799396592933961 31.63641121414358 3.2162259639909956 0.10748857976888075 3.755046615682658 0.6023014820632618 
[1, 24, 48], [24, 20, 10], [1, 10, 10], [20, 20, 20], [0, 1, 2], 1, 0.001, 1, False, True 1.3261364437622465 28.852878690636743 2.923344964651873 0.08437597717397127 4.071823443773812 0.34267230446566244 
[1, 24, 48], [24, 20, 5], [1, 20, 20], [30, 30, 30], [0, 1, 2], 1, 0.001, 1, False, True 1.4480536266643966 34.118119851280824 3.5014557468715375 0.07722748519841241 0.9386949311372772 0.37552476194552126 
[1, 24, 48], [24, 20, 10], [1, 10, 10], [30, 30, 30], [0, 1, 2], 1, 0.001, 1, False, True 1.361482080658553 31.53866121631637 3.16862962668938 0.012020141690629219 2.707604276158945 0.16977132710544732 
[1, 24, 48], [24, 20, 10], [1, 20, 20], [20, 20, 20], [0, 1, 2], 1, 0.001, 1, False, True 1.3993852487592786 32.950795452119316 3.399547470250768 0.042688240397400226 1.741079450176479 0.30021629272959893 
[1, 24, 48], [24, 20, 20], [1, 10, 10], [30, 30, 30], [1, 2], 1, 0.001, 1, False, True 1.2717785087103646 27.502200324500436 2.7005346310986442 0.04213677042985471 0.8651706886119271 0.2348186020895321 
[1, 24, 48], [24, 20, 20], [1, 20, 20], [20, 20, 20], [1, 2], 1, 0.001, 1, False, True 1.2501867841101353 27.98508117316466 2.6680934565857686 0.02751329701728223 0.31917225822875067 0.1539160954016519 
[1, 24, 48], [24, 5, 5], [1, 10, 10], [30, 30, 30], [1, 2], 1, 0.001, 1, False, True 1.2606299404986203 27.251964546455056 2.6885860984375025 0.03115214651215281 0.1908768225893955 0.23627750391292843 
[1, 24, 48], [24, 20, 20], [1, 10, 10], [20, 20, 20], [1, 2], 1, 0.001, 1, False, True 1.3157295260664628 29.590753486087525 2.8371712956989 0.037732812259897476 2.2221515528540565 0.09119522051490012 
[1, 24, 48], [24, 5, 5], [1, 10, 10], [20, 20, 20], [1, 2], 1, 0.001, 1, False, True 1.3104356808725885 28.74386906821498 2.8293537398245476 0.09996313598686685 1.449230155403214 0.34052018298627923 
[1, 24, 48], [24, 20, 15], [1, 20, 20], [20, 20, 20], [1, 2], 1, 0.001, 1, False, True 1.2762630978599192 28.930983159396487 2.812642840417682 0.02771229484645188 1.5261517939912126 0.11225613852422478 
[1, 24, 48], [24, 5, 5], [1, 20, 20], [20, 20, 20], [1, 2], 1, 0.001, 1, False, True 1.3180816550842591 29.186102103981785 2.869344603662627 0.07061612717095296 1.427924255170935 0.22139833200674042 
[1, 24, 48], [24, 20, 15], [1, 20, 20], [30, 30, 30], [1, 2], 1, 0.001, 1, False, True 1.3116853587743311 30.422407780876057 3.044872372853046 0.03619711325086839 1.8800166353156968 0.17942611821285778 
[1, 24, 48], [24, 5, 5], [1, 20, 20], [30, 30, 30], [1, 2], 1, 0.001, 1, False, True 1.2956181496381758 29.614467448942317 2.6163280691020407 0.016286160670783804 1.782099285894697 0.14530860638416043 
[1, 24, 48], [24, 15, 5], [1, 20, 20], [20, 20, 20], [1, 2], 1, 0.001, 1, False, True 1.2991778560275973 29.876741247745443 2.8213073913028257 0.03703330289833654 0.668648290270538 0.2671778798681336 
[1, 24, 48], [24, 10, 5], [1, 10, 10], [20, 20, 20], [1, 2], 1, 0.001, 1, False, True 1.214038877941116 26.56371826124305 2.393684877791559 0.0710866034479131 2.138670729054305 0.38311971481103013 
[1, 24, 48], [24, 15, 5], [1, 10, 10], [20, 20, 20], [1, 2], 1, 0.001, 1, False, True 1.2957559267748835 27.970011782953566 2.863555547201674 0.059541595537667226 2.2247014185291354 0.25935441546732124 
[1, 24, 48], [24, 10, 5], [1, 20, 20], [30, 30, 30], [1, 2], 1, 0.001, 1, False, True 1.2571144721091343 28.22919400958818 2.619867897854723 0.024743237695288602 2.32350226361724 0.030566303254400115 
[1, 24, 48], [24, 10, 5], [1, 20, 20], [20, 20, 20], [1, 2], 1, 0.001, 1, False, True 1.1918020178512154 27.569527533407822 2.4234684360624263 0.02510775314409324 1.918140882451841 0.13133106070221517 
[1, 24, 48], [24, 10, 5], [1, 10, 10], [30, 30, 30], [1, 2], 1, 0.001, 1, False, True 1.4110642983957573 33.23326564032529 3.257372731637716 0.06372937160697985 1.622352841082314 0.24573481390010815 
[1, 24, 48], [24, 20, 5], [1, 10, 10], [30, 30, 30], [1, 2], 1, 0.001, 1, False, True 1.292765144686456 29.892003738124533 2.9307337588963307 0.03609931979654438 1.4458912822250065 0.1605296303386102 
[1, 24, 48], [24, 15, 5], [1, 10, 10], [30, 30, 30], [1, 2], 1, 0.001, 1, False, True 1.3608759621675643 31.38361115530002 3.2516389235720093 0.11524637774434929 3.430322401708654 0.3106667185337534 
[1, 24, 48], [24, 20, 5], [1, 20, 20], [20, 20, 20], [1, 2], 1, 0.001, 1, False, True 1.24278114369415 27.30621903012674 2.647254493383853 0.08850825795504322 1.627232814726907 0.3897776648848687 
[1, 24, 48], [24, 20, 5], [1, 10, 10], [20, 20, 20], [1, 2], 1, 0.001, 1, False, True 1.255756554843996 26.517612502846863 2.5268607119416036 0.08078777449468746 3.542298471829955 0.31349703238339105 
[1, 24, 48], [24, 15, 5], [1, 20, 20], [30, 30, 30], [1, 2], 1, 0.001, 1, False, True 1.3280714934139894 30.702200232511146 2.8820135867088372 0.0652550884948808 1.0859733237102227 0.43826959208730004 
[1, 24, 48], [24, 20, 15], [1, 10, 10], [30, 30, 30], [1, 2], 1, 0.001, 1, False, True 1.338154735474813 28.522034427347553 3.1523991533896143 0.028892888334607094 0.8663795762093957 0.17215810135314422 
[1, 24, 48], [24, 20, 5], [1, 20, 20], [30, 30, 30], [1, 2], 1, 0.001, 1, False, True 1.2808461099242172 29.69254570218588 2.906085881061868 0.03563176877273233 0.5785036410705334 0.28229945658389444 
[1, 24, 48], [24, 20, 10], [1, 10, 10], [30, 30, 30], [1, 2], 1, 0.001, 1, False, True 1.328695493146639 29.628224136591754 2.9379043409895567 0.1224719388603721 2.694976792979521 0.4052314356862516 
[1, 24, 48], [24, 20, 10], [1, 20, 20], [20, 20, 20], [1, 2], 1, 0.001, 1, False, True 1.3360038075182175 30.08111335677965 3.0326612840883143 0.037211208877956654 0.6995633218756883 0.28842124782543527 
[1, 24, 48], [24, 20, 15], [1, 10, 10], [20, 20, 20], [1, 2], 1, 0.001, 1, False, True 1.307361670476557 27.22519104887063 2.89732856152554 0.046748181127866134 1.0760748452155597 0.16910668338182655 
[1, 24, 48], [24, 20, 10], [1, 20, 20], [30, 30, 30], [1, 2], 1, 0.001, 1, False, True 1.3284652471369893 30.383197230612037 2.8840115581348353 0.04294279632421371 1.2604706319949204 0.20478592244110294 
[1, 24, 48], [24, 20, 10], [1, 10, 10], [20, 20, 20], [1, 2], 1, 0.001, 1, False, True 1.3662923210610947 29.84177392783575 2.827150198988259 0.13533558527276335 3.643777201946021 0.5365358607433579 
[1, 24, 48], [24, 5, 5], [1, 20, 20], [20, 20, 20], [2], 1, 0.001, 1, False, True 1.2463401761406139 27.524967171401688 2.477252746692672 0.11457986746032264 2.863158025569031 0.2842319473072122 
[1, 24, 48], [24, 5, 5], [1, 10, 10], [30, 30, 30], [2], 1, 0.001, 1, False, True 1.416300666684078 29.866884215457034 3.190463072328883 0.048827201462164786 0.7034983231636474 0.45199541803992727 
[1, 24, 48], [24, 5, 5], [1, 10, 10], [20, 20, 20], [2], 1, 0.001, 1, False, True 1.3035506214670562 27.723861303907487 2.8665588966141247 0.07374824053747461 1.1450918622790884 0.17154187142958308 
[1, 24, 48], [24, 5, 5], [1, 20, 20], [30, 30, 30], [2], 1, 0.001, 1, False, True 1.2887728502077087 29.828711858092024 2.703640013429737 0.05551732932647474 2.407784928769737 0.30370501291316065 
[1, 24, 48], [24, 20, 10], [1, 20, 20], [20, 20, 20], [2], 1, 0.001, 1, False, True 1.365403667613174 28.936644260001646 3.0114629866204425 0.05173630876152036 0.5059579840772788 0.20653609242126023 
[1, 24, 48], [24, 20, 10], [1, 10, 10], [20, 20, 20], [2], 1, 0.001, 1, False, True 1.271784079842339 28.22546733198156 2.7893655087883253 0.07267857367478618 2.3230081168272383 0.22231420261917337 
[1, 24, 48], [24, 20, 10], [1, 10, 10], [30, 30, 30], [2], 1, 0.001, 1, False, True 1.3758504416448651 28.400446286749382 3.0604779269869944 0.09595840401085007 2.877928025199484 0.4321236819100613 
[1, 24, 48], [24, 20, 15], [1, 10, 10], [20, 20, 20], [2], 1, 0.001, 1, False, True 1.2575981698240397 26.686798294956446 2.5645760822597876 0.043354997547316525 2.9416494595465466 0.1520875534932651 
[1, 24, 48], [24, 20, 15], [1, 20, 20], [30, 30, 30], [2], 1, 0.001, 1, False, True 1.3447391493004508 29.769960079764147 3.0720924401947194 0.0013947537478997839 1.531273152980164 0.08434510524506554 
[1, 24, 48], [24, 20, 15], [1, 20, 20], [20, 20, 20], [2], 1, 0.001, 1, False, True 1.2509123462493772 26.201475187693774 2.769657477594777 0.08890701260002265 2.185136937025961 0.2501457061693668 
[1, 24, 48], [24, 20, 15], [1, 10, 10], [30, 30, 30], [2], 1, 0.001, 1, False, True 1.3363219085546143 26.240212217521332 2.78954258071065 0.08838627648232185 2.3925711149406466 0.42083051701059276 
[1, 24, 48], [24, 20, 20], [1, 10, 10], [20, 20, 20], [2], 1, 0.001, 1, False, True 1.3110411005767266 25.50873343802665 2.866907165876118 0.07760731758263066 1.9302979238178812 0.3541351492275251 
[1, 24], [24, 5], [1, 10], [20, 20], [1], 1, 0.001, 1, False, True 1.259398768707696 27.270878791752363 2.421178045511304 0.0273164208553265 1.0705473617433394 0.0694062491623016 
[1, 24], [24, 5], [1, 5], [20, 20], [1], 1, 0.001, 1, False, True 1.3149958272878495 27.57822646507357 2.6380902242298543 0.023189830567816042 0.8721918649004782 0.06083208225759311 
[1, 24], [24, 5], [1, 5], [30, 30], [1], 1, 0.001, 1, False, True 1.2624749381353872 26.072963847608307 2.349086653099789 0.03644788943279919 0.849126656657631 0.1169833165874655 
[1, 24], [24, 5], [1, 10], [30, 30], [1], 1, 0.001, 1, False, True 1.2380883119896882 27.775484604660978 2.3729967426599003 0.04449304104409829 1.5454279091559011 0.18845251730092158 
[1, 24], [24, 10], [1, 10], [30, 30], [1], 1, 0.001, 1, False, True 1.1801874255037144 25.66206274142967 2.091874656777739 0.0910165033547499 2.1757110274196765 0.20533251563800123 
[1, 24, 48], [24, 20, 10], [1, 20, 20], [30, 30, 30], [2], 1, 0.001, 1, False, True 1.2738523125993433 28.286671977314327 2.8417070057433977 0.08368603027825808 1.1356769016220647 0.5234148236755167 
[1, 24, 48], [24, 20, 20], [1, 20, 20], [30, 30, 30], [1, 2], 1, 0.001, 1, False, True 1.2783038809774787 27.927130882471232 2.8357086160027603 0.03306723157386305 2.971201434178427 0.0878617979139377 
[1, 24, 48], [24, 20, 20], [1, 20, 20], [20, 20, 20], [2], 1, 0.001, 1, False, True 1.287114560448875 25.733951356873032 2.7648310046296185 0.04940264631569185 0.7303508564702823 0.27759535691025394 
[1, 24, 48], [24, 20, 20], [1, 20, 20], [30, 30, 30], [2], 1, 0.001, 1, False, True 1.324660431355652 27.530131363494828 3.022666711721216 0.06446135915889292 1.093531123254511 0.3108228982327076 
[1, 24], [24, 10], [1, 5], [30, 30], [1], 1, 0.001, 1, False, True 1.1867912700934404 24.00625183002877 2.1802762838482983 0.008462063154083342 0.3674697341991398 0.02245827877205507 
[1, 24, 48], [24, 20, 20], [1, 10, 10], [30, 30, 30], [2], 1, 0.001, 1, False, True 1.2845188257008517 25.683635047510368 2.861453555519932 0.07117006277067554 1.5665574466241405 0.37743444414184263 
[1, 24], [24, 20], [1, 5], [30, 30], [1], 1, 0.001, 1, False, True 1.2596641066794596 26.250343492468662 2.403378182016312 0.020538353238710724 0.7245593677095234 0.09398550528202043 
[1, 24], [24, 10], [1, 5], [20, 20], [1], 1, 0.001, 1, False, True 1.2878535146549066 24.897209997883937 2.5861803175744575 0.040565365135013236 0.5299104440523652 0.09880533455829905 
[1, 24], [24, 10], [1, 10], [20, 20], [1], 1, 0.001, 1, False, True 1.2325655514581337 25.186699122828298 2.416520143911692 0.040449016938696236 0.9783808094498485 0.16091694591563627 
[1, 24], [24, 20], [1, 5], [20, 20], [1], 1, 0.001, 1, False, True 1.239461361632372 25.524406349188272 2.370426085117361 0.03559399999196559 1.1824838772021227 0.06383583358297791 
[1, 24], [24, 20], [1, 10], [20, 20], [1], 1, 0.001, 1, False, True 1.2585586423709714 24.82632594567036 2.5264558725583 0.06324193061358203 1.6956045511362667 0.1977296545898345 
[1, 24], [24, 20], [1, 10], [30, 30], [1], 1, 0.001, 1, False, True 1.2384310403459327 24.895219550699974 2.3454205648949444 0.04910909736715439 1.127462443526327 0.1994111642649536 
[1, 24], [24, 15], [1, 5], [20, 20], [1], 1, 0.001, 1, False, True 1.2728719947066298 26.11800715739923 2.4851436909358093 0.02495621783763505 0.38899974137495075 0.1361348227926224 
[1, 24], [24, 15], [1, 10], [20, 20], [1], 1, 0.001, 1, False, True 1.2350852971724064 26.769261638188738 2.31585173646276 0.04136217534484512 2.6072780776280773 0.18744239508058014 
[1, 24], [24, 15], [1, 5], [30, 30], [1], 1, 0.001, 1, False, True 1.2752573953975956 27.578686852406452 2.319793469230134 0.03723149657274691 1.4387830914981248 0.17993683388701154 
[1, 24], [24, 15], [1, 10], [30, 30], [1], 1, 0.001, 1, False, True 1.2177016971563852 26.25338481193842 2.199359987428414 0.03676431360548146 1.3774781370998885 0.14220275587612005 
[1, 24], [24, 5], [1, 5], [30, 30], [0, 1], 2, 0.001, 1, False, False 1.2709318018173457 29.01279435469782 2.3516689745035264 0.030587973674624284 0.4513244526165052 0.2118755073582806 
[1, 24], [24, 5], [1, 10], [20, 20], [0, 1], 2, 0.001, 1, False, False 1.2558621747281267 26.60989712694428 2.3169163689798027 0.07383493963267462 2.410439877307121 0.24946704632325623 
[1, 24], [24, 5], [1, 5], [20, 20], [0, 1], 2, 0.001, 1, False, False 1.2506115171989356 25.894558883661517 2.253243341367828 0.021762829814921638 0.8891750029322838 0.13897105656139727 
[1, 24], [24, 10], [1, 5], [20, 20], [0, 1], 2, 0.001, 1, False, False 1.2324801396509564 25.588396756757174 2.193656725963565 0.026572716359670377 1.7485604320755619 0.077707210147535 
[1, 24], [24, 5], [1, 10], [30, 30], [0, 1], 2, 0.001, 1, False, False 1.1900151187347043 25.22246315799109 2.123684180930131 0.02793356859939121 0.45407384551768337 0.16884610040769304 
[1, 24], [24, 15], [1, 10], [20, 20], [0, 1], 2, 0.001, 1, False, False 1.146813559577007 23.548248231383713 2.0075378616009214 0.03701924856600253 0.7753431575545608 0.10213236488238782 
[1, 24], [24, 10], [1, 10], [20, 20], [0, 1], 2, 0.001, 1, False, False 1.2806997083713887 27.55696706570662 2.26922593222574 0.050124838500893304 2.4270836780771794 0.11557943040183805 
[1, 24], [24, 10], [1, 5], [30, 30], [0, 1], 2, 0.001, 1, False, False 1.2088306375951678 25.572978368859292 2.1966955975649594 0.03219583298641712 0.9373764267422358 0.1266821477830532 
[1, 24], [24, 15], [1, 5], [20, 20], [0, 1], 2, 0.001, 1, False, False 1.2119498418092176 24.817632144528133 2.2748760878913385 0.04247940689029305 1.4740864304540118 0.04535785360957697 
[1, 24], [24, 10], [1, 10], [30, 30], [0, 1], 2, 0.001, 1, False, False 1.1874085544073887 24.963908019941183 2.0483694010680007 0.05857642301686727 2.8628536539231093 0.08012817339670925 
[1, 24], [24, 15], [1, 5], [30, 30], [0, 1], 2, 0.001, 1, False, False 1.2611039843099814 26.500400227258595 2.2880331265349256 0.08216290761416362 1.9566416424245108 0.37596407611442745 
[1, 24], [24, 15], [1, 10], [30, 30], [0, 1], 2, 0.001, 1, False, False 1.1702718735293107 24.632267205563156 1.9707069843644354 0.06442489934182687 2.443755387886327 0.1260209577827279 
[1, 24], [24, 5], [1, 10], [20, 20], [1], 2, 0.001, 1, False, False 1.1455892176988225 23.457771793409137 2.0895847720879237 0.0742266833844107 2.170984068053321 0.1936075553452634 
[1, 24], [24, 5], [1, 5], [30, 30], [1], 2, 0.001, 1, False, False 1.2007583226525675 27.218602067056256 2.132261755960433 0.042834940455259936 1.7469205599636972 0.08269178876668354 
[1, 24], [24, 5], [1, 5], [20, 20], [1], 2, 0.001, 1, False, False 1.1951765072014595 24.276630938543505 2.199485909610729 0.030809221007962125 1.0193849729877085 0.09586197853626306 
[1, 24], [24, 20], [1, 5], [20, 20], [0, 1], 2, 0.001, 1, False, False 1.161881793583571 23.129029451152277 2.1106562456647855 0.01311625299853476 0.524151567259621 0.05360102953230537 
[1, 24], [24, 20], [1, 10], [20, 20], [0, 1], 2, 0.001, 1, False, False 1.2125258130521548 25.29350900813419 2.213848853163221 0.06589102856938656 1.7194101684910155 0.18931619904168548 
[1, 24], [24, 5], [1, 10], [30, 30], [1], 2, 0.001, 1, False, False 1.2221797747451262 24.912060250289603 2.3558993241225425 0.03642210975592157 1.423694649382151 0.06444971604746474 
[1, 24], [24, 10], [1, 5], [20, 20], [1], 2, 0.001, 1, False, False 1.167861655349326 21.63189244794005 2.237183084874928 0.1031633607866927 2.373010653518752 0.3085750607883928 
[1, 24], [24, 20], [1, 5], [30, 30], [0, 1], 2, 0.001, 1, False, False 1.2381613412320063 25.997396753455096 2.2154118910484795 0.028296356741690246 0.9657660468601685 0.07678535377293065 
[1, 24], [24, 10], [1, 5], [30, 30], [1], 2, 0.001, 1, False, False 1.201641772466677 24.815063610379894 2.2287208763563133 0.059986555351765794 1.7038265806187636 0.19845623976340793 
[1, 24], [24, 10], [1, 10], [20, 20], [1], 2, 0.001, 1, False, False 1.1296411342401473 22.406680482738007 1.9500008932460073 0.14655935488234653 3.9766569489115198 0.40873346720448295 
[1, 24], [24, 10], [1, 10], [30, 30], [1], 2, 0.001, 1, False, False 1.1286557417604384 23.353844575168395 2.036069480099343 0.009051118143869384 0.8735850437977324 0.005153356064395658 
[1, 24], [24, 20], [1, 10], [30, 30], [0, 1], 2, 0.001, 1, False, False 1.250102312548983 27.681030171342552 2.1915512242306843 0.02339667823550247 0.39767703162819623 0.02506476616001725 
[1, 24], [24, 15], [1, 5], [20, 20], [1], 2, 0.001, 1, False, False 1.1979719371741844 23.599593383656977 2.2201909577128354 0.03074011626819744 0.9988817117044525 0.1336510352338303 
[1, 24], [24, 15], [1, 5], [30, 30], [1], 2, 0.001, 1, False, False 1.2442222764336126 27.174470861306904 2.310052785520747 0.035775483947002445 0.7351836855126302 0.10415191227431966 
[1, 24], [24, 15], [1, 10], [30, 30], [1], 2, 0.001, 1, False, False 1.1815207054631578 25.503148001988734 2.09577256677779 0.03087829500874586 0.8682891942076651 0.06990571035859307 
[1, 24], [24, 15], [1, 10], [20, 20], [1], 2, 0.001, 1, False, False 1.188785707022719 24.903867654395587 2.1034939945271534 0.009499384566878767 2.5443978880949323 0.04667954737336281 
[1, 24], [24, 20], [1, 10], [20, 20], [1], 2, 0.001, 1, False, False 1.1459031071927814 22.73427424370652 2.0877301968838844 0.01285386566023202 1.7756767158450915 0.04735320794899731 
[1, 24], [24, 20], [1, 5], [20, 20], [1], 2, 0.001, 1, False, False 1.2304536360281488 24.59861686399556 2.348286158101556 0.036032773681391336 1.8502821370205602 0.1427910367450253 
[1, 24], [24, 20], [1, 5], [30, 30], [1], 2, 0.001, 1, False, False 1.2780163496525752 27.69318391261743 2.3320821000209353 0.01870801133534894 1.1827921983251348 0.08618583506131108 
[1, 24], [24, 20], [1, 10], [30, 30], [1], 2, 0.001, 1, False, False 1.15498539192809 23.706734920179738 2.140598516364387 0.0972378959052494 2.684777245485053 0.26325274738881976 
[1, 24, 48], [24, 5, 5], [1, 20, 20], [20, 20, 20], [1, 2], 2, 0.001, 1, False, False 1.1065247468339898 26.460716058558287 2.0281148477045665 0.008416064225029237 1.01298940309095 0.013959120385398288 
[1, 24, 48], [24, 5, 5], [1, 10, 10], [30, 30, 30], [1, 2], 2, 0.001, 1, False, False 1.1041256531900556 26.570455489047145 1.9539137198429837 0.019083508927876316 0.9450596543209887 0.05383661014080951 
[1, 24, 48], [24, 10, 5], [1, 10, 10], [20, 20, 20], [0, 1, 2], 2, 0.001, 1, False, False 1.1985069714728054 26.925335078387175 2.477612688404023 0.04811392226432803 1.5686807697765104 0.2862595345336764 
[1, 24, 48], [24, 5, 5], [1, 20, 20], [30, 30, 30], [1, 2], 2, 0.001, 1, False, False 1.0982576271105147 26.29934494736115 1.9693023914810868 0.028383002091458106 0.44723183742649986 0.11818228389298963 
[1, 24, 48], [24, 10, 5], [1, 10, 10], [20, 20, 20], [1, 2], 2, 0.001, 1, False, False 1.1419023549563632 26.237019719749735 2.241632910113004 0.07829160389223416 1.683299817577826 0.41721232089878346 
[1, 24, 48], [24, 10, 5], [1, 10, 10], [30, 30, 30], [1, 2], 2, 0.001, 1, False, False 1.1638604444624097 28.92667413620521 2.1871492931666436 0.07517216899652159 1.2170325414124286 0.2460571475551645 
[1, 24, 48], [24, 5, 5], [1, 10, 10], [20, 20, 20], [0, 1, 2], 2, 0.001, 1, False, False 1.162374525120551 25.935947768949987 2.2011103325985 0.045024749576532457 0.3001328233831366 0.04789314756787908 
[1, 24, 48], [24, 20, 20], [1, 10, 10], [20, 20, 20], [0, 1, 2], 2, 0.001, 1, False, False 1.2542170819446996 28.375642008382243 2.753717294951167 0.039010584362153954 1.481947457108261 0.2955298031673291 
[1, 24, 48], [24, 5, 5], [1, 20, 20], [20, 20, 20], [0, 1, 2], 2, 0.001, 1, False, False 1.1537713836964771 26.577789570978652 2.297675819548757 0.05180478909968616 1.2543833980829127 0.22091832130326952 
[1, 24, 48], [24, 20, 15], [1, 20, 20], [20, 20, 20], [0, 1, 2], 2, 0.001, 1, False, False 1.1842676191797687 26.628669778833224 2.295628809215653 0.0505628371867444 1.4460117677240198 0.2846910713986581 
[1, 24, 48], [24, 5, 5], [1, 10, 10], [20, 20, 20], [1, 2], 2, 0.001, 1, False, False 1.1470092437540493 27.565155675932544 2.130376357698722 0.05239452927606151 1.3275217194018345 0.0975396405869336 
[1, 24, 48], [24, 5, 5], [1, 20, 20], [30, 30, 30], [0, 1, 2], 2, 0.001, 1, False, False 1.1884429419827127 27.670741225113826 2.243370037316634 0.024217738657620818 0.8611225568100027 0.07413824939024391 
[1, 24, 48], [24, 20, 15], [1, 10, 10], [30, 30, 30], [0, 1, 2], 2, 0.001, 1, False, False 1.2582424127410545 28.423746530789995 2.6169161848485154 0.026236343845591627 2.0004697427245364 0.1491675306543433 
[1, 24, 48], [24, 20, 15], [1, 10, 10], [20, 20, 20], [0, 1, 2], 2, 0.001, 1, False, False 1.2054991233455778 26.210629169213714 2.50064972236453 0.03503938028472011 1.3662050621390796 0.10840594153984784 
[1, 24, 48], [24, 5, 5], [1, 10, 10], [30, 30, 30], [0, 1, 2], 2, 0.001, 1, False, False 1.2819031596425232 30.060878142574456 2.6569046787316735 0.019505463133167478 0.7615198364575417 0.1457152492244854 
[1, 24, 48], [24, 20, 15], [1, 20, 20], [30, 30, 30], [0, 1, 2], 2, 0.001, 1, False, False 1.2077437404681137 28.37505250052418 2.322480481078193 0.018784141009374974 0.1806750932948448 0.06958937323138469 
[1, 24, 48], [24, 20, 10], [1, 20, 20], [30, 30, 30], [0, 1, 2], 2, 0.001, 1, False, False 1.1944278715143877 27.848810085497405 2.2799079443991634 0.0848578573381345 1.6678129262066113 0.2776499214441535 
[1, 24, 48], [24, 20, 10], [1, 20, 20], [20, 20, 20], [0, 1, 2], 2, 0.001, 1, False, False 1.1589326016984327 26.66939996454627 2.3588112449508354 0.03623622654459322 0.29428324549620305 0.21985444111896257 
[1, 24, 48], [24, 20, 10], [1, 10, 10], [30, 30, 30], [0, 1, 2], 2, 0.001, 1, False, False 1.2227676132831862 27.480483288545567 2.539152496091388 0.04531077001912595 1.5891795035258551 0.2936287696782203 
[1, 24, 48], [24, 15, 5], [1, 10, 10], [20, 20, 20], [1, 2], 2, 0.001, 1, False, False 1.1696847274209616 26.37720892579046 2.2336932077996043 0.09300474413808332 1.3572667906423832 0.47396979910255055 
[1, 24, 48], [24, 10, 5], [1, 20, 20], [20, 20, 20], [1, 2], 2, 0.001, 1, False, False 1.0525387873976595 25.379457435461433 1.9170557581418641 0.01944648673613715 0.8871649663291911 0.058447366315786994 
[1, 24, 48], [24, 10, 5], [1, 20, 20], [30, 30, 30], [1, 2], 2, 0.001, 1, False, False 1.1092690969386172 26.550949256455453 1.9938301773360065 0.02754500442919605 1.3671576071577003 0.15055521356011597 
[1, 24, 48], [24, 15, 5], [1, 10, 10], [30, 30, 30], [1, 2], 2, 0.001, 1, False, False 1.1432969945689873 28.548679521740155 2.126181791506271 0.020413021190130914 0.6512764212284522 0.09181025222092692 
[1, 24, 48], [24, 15, 5], [1, 20, 20], [20, 20, 20], [1, 2], 2, 0.001, 1, False, False 1.0884068377919633 25.47452939733682 2.097136891701196 0.016927163900108785 0.4275293862116435 0.13900351399176666 
[1, 24, 48], [24, 15, 5], [1, 10, 10], [30, 30, 30], [0, 1, 2], 2, 0.001, 1, False, False 1.1937259210791027 26.048383353999526 2.430487143181218 0.04839839367730493 2.4323996329773734 0.06926842928504023 
[1, 24, 48], [24, 10, 5], [1, 20, 20], [20, 20, 20], [0, 1, 2], 2, 0.001, 1, False, False 1.1520391620799073 26.301481652031214 2.2357763117264375 0.01548814812868687 0.46932218024575156 0.07873158285038029 
[1, 24, 48], [24, 20, 20], [1, 10, 10], [30, 30, 30], [0, 1, 2], 2, 0.001, 1, False, False 1.2576852661419524 28.352673919347406 2.6665408037230622 0.003925303321084704 0.21554713181049545 0.041455096342479694 
[1, 24, 48], [24, 15, 5], [1, 20, 20], [30, 30, 30], [0, 1, 2], 2, 0.001, 1, False, False 1.2051975300983975 27.317105989352395 2.4201997650159033 0.032277814279029364 0.3598642842160122 0.2355993180821303 
[1, 24, 48], [24, 15, 5], [1, 20, 20], [20, 20, 20], [0, 1, 2], 2, 0.001, 1, False, False 1.2104987762040562 27.520375433893737 2.585244357898954 0.011617949340645082 0.20815313049951484 0.0520252900059495 
[1, 24, 48], [24, 10, 5], [1, 10, 10], [30, 30, 30], [0, 1, 2], 2, 0.001, 1, False, False 1.179983461589587 27.127401089498765 2.3240071035287526 0.046269850407874055 0.7758038232991001 0.12771401789741144 
[1, 24, 48], [24, 10, 5], [1, 20, 20], [30, 30, 30], [0, 1, 2], 2, 0.001, 1, False, False 1.207001136650366 27.363419150219272 2.419650025813543 0.025169380976724304 0.47718002120996933 0.140461293938896 
[1, 24, 48], [24, 20, 20], [1, 20, 20], [20, 20, 20], [0, 1, 2], 2, 0.001, 1, False, False 1.1652889560977069 27.17281137793739 2.3462531999045826 0.0034659038428687798 0.312836685142039 0.062434426287601846 
[1, 24, 48], [24, 20, 20], [1, 20, 20], [30, 30, 30], [0, 1, 2], 2, 0.001, 1, False, False 1.1925551848141132 28.221801325332127 2.2832370511888933 0.02529596864022411 0.6321779518596577 0.17295275691423098 
[1, 24, 48], [24, 5, 5], [1, 10, 10], [20, 20, 20], [2], 2, 0.001, 1, False, False 1.1302810895843087 23.637262622832136 2.1404141875876777 0.05648415902017919 1.3058862026284974 0.3339951901111691 
[1, 24, 48], [24, 5, 5], [1, 10, 10], [30, 30, 30], [2], 2, 0.001, 1, False, False 1.1668397569959914 26.80731006645681 2.345933756665755 0.011618933515104207 0.7845557997291539 0.16005605177862225 
[1, 24, 48], [24, 20, 5], [1, 10, 10], [20, 20, 20], [0, 1, 2], 2, 0.001, 1, False, False 1.2022108742656807 27.059111896109176 2.534006012663409 0.039757567152699035 0.907459857784653 0.22668263040385914 
[1, 24, 48], [24, 20, 5], [1, 10, 10], [30, 30, 30], [0, 1, 2], 2, 0.001, 1, False, False 1.2600500880706091 28.927862645217434 2.6132851423228334 0.03346686569400582 0.5620659024477239 0.24698131802356182 
[1, 24, 48], [24, 20, 5], [1, 20, 20], [30, 30, 30], [0, 1, 2], 2, 0.001, 1, False, False 1.2178974332408634 27.766708068226492 2.526535853330629 0.0461744588766733 1.5809033796674195 0.2958507903018737 
[1, 24, 48], [24, 20, 10], [1, 10, 10], [20, 20, 20], [0, 1, 2], 2, 0.001, 1, False, False 1.1702874625791555 26.005605585271184 2.2427275383627996 0.03433777423603337 1.5817283528842347 0.14043871084534162 
[1, 24, 48], [24, 20, 15], [1, 20, 20], [20, 20, 20], [2], 2, 0.001, 1, False, False 1.1126803389474473 26.021159152964497 2.0742156831952934 0.008675637019148605 1.00745730410896 0.09472972918328583 
[1, 24, 48], [24, 20, 10], [1, 10, 10], [20, 20, 20], [2], 2, 0.001, 1, False, False 1.2094322422829766 26.391200673711708 2.329204135254249 0.015145295491101858 1.5265743368131448 0.03980955774383484 
[1, 24, 48], [24, 20, 5], [1, 20, 20], [20, 20, 20], [0, 1, 2], 2, 0.001, 1, False, False 1.137161949266576 25.081879860610353 2.0979788752651607 0.013673243501430572 1.3713432411438953 0.08129812774518129 
[1, 24, 48], [24, 20, 15], [1, 20, 20], [30, 30, 30], [2], 2, 0.001, 1, False, False 1.1825832340693863 28.37313734198364 2.441406216190089 0.024308516512464566 0.7163537983449098 0.09291338651293503 
[1, 24, 48], [24, 20, 20], [1, 20, 20], [20, 20, 20], [2], 2, 0.001, 1, False, False 1.1585908386338917 26.817424027677706 2.2906419869186228 0.004332895102337078 0.6141825649339715 0.1850034242847757 
[1, 24, 48], [24, 20, 15], [1, 10, 10], [30, 30, 30], [2], 2, 0.001, 1, False, False 1.2652480851393193 30.05744628162046 2.6198912618142502 0.06550561131087879 3.0626028343205873 0.08743048341235175 
[1, 24, 48], [24, 20, 20], [1, 10, 10], [20, 20, 20], [2], 2, 0.001, 1, False, False 1.1325949755704239 23.656521294443518 2.2615666750589933 0.05561153551603792 2.3515070104443905 0.1145496794974446 
[1, 24, 48], [24, 20, 10], [1, 20, 20], [30, 30, 30], [2], 2, 0.001, 1, False, False 1.1724876748363453 28.336392842715853 2.1856499084474597 0.009591664346393382 0.45317938433045796 0.09567490747327811 
[1, 24, 48], [24, 20, 20], [1, 10, 10], [30, 30, 30], [2], 2, 0.001, 1, False, False 1.2406592388361417 26.742579403903846 2.727166650767959 0.05445230175664138 1.4309270244904289 0.28218503235672604 
[1, 24, 48], [24, 20, 20], [1, 20, 20], [30, 30, 30], [2], 2, 0.001, 1, False, False 1.124687308959525 26.351336888718407 2.071432326038097 0.024182708286403863 1.0923183254916768 0.06870767185586107 
[1, 24, 48], [24, 5, 5], [1, 20, 20], [20, 20, 20], [2], 2, 0.001, 1, False, False 1.1483233812592788 26.90024205518927 2.278855430038716 0.02675671653108578 1.0687413036876898 0.04325091761032494 
[1, 24, 48], [24, 5, 5], [1, 20, 20], [30, 30, 30], [2], 2, 0.001, 1, False, False 1.1394273341598886 27.137634139843783 2.124487060092409 0.06685437897302529 0.9796998555388479 0.3142836679887354 
[1, 24, 48], [24, 15, 5], [1, 20, 20], [30, 30, 30], [1, 2], 2, 0.001, 1, False, False 1.1154480758502527 25.623234397595212 1.9795505049168838 0.04203338675425865 0.4373536560094885 0.13529063051410892 
[1, 24, 48], [24, 20, 5], [1, 10, 10], [20, 20, 20], [1, 2], 2, 0.001, 1, False, False 1.1432200057069875 24.777967068814803 2.2505355786427437 0.08118131531935613 1.8482528549697068 0.18045970360663532 
[1, 24, 48], [24, 20, 10], [1, 20, 20], [20, 20, 20], [2], 2, 0.001, 1, False, False 1.1826873806477698 28.70444566142613 2.3922495603645526 0.012982881542520862 1.3696225155457027 0.21374691057368503 
[1, 24, 48], [24, 20, 10], [1, 10, 10], [20, 20, 20], [1, 2], 2, 0.001, 1, False, False 1.1090016907425941 25.17295833950489 2.1653738121887574 0.07471511643500178 1.0252499148223906 0.31733529756789847 
[1, 24, 48], [24, 20, 5], [1, 20, 20], [30, 30, 30], [1, 2], 2, 0.001, 1, False, False 1.11740868481359 25.721650425131457 2.0213557269394378 0.01366776320856703 0.16306837759185913 0.15245175287252838 
[1, 24, 48], [24, 20, 10], [1, 10, 10], [30, 30, 30], [2], 2, 0.001, 1, False, False 1.1861843666906846 26.87474721485024 2.36409961213599 0.047677436410742506 0.8647158403666565 0.32294843364568304 
[1, 24, 48], [24, 20, 15], [1, 10, 10], [20, 20, 20], [2], 2, 0.001, 1, False, False 1.2612580492644125 29.099014569989368 2.65229159010009 0.04312703611898207 3.0396314575115886 0.27089570573699595 
[1, 24, 48], [24, 20, 5], [1, 10, 10], [30, 30, 30], [1, 2], 2, 0.001, 1, False, False 1.109885026835319 26.79309814078987 2.100447002752069 0.02815022480062522 1.3299273412589188 0.04675861808389737 
[1, 24, 48], [24, 20, 5], [1, 20, 20], [20, 20, 20], [1, 2], 2, 0.001, 1, False, False 1.1107425646235545 26.44972186958279 2.00511599457049 0.05069447802164878 1.035638588832474 0.1561883795338241 
[1, 24, 48], [24, 20, 20], [1, 10, 10], [30, 30, 30], [1, 2], 2, 0.001, 1, False, False 1.246175890626317 26.573085962529515 2.6358218002165454 0.08296134297577269 2.415618647096558 0.30093427955790447 
[1, 24, 48], [24, 20, 20], [1, 20, 20], [20, 20, 20], [1, 2], 2, 0.001, 1, False, False 1.1293539267274793 25.316113947620476 2.137804191741696 0.04880212182377134 1.5068280419951408 0.1271507386724307 
[1, 24, 48], [24, 20, 20], [1, 20, 20], [30, 30, 30], [1, 2], 2, 0.001, 1, False, False 1.1062925341659813 26.194143491524205 1.9861163585884904 0.04256251496287425 1.0645597336143728 0.13541105570954143 
[1, 24, 48], [24, 20, 20], [1, 10, 10], [20, 20, 20], [1, 2], 2, 0.001, 1, False, False 1.1391635276549668 26.00334480515755 2.227088843007623 0.028028002637934188 2.008451978996353 0.042896484254237977 
[1, 24, 48], [24, 20, 10], [1, 10, 10], [30, 30, 30], [1, 2], 2, 0.001, 1, False, False 1.122105384759467 26.188843140688956 2.208205869075868 0.03969069775503583 1.2521458805597703 0.15715541911547162 
[1, 24, 48], [24, 20, 15], [1, 20, 20], [20, 20, 20], [1, 2], 2, 0.001, 1, False, False 1.1534647648291732 27.451568935962985 2.194789602418045 0.009185693488014584 0.5302848930649698 0.08747529120098245 
[1, 24, 48], [24, 20, 15], [1, 10, 10], [20, 20, 20], [1, 2], 2, 0.001, 1, False, False 1.1969872227938918 27.489990162651612 2.248773245890309 0.045903545637534945 1.9583091972076694 0.19259181346010482 
[1, 24, 48], [24, 20, 10], [1, 20, 20], [20, 20, 20], [1, 2], 2, 0.001, 1, False, False 1.1717434981199741 27.07563397456724 2.293019630993561 0.07409986878602767 1.2426621474691706 0.33156817528165516 
[1, 24, 48], [24, 20, 15], [1, 10, 10], [30, 30, 30], [1, 2], 2, 0.001, 1, False, False 1.1955973568682872 27.28597550628054 2.4245269750321614 0.10469613605487525 2.6331327402540032 0.5404173551680229 
[1, 24, 48], [24, 20, 15], [1, 20, 20], [30, 30, 30], [1, 2], 2, 0.001, 1, False, False 1.1308835066923941 25.547909566925103 2.1336202879947046 0.02217528868778909 0.21767072450739114 0.10800841991330955 
[1, 24, 48], [24, 20, 10], [1, 20, 20], [30, 30, 30], [1, 2], 2, 0.001, 1, False, False 1.1189269914464266 26.330597988386177 2.069794402773153 0.024478817267931396 0.6011749100414939 0.1720404219049262 
[1, 24, 48], [24, 15, 5], [1, 10, 10], [20, 20, 20], [0, 1, 2], 2, 0.001, 1, False, False 1.1686613857021761 27.792952534638555 2.3011671184174243 0.04278016416913778 1.9534304293217768 0.1159667584181286 
[1, 24], [24, 5], [1, 10], [10, 10], [0, 1], 1, 0.001, 1, False, False 2.4540071911695933 59.03561762049477 8.294980718633818 0.05402713772629929 1.3066676307993064 0.32564144662580413 
[1, 24], [24, 1], [1, 5], [10, 10], [0, 1], 1, 0.001, 1, False, False 2.467811655853358 60.418770202498315 8.420402291254678 0.03751523521277372 0.6111459205608768 0.20464805508988165 
[1, 24], [24, 1], [1, 10], [20, 20], [0, 1], 1, 0.001, 1, False, False 2.4698292088453417 59.9203284680951 8.3822067710669 0.025057649353217033 0.18064450805359325 0.14076473257321973 
[1, 24], [24, 15], [1, 5], [10, 10], [0, 1], 1, 0.001, 1, False, False 2.4515328327883723 59.640221550937405 8.40545141755584 0.06128085320187294 1.3490281473721994 0.4778946349186215 
[1, 24], [24, 10], [1, 5], [20, 20], [0, 1], 1, 0.001, 1, False, False 2.409390625833637 58.543028632826115 8.147301364007047 0.03460049369605965 1.3312510295967304 0.26471738139719186 
[1, 24], [24, 15], [1, 10], [20, 20], [0, 1], 1, 0.001, 1, False, False 2.2867734386068252 56.361766662723106 7.493286965284831 0.13448504860500926 3.479804155649504 0.6902226044898204 
[1, 24], [24, 5], [1, 5], [10, 10], [1], 1, 0.001, 1, False, False 2.500811940183242 60.571807778458236 8.56399820140287 0.03324968259851733 0.8866113956693887 0.09940211882034393 
[1, 24], [24, 5], [1, 10], [10, 10], [0, 1], 5, 0.001, 1, False, False 1.4825735915969644 31.28580688495268 3.676700090338849 0.04825438941424778 2.126056193379639 0.17269242240185892 
[1, 24], [24, 1], [1, 10], [10, 10], [0, 1], 5, 0.001, 1, False, False 1.5772240794919155 34.39815619376859 3.6148650611055877 0.07379155141697881 1.8714546121743152 0.1668518042401632 
[1, 24], [24, 10], [1, 5], [10, 10], [0, 1], 5, 0.001, 1, False, False 1.7770033621574168 39.11921620978029 4.917744487371099 0.10835005215190743 2.2327164586783055 0.5413638295454756 
[1, 24], [24, 5], [1, 5], [20, 20], [0, 1], 5, 0.001, 1, False, False 1.700462832353595 37.68442225262805 4.2162977138267355 0.24559346851662978 7.350099977680372 0.7352968657403995 
[1, 24], [24, 1], [1, 5], [10, 10], [0, 1], 5, 0.001, 1, False, False 1.9533548105922012 45.73223040002238 5.586992767746195 0.1721918348485567 4.368807166333603 0.7873541383681365 
[1, 24], [24, 10], [1, 10], [20, 20], [0, 1], 5, 0.001, 1, False, False 1.5314768728938093 31.828392856334688 3.449485590668239 0.1809448053698391 5.354007205053935 0.8121888202622333 
[1, 24], [24, 5], [1, 10], [20, 20], [1], 1, 0.001, 1, False, False 2.385699679716318 58.17935026547452 7.9236572557458125 0.0529658047934173 1.6732320256666047 0.1251171272772077 
[1, 24], [24, 5], [1, 5], [10, 10], [1], 5, 0.001, 1, False, False 1.5009494250778248 32.03346831119824 3.709667489285291 0.09042211724593766 1.3452557214769145 0.35273047236269633 
[1, 24], [24, 1], [1, 10], [20, 20], [0, 1], 5, 0.001, 1, False, False 1.5291205214026078 32.75044288367309 3.4260624945750404 0.08649373895430612 2.810973927011192 0.3083602655575193 
[1, 24], [24, 15], [1, 5], [10, 10], [0, 1], 5, 0.001, 1, False, False 2.1344131919555376 50.056687282020285 6.761661273940756 0.18561927210186752 5.909633684794475 0.6122030193322664 
[1, 24], [24, 10], [1, 5], [20, 20], [0, 1], 5, 0.001, 1, False, False 1.6237303085694161 35.048243340410814 3.8621774390547468 0.1531267845875048 4.750253500075573 0.79880588646547 
[1, 24], [24, 10], [1, 10], [10, 10], [1], 1, 0.001, 1, False, False 2.3063107496817357 54.67546705445781 7.725592532798828 0.13048705132499303 2.637320373877209 0.37838844658376247 
[1, 24], [24, 15], [1, 10], [10, 10], [0, 1], 5, 0.001, 1, False, False 1.4866389039765906 30.982710068112056 3.635805440005248 0.09834630483007044 3.4856047900630918 0.4008512320783992 
[1, 24], [24, 5], [1, 10], [10, 10], [1], 5, 0.001, 1, False, False 1.4086382781431357 28.894018946538022 3.1171576463635327 0.12790275600938603 4.572758732031992 0.408672662512487 
[1, 24], [24, 15], [1, 10], [20, 20], [0, 1], 5, 0.001, 1, False, False 1.37291052657421 27.342040902877567 2.890928199594507 0.05803500020183362 1.16040189919618 0.2265093710786103 
[1, 24], [24, 5], [1, 10], [20, 20], [1], 5, 0.001, 1, False, False 1.315356271382835 26.251757704474528 2.6849700422934846 0.022697616855761632 0.5972354303475651 0.023005655600147362 
[1, 24], [24, 15], [1, 5], [20, 20], [1], 1, 0.001, 1, False, False 2.452162660416906 57.882251466805464 8.41667043222869 0.07364953712274289 2.139488250276966 0.48991973218912005 
[1, 24], [24, 1], [1, 5], [20, 20], [0, 1], 10, 0.001, 1, False, False 1.40223042919404 28.325796229275337 2.936384190994256 0.1009201966391974 2.3586625029535986 0.35800116658338743 
[1, 24], [24, 5], [1, 5], [20, 20], [1], 10, 0.001, 1, False, False 1.280354811039029 24.60930863446845 2.7523376411116676 0.01963106974556336 1.3954970205225192 0.1223567458424033 
[1, 24], [24, 5], [1, 10], [20, 20], [0, 1], 10, 0.001, 1, False, False 1.2253034735408923 23.423175461448793 2.3463844674427445 0.03510543873140455 1.4187057351730257 0.07992677002007688 
[1, 24], [24, 15], [1, 5], [20, 20], [0, 1], 10, 0.001, 1, False, False 1.3115576744907431 24.999765546474094 2.709093957833025 0.03607563363283829 0.602825097767814 0.11065207442834492 
[1, 24], [24, 10], [1, 10], [10, 10], [0, 1], 10, 0.001, 1, False, False 1.2687501608618295 23.836489471310855 2.6867454660640497 0.03542618791502907 0.6676075501725083 0.07356786126120363 
[1, 24], [24, 5], [1, 5], [10, 10], [1], 20, 0.001, 1, False, False 1.257130479095159 23.375296395426876 2.576606240784837 0.027035671941986156 1.04956371084489 0.0915647360434894 
[1, 24], [24, 10], [1, 5], [20, 20], [1], 5, 0.001, 1, False, False 1.5367382964878171 32.42219370332574 3.8139881283889743 0.08258239076513028 0.9164147638984875 0.6735257147792381 
[1, 24], [24, 5], [1, 5], [20, 20], [1], 1, 0.001, 1, False, False 2.3336522727376887 56.3777268748353 7.7915075149584885 0.05189022915763481 1.9602862267135601 0.47284020321756265 
[1, 24], [24, 15], [1, 5], [10, 10], [1], 5, 0.001, 1, False, False 1.549939939058903 32.79712790816027 4.372903665773962 0.1789796962836511 6.3877993152717165 1.093216498667451 
[1, 24], [24, 5], [1, 10], [10, 10], [0, 1], 10, 0.001, 1, False, False 1.215901847695932 22.717356717081742 2.471316048568679 0.018914254576503736 0.7443863540301471 0.03810922875292126 
[1, 24], [24, 10], [1, 10], [10, 10], [1], 5, 0.001, 1, False, False 1.4152400274761021 28.22520619800167 3.1818107419668817 0.062162101421096946 2.048316657666831 0.29952420245817907 
[1, 24], [24, 5], [1, 5], [10, 10], [0, 1], 10, 0.001, 1, False, False 1.4559773495351827 29.506128395144568 3.01456729034047 0.049975546446270204 1.4374377986974243 0.3957417395367542 
[1, 24], [24, 1], [1, 10], [20, 20], [1], 1, 0.001, 1, False, False 2.5010553056788116 60.8251352554749 8.557557284227775 0.04009418448917151 0.710419612184513 0.42242750531653 
[1, 24], [24, 1], [1, 5], [10, 10], [1], 1, 0.001, 1, False, False 2.427987848753455 59.18845529875062 8.220258282349866 0.02396622502273593 0.9063149538804837 0.18086262749641493 
[1, 24], [24, 15], [1, 5], [20, 20], [1], 5, 0.001, 1, False, False 1.5774960132143292 33.51565266081087 4.164270097643094 0.07708010140216413 1.5842378654689073 0.4677663945548205 
[1, 24], [24, 10], [1, 5], [10, 10], [1], 10, 0.001, 1, False, False 1.3725457508806829 28.224360724961574 3.2607182295054713 0.07380655718877342 3.2526016266584366 0.4536639725852702 
[1, 24], [24, 5], [1, 5], [20, 20], [1], 5, 0.001, 1, False, False 1.3596643245709992 27.79033619205936 3.1720048434115586 0.05673928341649603 1.5718876110543718 0.27410683770304517 
[1, 24], [24, 5], [1, 5], [10, 10], [1], 10, 0.001, 1, False, False 1.3749426946388905 27.452519174812114 3.1009872455319303 0.10693414769671282 3.965205882209996 0.5829075104031353 
[1, 24, 48], [24, 1, 1], [1, 10, 10], [10, 10, 10], [0, 1, 2], 1, 0.001, 1, False, False 2.368679809722084 57.0834602522602 7.608293418623663 0.18924820370242748 2.6026811366779987 1.067354245701717 
[1, 24, 48], [24, 1, 1], [1, 5, 5], [20, 20, 20], [0, 1, 2], 1, 0.001, 1, False, False 2.426241165799675 59.639459473888714 8.21174850895923 0.04472710873614995 1.3686221169457171 0.21528657178904084 
[1, 24, 48], [24, 5, 1], [1, 5, 5], [10, 10, 10], [0, 1, 2], 1, 0.001, 1, False, False 2.4339589731146893 59.31650646335377 8.125712439005932 0.061823553071267565 1.4247716229847336 0.34089711843235654 
[1, 24], [24, 10], [1, 10], [20, 20], [1], 10, 0.001, 1, False, False 1.3237106138219439 25.393968530767154 2.754368225077848 0.05637368406792587 1.6513234338121185 0.22564339669572872 
[1, 24], [24, 1], [1, 10], [10, 10], [1], 5, 0.001, 1, False, False 1.54688577098358 33.869449620905094 3.4472386120767218 0.01915578434338829 1.1496520619864463 0.12430817139278538 
[1, 24], [24, 15], [1, 10], [20, 20], [1], 5, 0.001, 1, False, False 1.423965187819192 29.502824055055314 3.4418882048895303 0.10184063206977303 3.179422757876636 0.35227570290466886 
[1, 24], [24, 1], [1, 5], [10, 10], [1], 5, 0.001, 1, False, False 2.020607481106978 48.34040607290865 6.252472755185113 0.3145889449900047 9.295095112239995 1.6713416324715251 
[1, 24], [24, 1], [1, 10], [20, 20], [1], 5, 0.001, 1, False, False 1.454086776291607 30.269112010045472 3.197132283536465 0.08479153475659719 2.6983352942980265 0.3359647479436226 
[1, 24], [24, 1], [1, 10], [10, 10], [0, 1], 10, 0.001, 1, False, False 1.2768349844237996 24.283115088961605 2.486977729598827 0.05368690693259795 1.0921562605664508 0.2087347663218384 
[1, 24], [24, 5], [1, 10], [10, 10], [1], 10, 0.001, 1, False, False 1.2332008929992162 22.63633498454874 2.4443878593669623 0.013262124819427727 0.91385703748205 0.10545449560227577 
[1, 24], [24, 15], [1, 10], [10, 10], [1], 10, 0.001, 1, False, False 1.2619621365727791 22.94473033029442 2.6943189604941318 0.02224628577941074 0.42250019141882045 0.10896233214081932 
[1, 24], [24, 15], [1, 10], [10, 10], [0, 1], 10, 0.001, 1, False, False 1.2567292706558 23.083240536167498 2.579052805400711 0.02650009144349546 1.06353216680191 0.14758089201788172 
[1, 24], [24, 10], [1, 10], [20, 20], [0, 1], 10, 0.001, 1, False, False 1.2429067490674142 22.764634498288455 2.498986588710069 0.025991115687712202 0.25541406172061665 0.14240604965231723 
[1, 24], [24, 1], [1, 5], [10, 10], [0, 1], 10, 0.001, 1, False, False 1.878477910630129 41.32904512535047 5.11826389156115 0.5288864829702313 13.389968405007574 2.8697296401376278 
[1, 24], [24, 5], [1, 10], [20, 20], [1], 10, 0.001, 1, False, False 1.2800770533167656 25.174838879494374 2.665296329073968 0.04432560452558732 1.552545933741493 0.2756135076054013 
[1, 24], [24, 1], [1, 5], [20, 20], [1], 10, 0.001, 1, False, False 1.3236809741809135 26.39536984870266 2.7460971358814064 0.004917698906806302 0.4121376518342594 0.013378991962967863 
[1, 24, 48], [24, 15, 1], [1, 10, 10], [10, 10, 10], [0, 1, 2], 1, 0.001, 1, False, False 2.184934533194259 52.70355221557128 6.704706900120688 0.07940619588916815 2.7068904691829596 0.2818293134625418 
[1, 24, 48], [24, 10, 1], [1, 10, 10], [20, 20, 20], [0, 1, 2], 1, 0.001, 1, False, False 2.188520099960819 53.362886982622456 6.90282291403815 0.1003857940056003 2.4695211504011767 0.5441616298269624 
[1, 24], [24, 15], [1, 10], [20, 20], [0, 1], 10, 0.001, 1, False, False 1.2402386080956571 22.789286183838495 2.5104793777793417 0.021578731668995495 0.7553276894118282 0.06243534219028145 
[1, 24], [24, 15], [1, 5], [10, 10], [1], 10, 0.001, 1, False, False 1.2815116012158494 22.846911783757424 2.7464999658944973 0.05010234410619197 2.4869743522783327 0.1807542161842205 
[1, 24], [24, 10], [1, 5], [20, 20], [1], 10, 0.001, 1, False, False 1.401114488248196 27.642601151395194 2.95055258036324 0.026186515453400564 1.4295737035060354 0.13685158248816662 
[1, 24], [24, 15], [1, 5], [10, 10], [0, 1], 10, 0.001, 1, False, False 1.3548252789027713 26.142774835692876 3.0065482158957053 0.06650303304006346 2.0142267056387078 0.34173150711335704 
[1, 24], [24, 10], [1, 5], [20, 20], [0, 1], 10, 0.001, 1, False, False 1.3219417625003391 25.02280830022437 2.7736453097081983 0.020480813655088116 0.5060260348683674 0.04886557228764749 
[1, 24], [24, 15], [1, 5], [20, 20], [1], 10, 0.001, 1, False, False 1.3175025767129334 24.662638570318958 2.7335174708143284 0.1009695553602267 2.786336634600642 0.2291799905027666 
[1, 24], [24, 10], [1, 5], [10, 10], [0, 1], 10, 0.001, 1, False, False 1.306263572726123 24.927431644076933 2.865567100401216 0.08643266321034734 2.325515938595491 0.35509575879535277 
[1, 24], [24, 1], [1, 10], [10, 10], [1], 10, 0.001, 1, False, False 1.2863041511978264 25.41053762455867 2.5962454815248077 0.027252621370249912 0.5188302982692833 0.04370343344433331 
[1, 24], [24, 5], [1, 10], [20, 20], [1], 20, 0.001, 1, False, False 1.2416649918537586 23.095343905642352 2.415813152479305 0.03790034638714429 0.8053125454836644 0.09065055601583269 
[1, 24], [24, 10], [1, 10], [10, 10], [1], 10, 0.001, 1, False, False 1.2405700793593297 23.251791826309525 2.558367430746801 0.03948572230904095 1.8325566184831084 0.09549476959381076 
[1, 24], [24, 1], [1, 5], [10, 10], [0, 1], 20, 0.001, 1, False, False 1.2792869996762386 25.026009888543765 2.4905563379344913 0.06011327896605159 1.697466961962252 0.13820002335423645 
[1, 24, 48], [24, 1, 1], [1, 5, 5], [10, 10, 10], [0, 1, 2], 5, 0.001, 1, False, False 1.4644422567380524 30.543237302740632 3.4155036263099965 0.13022901474899076 2.4079221810742504 0.4866650844849755 
[1, 24], [24, 1], [1, 5], [10, 10], [1], 10, 0.001, 1, False, False 1.5601938087217233 33.606993969651796 3.540388950005008 0.18090628491928248 5.454881351402565 0.67750410108829 
[1, 24], [24, 1], [1, 10], [20, 20], [1], 10, 0.001, 1, False, False 1.2888847067193303 25.287398577568393 2.576021156304613 0.01780003612050326 1.1631292561714544 0.09196119184707675 
[1, 24], [24, 15], [1, 5], [20, 20], [1], 20, 0.001, 1, False, False 1.2761030747779403 23.143805058107432 2.685249986547719 0.009107647952316923 0.4599541723264819 0.04114803443449355 
[1, 24], [24, 10], [1, 5], [10, 10], [1], 1, 0.001, 1, False, False 2.4247863666464884 59.39777201278034 8.120270027199204 0.017873658589499963 0.8406130137186537 0.2477586561402253 
[1, 24], [24, 5], [1, 5], [20, 20], [0, 1], 10, 0.001, 1, False, False 1.2950825137293176 25.000686827031235 2.5616329309559007 0.037795899231547095 1.2390228431208523 0.07886774921467338 
[1, 24], [24, 15], [1, 10], [20, 20], [1], 10, 0.001, 1, False, False 1.272109354487448 24.381498318333332 2.6803644624983227 0.04190590873764157 1.2433168562295387 0.11495170959033256 
[1, 24], [24, 1], [1, 5], [20, 20], [0, 1], 1, 0.001, 1, False, False 2.4927476362911647 61.19065906452744 8.604113793422933 0.04086175914963911 0.45029088536788886 0.12114527273890267 
[1, 24], [24, 10], [1, 10], [10, 10], [1], 20, 0.001, 1, False, False 1.2043698687089126 20.69871791043961 2.4251799591380556 0.01614769791351097 0.4195225626823097 0.07354657226890955 
[1, 24], [24, 15], [1, 10], [20, 20], [0, 1], 20, 0.001, 1, False, False 1.1978733525835668 21.38415714072305 2.4647583107640494 0.03270628411272204 0.8577236811984031 0.16255147175043644 
[1, 24], [24, 15], [1, 10], [10, 10], [1], 1, 0.001, 1, False, False 2.459631859242088 59.41765102250937 8.505699210058246 0.17199601296849723 2.702589003616055 1.0306913936044229 
[1, 24, 48], [24, 1, 1], [1, 5, 5], [20, 20, 20], [0, 1, 2], 5, 0.001, 1, False, False 1.2382855141569895 24.916801779048594 2.369998147293836 0.033779675181966076 0.9932429713445435 0.11238570295125332 
[1, 24, 48], [24, 1, 1], [1, 10, 10], [10, 10, 10], [0, 1, 2], 5, 0.001, 1, False, False 1.2817322325237372 25.03256891174517 2.726372631998108 0.10681041717758322 2.055858701601557 0.45777153135234966 
[1, 24], [24, 1], [1, 5], [10, 10], [1], 20, 0.001, 1, False, False 1.2739721679249436 23.832401920859585 2.5018754895086226 0.032841424309117205 0.7194744368282958 0.09778863243109646 
[1, 24], [24, 1], [1, 10], [20, 20], [1], 20, 0.001, 1, False, False 1.2655498527473323 23.532655104440867 2.435114452892089 0.005108625884199948 0.31158754769938923 0.04351910368471395 
[1, 24], [24, 10], [1, 10], [20, 20], [1], 1, 0.001, 1, False, False 2.146303498103387 51.27381348357695 7.01289583633812 0.021699071561249693 1.1344866956972417 0.1986301343659409 
[1, 24], [24, 1], [1, 5], [20, 20], [1], 1, 0.001, 1, False, False 2.5335852483632393 61.95610558788317 8.715210144650612 0.0025165056465106164 0.1397946159515049 0.1225254620791164 
[1, 24], [24, 1], [1, 10], [20, 20], [0, 1], 10, 0.001, 1, False, False 1.2515299642010147 24.580043122601122 2.366557946628149 0.0492636380816981 1.2535016835788209 0.11385263023876617 
[1, 24], [24, 10], [1, 5], [20, 20], [0, 1], 20, 0.001, 1, False, False 1.244387520587555 22.838487169750238 2.482457391072536 0.024477732888019018 0.6026376755227295 0.07882544088625935 
[1, 24, 48], [24, 5, 1], [1, 10, 10], [20, 20, 20], [0, 1, 2], 5, 0.001, 1, False, False 1.2247723209016304 24.6716864646863 2.389398637682168 0.06434201339181994 0.7499115080421012 0.14357141641193816 
[1, 24], [24, 15], [1, 5], [10, 10], [0, 1], 20, 0.001, 1, False, False 1.2584806636855421 22.535970065378027 2.6533474991556543 0.051105829153263053 1.9807212763999145 0.04996955154606534 
[1, 24, 48], [24, 10, 1], [1, 10, 10], [10, 10, 10], [0, 1, 2], 5, 0.001, 1, False, False 1.318930822076207 27.131458851432495 2.8136901263311813 0.15625780822334215 4.761024159725622 0.5658437078786873 
[1, 24], [24, 5], [1, 10], [10, 10], [0, 1], 20, 0.001, 1, False, False 1.2465150280769366 22.65397102668356 2.467798614870276 0.022687900606084766 0.5829010346507952 0.12117721572740552 
[1, 24], [24, 10], [1, 10], [10, 10], [0, 1], 1, 0.001, 1, False, False 2.3062857873668823 55.91073878447671 7.2173290935908305 0.042575689811322814 1.029241627426105 0.25934318308288246 
[1, 24], [24, 1], [1, 5], [20, 20], [1], 5, 0.001, 1, False, False 1.7251695714856465 38.52085174163684 4.6485085444282594 0.2461045728678721 8.022522346824715 1.0286183138644702 
[1, 24, 48], [24, 10, 1], [1, 5, 5], [20, 20, 20], [0, 1, 2], 5, 0.001, 1, False, False 1.2847454905027045 25.861308249977096 2.8039220157401004 0.055835474048472104 0.5945448579298307 0.24617503492156367 
[1, 24], [24, 5], [1, 5], [20, 20], [1], 20, 0.001, 1, False, False 1.1532333968810877 20.551770542361712 2.2257105249799802 0.03217074845043545 1.2552567592677948 0.05016732793943411 
[1, 24], [24, 15], [1, 10], [10, 10], [1], 5, 0.001, 1, False, False 1.4618543651368883 28.317088688497538 3.5245652231536213 0.06600141881758409 1.347297613553144 0.23318164777244277 
[1, 24], [24, 15], [1, 5], [20, 20], [0, 1], 1, 0.001, 1, False, False 2.3722972304594734 58.00294337151917 7.890308947903787 0.04558056594391856 1.0514262255183897 0.3538674335315717 
[1, 24, 48], [24, 5, 1], [1, 5, 5], [10, 10, 10], [0, 1, 2], 5, 0.001, 1, False, False 1.376486081019458 30.070965567533708 3.3121899630095775 0.08432856622670465 2.1753108272452932 0.5354247871969009 
[1, 24], [24, 10], [1, 5], [10, 10], [1], 5, 0.001, 1, False, False 1.6375287101121137 35.60893536645248 4.171788649926883 0.1734501370662109 6.4847728517991685 0.6873228698425566 
[1, 24], [24, 1], [1, 5], [20, 20], [1], 20, 0.001, 1, False, False 1.3179807212410701 25.805869378502205 2.6633075040708216 0.041276360312532075 1.17400159059379 0.17697840508850368 
[1, 24, 48], [24, 1, 1], [1, 10, 10], [20, 20, 20], [0, 1, 2], 10, 0.001, 1, False, False 1.2193577090054062 24.11140801460329 2.2997017580584944 0.04461049356006589 1.5077456937462363 0.13990436049236954 
[1, 24], [24, 5], [1, 10], [20, 20], [0, 1], 1, 0.001, 1, False, False 2.384478579047654 58.53115945804904 8.069392023716015 0.06229399213732397 1.1734226867724247 0.3022571727060892 
[1, 24], [24, 5], [1, 10], [10, 10], [1], 1, 0.001, 1, False, False 2.3390491628329513 57.237944657024464 7.697936856530336 0.04894670256894313 1.55183471104809 0.2668422709118439 
[1, 24], [24, 15], [1, 10], [10, 10], [1], 20, 0.001, 1, False, False 1.2303077646427687 21.32817069543822 2.559710757302362 0.03631023521390027 0.8547047110524567 0.07755521405395385 
[1, 24, 48], [24, 15, 1], [1, 10, 10], [10, 10, 10], [0, 1, 2], 5, 0.001, 1, False, False 1.338953158180057 27.940303828681106 2.889567877224879 0.0958311028168578 2.9748178893170927 0.24524758982907688 
[1, 24], [24, 10], [1, 10], [20, 20], [1], 20, 0.001, 1, False, False 1.2621816915390944 22.88698387536455 2.5438834666905854 0.032898644583482 0.44996797678438116 0.1457348553651842 
[1, 24], [24, 1], [1, 10], [10, 10], [1], 1, 0.001, 1, False, False 2.5438602369002723 61.53401200063491 8.664593896914665 0.02302385375791943 1.0678780395679446 0.16406809112318865 
[1, 24], [24, 1], [1, 10], [20, 20], [0, 1], 20, 0.001, 1, False, False 1.2026153659241068 22.199820747239126 2.319359168328734 0.04377974181304303 1.069070429885282 0.18644070538168203 
[1, 24], [24, 15], [1, 10], [20, 20], [1], 1, 0.001, 1, False, False 2.3314279042322332 56.631515956757454 7.528154116886722 0.08564780209767933 3.239300639632252 0.5537886544407771 
[1, 24], [24, 10], [1, 10], [20, 20], [1], 5, 0.001, 1, False, False 1.3719782649470424 28.70033256397768 3.15998558272841 0.11256673782306996 4.011082273739946 0.5835593432448825 
[1, 24], [24, 1], [1, 5], [20, 20], [0, 1], 5, 0.001, 1, False, False 2.044759547627635 48.249903970938306 5.7466268958641535 0.18452759297981697 3.702171283515349 0.8306055047685403 
[1, 24], [24, 15], [1, 5], [10, 10], [1], 1, 0.001, 1, False, False 2.4691047873830905 60.32576103999265 8.489593815668167 0.06549640416660989 1.7873529289350942 0.505351700009763 
[1, 24, 48], [24, 10, 1], [1, 10, 10], [20, 20, 20], [0, 1, 2], 5, 0.001, 1, False, False 1.2936770554769925 25.74080816824555 2.713262934316374 0.02817285584552459 0.7913572625755492 0.09682357546313722 
[1, 24], [24, 1], [1, 10], [10, 10], [1], 20, 0.001, 1, False, False 1.291645268495712 24.94963589688105 2.4834688231073154 0.015754612618918973 0.6837926928671835 0.04244922319796763 
[1, 24], [24, 5], [1, 5], [10, 10], [0, 1], 1, 0.001, 1, False, False 2.4493424704643316 59.89824478490713 8.244230778310628 0.05679820846546288 1.5519942076657105 0.3830990476632336 
[1, 24], [24, 15], [1, 5], [10, 10], [1], 20, 0.001, 1, False, False 1.2605309809006202 22.65479890649441 2.7074734485033787 0.012595845446491756 0.6193826133374236 0.14581165792128767 
[1, 24], [24, 15], [1, 10], [20, 20], [1], 20, 0.001, 1, False, False 1.2601850639632042 23.19091896954292 2.605126646690586 0.04352601002699171 1.27431266426776 0.17603685726197957 
[1, 24], [24, 10], [1, 5], [10, 10], [1], 20, 0.001, 1, False, False 1.2678166620985227 22.321661370727963 2.601845104675554 0.05500716299276329 0.9320435539555446 0.1961317354980261 
[1, 24], [24, 1], [1, 5], [20, 20], [0, 1], 20, 0.001, 1, False, False 1.2740850507454191 24.5768099201706 2.5030569313019235 0.011493123982905728 0.2437990124303214 0.0494246087858748 
[1, 24, 48], [24, 1, 1], [1, 5, 5], [10, 10, 10], [0, 1, 2], 10, 0.001, 1, False, False 1.2112425172804961 23.162104070046286 2.339825945842844 0.03684962478641847 0.700610298275223 0.0740787249105132 
[1, 24], [24, 10], [1, 10], [10, 10], [0, 1], 5, 0.001, 1, False, False 1.3293814088286904 26.73329543977084 3.0440605755211707 0.06864889098584939 2.38104894877724 0.4890998968120086 
[1, 24], [24, 10], [1, 5], [20, 20], [1], 1, 0.001, 1, False, False 2.4676002873659684 60.4232066848991 8.409271558024722 0.03335625116484107 0.6140528349397973 0.2117933352622082 
[1, 24, 48], [24, 15, 1], [1, 5, 5], [20, 20, 20], [0, 1, 2], 1, 0.001, 1, False, False 2.321142505944051 57.38540578275999 7.564733189250824 0.053042144670381264 0.7832686157455473 0.20261309077408948 
[1, 24, 48], [24, 15, 1], [1, 5, 5], [10, 10, 10], [0, 1, 2], 5, 0.001, 1, False, False 1.3011940072497563 26.5335897669124 2.8094086465739543 0.049207823550480784 2.3738829684043967 0.3444985494769982 
[1, 24, 48], [24, 5, 1], [1, 5, 5], [20, 20, 20], [0, 1, 2], 10, 0.001, 1, False, False 1.2121153141768584 22.812480645854876 2.420410157165475 0.026021465834077558 1.3085026399191473 0.04602046954673387 
[1, 24, 48], [24, 15, 1], [1, 5, 5], [10, 10, 10], [0, 1, 2], 1, 0.001, 1, False, False 2.2062413695440806 54.0399109976355 7.196900099648428 0.13634142294487328 2.7487884011202435 0.5338543612232394 
[1, 24], [24, 15], [1, 5], [20, 20], [0, 1], 5, 0.001, 1, False, False 1.7900472941773913 40.04800766272111 4.698765411179029 0.3752522876113874 10.465534914439168 2.1779607265809244 
[1, 24], [24, 1], [1, 10], [10, 10], [0, 1], 1, 0.001, 1, False, False 2.493389220908284 60.51645583277619 8.444118502588097 0.049432645708896536 0.9886375992197913 0.23437436594529457 
[1, 24], [24, 5], [1, 10], [10, 10], [1], 20, 0.001, 1, False, False 1.231026110863658 21.910675684682403 2.459253047802665 0.020805925320137725 0.3184089973170251 0.11013241339929827 
[1, 24], [24, 10], [1, 5], [20, 20], [1], 20, 0.001, 1, False, False 1.2552443150862087 23.270579622272365 2.6168279047570966 0.02732247578168152 1.2981758468561122 0.0939066886986309 
[1, 24, 48], [24, 1, 1], [1, 5, 5], [10, 10, 10], [1, 2], 1, 0.001, 1, False, False 2.5281160026926686 61.32886933540315 8.780287885004299 0.029061951615053705 0.21181202355870538 0.2641695357341752 
[1, 24, 48], [24, 10, 1], [1, 5, 5], [10, 10, 10], [0, 1, 2], 10, 0.001, 1, False, False 1.1852500053105395 21.751433533861015 2.390868395919007 0.02085880948696705 0.3390401203531214 0.09201409187782987 
[1, 24, 48], [24, 5, 1], [1, 5, 5], [20, 20, 20], [1, 2], 1, 0.001, 1, False, False 2.309326091319047 55.797740864926546 7.231663331313361 0.11539437053103513 3.0376690975603826 0.5847710430449626 
[1, 24, 48], [24, 15, 10], [1, 5, 5], [10, 10, 10], [1, 2], 1, 0.001, 1, False, False 2.2276332331890307 53.73164420072286 7.196460625600373 0.08048328201806787 2.602734997885849 0.2759360519588185 
[1, 24], [24, 5], [1, 10], [20, 20], [0, 1], 5, 0.001, 1, False, False 1.4997941083654212 31.21352673090856 3.594742177921249 0.06659086239854194 2.334984378307065 0.029989314420929114 
[1, 24, 48], [24, 5, 1], [1, 10, 10], [10, 10, 10], [0, 1, 2], 10, 0.001, 1, False, False 1.1688978206883702 20.675449066178995 2.3026701296929666 0.047632133388335704 0.691658702981088 0.130616854161305 
[1, 24], [24, 10], [1, 10], [10, 10], [0, 1], 20, 0.001, 1, False, False 1.2642198934512974 22.384743678495823 2.6213662877514015 0.05143592067966372 1.657291134295606 0.1155479326306539 
[1, 24, 48], [24, 15, 15], [1, 5, 5], [20, 20, 20], [0, 1, 2], 1, 0.001, 1, False, False 2.4090685973840738 58.76746011110841 7.952438340669701 0.09641479788539503 2.3562429049086195 0.6347062252663791 
[1, 24, 48], [24, 15, 15], [1, 10, 10], [10, 10, 10], [0, 1, 2], 1, 0.001, 1, False, False 2.296710744375984 55.3442799057655 7.516098129500783 0.1796255414542661 4.595886700097665 0.8880119888597934 
[1, 24, 48], [24, 15, 5], [1, 10, 10], [20, 20, 20], [0, 1, 2], 1, 0.001, 1, False, False 2.223415117821208 54.57979188971174 7.169869040293032 0.10585244708944085 1.8986706669859417 0.48130168327783146 
[1, 24], [24, 15], [1, 5], [20, 20], [0, 1], 20, 0.001, 1, False, False 1.2443493216160546 23.220397305294313 2.523315806326273 0.030979360926646056 1.168893256307982 0.0747568016711825 
[1, 24, 48], [24, 1, 1], [1, 5, 5], [20, 20, 20], [0, 1, 2], 10, 0.001, 1, False, False 1.196740797776039 22.703774968160996 2.3867825447925974 0.02844166097309936 1.6556255678933902 0.036076465385425825 
[1, 24], [24, 10], [1, 10], [20, 20], [0, 1], 1, 0.001, 1, False, False 2.2298949146367333 54.33148536846229 7.129406467630864 0.13595922733890703 3.5903679118764433 0.6350624800867392 
[1, 24, 48], [24, 1, 1], [1, 10, 10], [10, 10, 10], [0, 1, 2], 10, 0.001, 1, False, False 1.2117676582256405 23.56255535150524 2.2600086591017874 0.030971143515698664 0.8440912159826309 0.037989911315940775 
[1, 24], [24, 1], [1, 10], [10, 10], [0, 1], 20, 0.001, 1, False, False 1.285050896693159 24.661415289531288 2.447379496447811 0.03201609273304419 0.8077585694387497 0.12449427229898163 
[1, 24], [24, 5], [1, 5], [10, 10], [0, 1], 5, 0.001, 1, False, False 1.7590362807011442 39.57408545022987 4.986046978807539 0.41472183969959475 11.452575005100245 2.0389051744365427 
[1, 24], [24, 15], [1, 10], [10, 10], [0, 1], 1, 0.001, 1, False, False 2.3560285203641764 56.73461063566889 7.7545311784337265 0.03960983639493636 1.9472388957243634 0.26833887716450755 
[1, 24], [24, 15], [1, 10], [10, 10], [0, 1], 20, 0.001, 1, False, False 1.230904811836296 22.805918037568603 2.5046833870544063 0.02422188269432295 1.408243777594484 0.08844774819321488 
[1, 24, 48], [24, 15, 1], [1, 10, 10], [20, 20, 20], [0, 1, 2], 5, 0.001, 1, False, False 1.2123266136428965 24.17035229486018 2.385661255943239 0.10091455849584616 2.7369126903557075 0.24077097868509248 
[1, 24], [24, 10], [1, 10], [20, 20], [0, 1], 20, 0.001, 1, False, False 1.2169125974540498 22.177572809622465 2.469323407051223 0.014204785767962901 0.39402730871019725 0.10340065450632524 
[1, 24, 48], [24, 10, 1], [1, 10, 10], [10, 10, 10], [0, 1, 2], 10, 0.001, 1, False, False 1.209650371592768 22.161980565962594 2.3971719588054055 0.027790919103880898 0.6902275717254546 0.13164008646491726 
[1, 24, 48], [24, 15, 1], [1, 5, 5], [10, 10, 10], [0, 1, 2], 5, 0.001, 1, False, False 1.3411718514471973 26.31237525291785 2.946192049644159 0.07471948366500962 1.7214494899193677 0.33165982461332794 
[1, 24], [24, 5], [1, 10], [20, 20], [0, 1], 20, 0.001, 1, False, False 1.201300273144066 22.5477603699676 2.2971579498454626 0.03407252953766824 1.143878848278085 0.05804028526709824 
[1, 24, 48], [24, 5, 1], [1, 5, 5], [10, 10, 10], [1, 2], 5, 0.001, 1, False, False 1.7713737549260262 40.662715692961875 4.705970858987248 0.48662752944765336 14.197588096173769 2.4080596313574616 
[1, 24, 48], [24, 10, 1], [1, 5, 5], [20, 20, 20], [1, 2], 5, 0.001, 1, False, False 1.2402038174750354 24.674257867320264 2.6529312901739637 0.05635727718293626 1.4491807108314154 0.20887792388124207 
[1, 24, 48], [24, 15, 10], [1, 5, 5], [20, 20, 20], [1, 2], 10, 0.001, 1, False, False 1.205553955179467 22.439637449140204 2.5538906804591597 0.022865196706589992 1.7995210281732716 0.11867869583468767 
[1, 24, 48], [24, 15, 1], [1, 10, 10], [20, 20, 20], [0, 1, 2], 10, 0.001, 1, False, False 1.2576136530428708 23.7328772863583 2.5451415165283877 0.028055853885886266 0.974654101891372 0.10726143012366018 
[1, 24, 48], [24, 15, 10], [1, 5, 5], [10, 10, 10], [1, 2], 5, 0.001, 1, False, False 1.3006780092104309 24.541319102548968 2.9251710400400124 0.06338988539885526 2.54238172258929 0.13956827214387044 
[1, 24, 48], [24, 10, 1], [1, 5, 5], [20, 20, 20], [0, 1, 2], 10, 0.001, 1, False, False 1.231772275788158 22.62804183650617 2.398239381141702 0.06528622067027401 2.1743060919055077 0.1956756625227261 
[1, 24], [24, 10], [1, 5], [10, 10], [0, 1], 1, 0.001, 1, False, False 2.4400656466613766 59.1552633388928 8.322538465888371 0.03635067890036603 1.1424850274094538 0.14866504767818584 
[1, 24, 48], [24, 15, 1], [1, 5, 5], [20, 20, 20], [0, 1, 2], 5, 0.001, 1, False, False 1.522695254955303 33.49705461500721 3.562895474158269 0.33408074221712386 10.26863081484039 1.2931670618409619 
[1, 24], [24, 5], [1, 5], [10, 10], [0, 1], 20, 0.001, 1, False, False 1.211367971467337 22.04529433932889 2.324813801621256 0.05389876512666063 1.483696371169425 0.17380882080908527 
[1, 24, 48], [24, 1, 1], [1, 5, 5], [10, 10, 10], [1, 2], 5, 0.001, 1, False, False 1.2669874082491905 26.67926949508643 2.6626027739882403 0.07205727535851501 2.414363490391572 0.5984254726091653 
[1, 24, 48], [24, 5, 1], [1, 5, 5], [20, 20, 20], [1, 2], 5, 0.001, 1, False, False 1.4110252869763862 30.598385009579783 3.3684381427445813 0.09134355139563166 4.0364684871605085 0.5155286872216582 
[1, 24, 48], [24, 15, 1], [1, 10, 10], [10, 10, 10], [0, 1, 2], 10, 0.001, 1, False, False 1.1853329450478434 22.783262345753073 2.40744416170641 0.0631750910907353 0.7685842378482058 0.19415147308325012 
[1, 24, 48], [24, 1, 1], [1, 10, 10], [10, 10, 10], [0, 1, 2], 20, 0.001, 1, False, False 1.3441712905980505 25.330674585467904 2.788859985506361 0.13371053879216527 2.713245963920502 0.41046513333439644 
[1, 24], [24, 5], [1, 5], [20, 20], [0, 1], 1, 0.001, 1, False, False 2.3703559629481146 57.45809442353865 7.802006751829608 0.13569231245019642 3.581788947972386 0.6933554350601986 
[1, 24, 48], [24, 5, 1], [1, 5, 5], [10, 10, 10], [0, 1, 2], 20, 0.001, 1, False, False 1.2570334144333308 23.88739242571222 2.3676574478205974 0.05921660872728223 1.373901871339002 0.07281025969767245 
[1, 24, 48], [24, 10, 1], [1, 10, 10], [20, 20, 20], [0, 1, 2], 10, 0.001, 1, False, False 1.2263500991881031 22.958352710412033 2.3767451760585203 0.04143454831823575 1.0362884439053317 0.09994495275075134 
[1, 24, 48], [24, 15, 15], [1, 5, 5], [10, 10, 10], [0, 1, 2], 5, 0.001, 1, False, False 1.3650637598570299 27.179932960923153 3.419086686325725 0.12585219411103746 4.475158643128061 0.7159873127812091 
[1, 24, 48], [24, 1, 1], [1, 5, 5], [20, 20, 20], [0, 1, 2], 20, 0.001, 1, False, False 1.2064165541108836 23.313089439057848 2.3696629723925846 0.07630644701601544 2.170557678105725 0.15554975282271682 
[1, 24, 48], [24, 5, 1], [1, 10, 10], [20, 20, 20], [0, 1, 2], 10, 0.001, 1, False, False 1.2032077295895394 23.152521248173986 2.2968199365067075 0.03708245354515353 1.009599204369607 0.1368040069235664 
[1, 24, 48], [24, 15, 5], [1, 10, 10], [10, 10, 10], [0, 1, 2], 5, 0.001, 1, False, False 1.273302442927121 24.88735001102121 2.7533122551961426 0.037806879544724455 1.0374117812715815 0.15598385160098208 
[1, 24, 48], [24, 15, 5], [1, 5, 5], [20, 20, 20], [0, 1, 2], 5, 0.001, 1, False, False 1.3340733592605425 27.679843555030274 3.231279902112141 0.10235615163171934 4.115370877771161 0.560200473913175 
[1, 24, 48], [24, 15, 1], [1, 10, 10], [10, 10, 10], [0, 1, 2], 10, 0.001, 1, False, False 1.1846240687390999 22.13925524844046 2.390427835160311 0.0479742469766619 1.1977331198185859 0.10087897282254825 
[1, 24], [24, 10], [1, 5], [10, 10], [0, 1], 20, 0.001, 1, False, False 1.2242028638065139 21.967353193060145 2.5327914662748454 0.057517349070989106 0.4484866791046737 0.29743457894025055 
[1, 24, 48], [24, 5, 1], [1, 5, 5], [20, 20, 20], [0, 1, 2], 1, 0.001, 1, False, False 2.339875963350965 58.06042624820148 7.509832249849214 0.1295376248968598 2.5995239910209182 0.8470770172698384 
[1, 24, 48], [24, 1, 1], [1, 10, 10], [20, 20, 20], [0, 1, 2], 1, 0.001, 1, False, False 2.321585450286943 56.985976639054165 7.623643333857362 0.08683022741135814 1.8672623211036612 0.5191914610007895 
[1, 24, 48], [24, 5, 1], [1, 5, 5], [10, 10, 10], [0, 1, 2], 10, 0.001, 1, False, False 1.2008770956951023 21.79384506370083 2.386329211143214 0.024740428994674407 1.7172451023181623 0.07636433625295289 
[1, 24, 48], [24, 1, 1], [1, 5, 5], [20, 20, 20], [1, 2], 10, 0.001, 1, False, False 1.2474175904636031 24.883286279360615 2.42800051975807 0.027410486943895314 0.8166693496300381 0.02288700019992444 
[1, 24, 48], [24, 15, 15], [1, 5, 5], [20, 20, 20], [0, 1, 2], 5, 0.001, 1, False, False 1.248798090259165 24.37207677913707 2.743762949603825 0.017662628346079907 2.2911240810049467 0.1447593597836579 
[1, 24, 48], [24, 15, 15], [1, 10, 10], [10, 10, 10], [0, 1, 2], 5, 0.001, 1, False, False 1.320304138040929 25.87202687651272 2.856810064528503 0.040315355117733064 1.6015837095721337 0.039128059061052135 
[1, 24, 48], [24, 5, 1], [1, 10, 10], [10, 10, 10], [0, 1, 2], 1, 0.001, 1, False, False 2.4043774490279177 58.8255184259693 7.906117353125964 0.00494032048017593 0.3332131041050587 0.13777095570739822 
[1, 24, 48], [24, 15, 1], [1, 10, 10], [10, 10, 10], [0, 1, 2], 20, 0.001, 1, False, False 1.330705707109775 23.743092420579924 2.7622907491082205 0.09705827450247756 1.5062707407685885 0.3088595786250604 
[1, 24, 48], [24, 10, 1], [1, 5, 5], [10, 10, 10], [1, 2], 10, 0.001, 1, False, False 1.214046342726107 21.65681266193086 2.4425592557179807 0.03509334915314461 1.348745585149507 0.11579902762980887 
[1, 24, 48], [24, 15, 5], [1, 10, 10], [20, 20, 20], [0, 1, 2], 5, 0.001, 1, False, False 1.2529482424724847 25.047489353773106 2.7963179753329843 0.05093605519503246 2.1836009419626503 0.20667842052707278 
[1, 24, 48], [24, 10, 1], [1, 10, 10], [20, 20, 20], [0, 1, 2], 20, 0.001, 1, False, False 1.2077969204755155 22.684742910534283 2.34700344151733 0.021837439290505484 0.6440516247750356 0.18251742597194284 
[1, 24, 48], [24, 15, 1], [1, 10, 10], [20, 20, 20], [0, 1, 2], 1, 0.001, 1, False, False 2.1554705809456887 53.07596811946912 6.695158926500078 0.07242469599685798 1.8462254226431323 0.3512772780486034 
[1, 24], [24, 5], [1, 5], [20, 20], [0, 1], 20, 0.001, 1, False, False 1.224320052257153 23.354710913452056 2.4850354873610225 0.01647005457105249 0.4578318511281406 0.06671967944551833 
[1, 24, 48], [24, 10, 1], [1, 5, 5], [10, 10, 10], [0, 1, 2], 1, 0.001, 1, False, False 2.466967076815113 59.906106322509 8.422657156624133 0.04650435781502285 0.8977481749849221 0.35062593670561026 
[1, 24, 48], [24, 15, 1], [1, 5, 5], [10, 10, 10], [0, 1, 2], 10, 0.001, 1, False, False 1.3034912343688865 24.49056837454363 2.8403302979996603 0.00807477264232309 0.7752965429907037 0.13895584078785664 
[1, 24, 48], [24, 15, 1], [1, 10, 10], [20, 20, 20], [0, 1, 2], 10, 0.001, 1, False, False 1.2338634574147702 22.82239174339104 2.5004984905237166 0.054342898993988004 0.5170968619424378 0.2172840770397914 
[1, 24, 48], [24, 5, 1], [1, 5, 5], [20, 20, 20], [0, 1, 2], 5, 0.001, 1, False, False 1.2313767761923375 25.020815882435528 2.533858635849178 0.08630818650818953 2.0921600733412666 0.255565026615659 
[1, 24, 48], [24, 15, 1], [1, 5, 5], [10, 10, 10], [0, 1, 2], 10, 0.001, 1, False, False 1.1968306871717453 21.945568892474892 2.3865847285975224 0.046907267413358794 1.2138106758189415 0.14505996019465137 
[1, 24, 48], [24, 15, 10], [1, 5, 5], [10, 10, 10], [1, 2], 10, 0.001, 1, False, False 1.2351093736252992 22.338852307867384 2.6046149828623 0.045472630918196255 1.5961027210027146 0.22939625285817677 
[1, 24, 48], [24, 5, 1], [1, 5, 5], [10, 10, 10], [1, 2], 10, 0.001, 1, False, False 1.1284125853899039 21.572049443926065 2.1840716777125055 0.023657928991439387 0.486083603529215 0.06028953353484349 
[1, 24, 48], [24, 15, 15], [1, 10, 10], [20, 20, 20], [0, 1, 2], 10, 0.001, 1, False, False 1.1458819909555908 21.556112550534294 2.227855193859021 0.07260025135033454 1.722980501441626 0.21148756957633472 
[1, 24, 48], [24, 15, 1], [1, 10, 10], [20, 20, 20], [0, 1, 2], 5, 0.001, 1, False, False 1.240058168054869 25.412885725130206 2.4889687842825436 0.06781263993311414 1.1100673532611642 0.2862529624341355 
[1, 24, 48], [24, 15, 1], [1, 5, 5], [20, 20, 20], [0, 1, 2], 10, 0.001, 1, False, False 1.208228555513132 23.48145035048334 2.4565317766857455 0.041761149751757466 0.3751215958310494 0.07700744107469665 
[1, 24, 48], [24, 10, 1], [1, 5, 5], [20, 20, 20], [1, 2], 10, 0.001, 1, False, False 1.2345592306616409 23.70517050859631 2.467941007943049 0.016318748199543782 1.3666506440339015 0.061675244238825186 
[1, 24, 48], [24, 15, 5], [1, 5, 5], [10, 10, 10], [0, 1, 2], 10, 0.001, 1, False, False 1.2263272157784 23.26383989127041 2.4582491678098553 0.03772024640323745 1.1809681691178433 0.1334720402998042 
[1, 24, 48], [24, 1, 1], [1, 5, 5], [10, 10, 10], [1, 2], 10, 0.001, 1, False, False 1.3049962790113774 26.391446138092892 2.736540523239379 0.0667269325680074 1.7477873167020226 0.29706611149563766 
[1, 24, 48], [24, 10, 1], [1, 5, 5], [10, 10, 10], [0, 1, 2], 5, 0.001, 1, False, False 1.3164826178302367 26.0620184694465 2.7223484317584634 0.04290007237487013 0.5575028614229842 0.25617125067453217 
[1, 24, 48], [24, 15, 1], [1, 5, 5], [20, 20, 20], [0, 1, 2], 10, 0.001, 1, False, False 1.2302082435952293 23.978127312523927 2.484925955850288 0.05932422733640693 1.6770059326617195 0.14476974157088388 
[1, 24, 48], [24, 15, 10], [1, 5, 5], [10, 10, 10], [1, 2], 20, 0.001, 1, False, False 1.3570184623115455 23.747156108410238 2.8314792969022786 0.046509289270001794 0.13008050668472976 0.11288987075107325 
[1, 24, 48], [24, 15, 10], [1, 5, 5], [20, 20, 20], [1, 2], 20, 0.001, 1, False, False 1.2765612232585062 22.312858254985983 2.8349418318612547 0.08278989748242148 0.3133728200394805 0.38570096197623993 
[1, 24, 48], [24, 5, 1], [1, 5, 5], [20, 20, 20], [1, 2], 10, 0.001, 1, False, False 1.154632067150885 20.590474382947477 2.2656145544062496 0.0187773320540099 0.5157874704721731 0.03731378155137787 
[1, 24, 48], [24, 1, 1], [1, 10, 10], [20, 20, 20], [0, 1, 2], 5, 0.001, 1, False, False 1.2745500401800707 25.357144447654488 2.5035049542465604 0.02034539604107708 1.4118765046473083 0.05886864903475464 
[1, 24, 48], [24, 15, 1], [1, 5, 5], [10, 10, 10], [1, 2], 1, 0.001, 1, False, False 2.4052315411813283 59.16336862025084 8.077680800540934 0.08765262410835808 1.9807128472571354 0.4623188782154058 
[1, 24, 48], [24, 1, 1], [1, 5, 5], [10, 10, 10], [1, 2], 20, 0.001, 1, False, False 1.217895935513769 22.57550508880458 2.2965733478786903 0.03330900468044065 1.899059895369331 0.10626000576286068 
[1, 24, 48], [24, 10, 1], [1, 5, 5], [10, 10, 10], [0, 1, 2], 20, 0.001, 1, False, False 1.2139951484709013 22.306695323856086 2.4056670493165733 0.028456311503911855 0.7556446981951053 0.056186019463925166 
[1, 24, 48], [24, 15, 10], [1, 5, 5], [20, 20, 20], [1, 2], 1, 0.001, 1, False, False 2.264763985015452 55.534082394635014 7.239676993940154 0.027640365461457973 0.8286382910506582 0.033179060292604354 
[1, 24, 48], [24, 5, 1], [1, 10, 10], [10, 10, 10], [0, 1, 2], 5, 0.001, 1, False, False 1.210556781159162 23.80648663623927 2.3707128738865593 0.06136541567354828 1.0800096948910205 0.09878918165212242 
[1, 24, 48], [24, 5, 1], [1, 5, 5], [20, 20, 20], [0, 1, 2], 20, 0.001, 1, False, False 1.1635717515143809 21.153933602119608 2.3448171469651555 0.034132659896301425 1.9323916004117625 0.13743157056089725 
[1, 24, 48], [24, 1, 1], [1, 5, 5], [20, 20, 20], [1, 2], 1, 0.001, 1, False, False 2.3767866493306227 58.14043555921673 7.967295760516758 0.09013023416900384 2.063633201655855 0.35545208204908324 
[1, 24, 48], [24, 10, 1], [1, 5, 5], [20, 20, 20], [0, 1, 2], 1, 0.001, 1, False, False 2.3578904566941437 58.13396763045253 7.885783693418219 0.07689542194669867 1.5903991621509157 0.522601982190735 
[1, 24, 48], [24, 10, 1], [1, 10, 10], [10, 10, 10], [0, 1, 2], 1, 0.001, 1, False, False 2.2451196952550503 54.42629314739915 7.0956596650044155 0.028334679258565303 0.8135171293130544 0.20787966805706837 
[1, 24, 48], [24, 5, 1], [1, 5, 5], [20, 20, 20], [1, 2], 20, 0.001, 1, False, False 1.2468089434749414 22.605460683752412 2.478720135421401 0.04749816591211366 1.6184016625761803 0.17836263288472626 
[1, 24, 48], [24, 10, 1], [1, 5, 5], [10, 10, 10], [1, 2], 1, 0.001, 1, False, False 2.362563189457136 58.10410243238741 7.733286765416729 0.10871042087203601 2.304228916886588 0.5504589051221724 
[1, 24, 48], [24, 15, 1], [1, 5, 5], [20, 20, 20], [0, 1, 2], 20, 0.001, 1, False, False 1.2711898176723884 23.281943664071687 2.5535762827841455 0.04690373139410652 1.0721758739451153 0.1595054136627751 
[1, 24, 48], [24, 10, 1], [1, 10, 10], [10, 10, 10], [0, 1, 2], 20, 0.001, 1, False, False 1.2707180458793623 23.83541830582841 2.4884244767649686 0.07243115909043078 2.1058670901285566 0.23121422469118308 
[1, 24, 48], [24, 15, 15], [1, 5, 5], [10, 10, 10], [0, 1, 2], 10, 0.001, 1, False, False 1.256671932719096 23.403571045218282 2.69237322284178 0.01534433879739625 0.19820373500940316 0.06605922181817935 
[1, 24, 48], [24, 15, 10], [1, 5, 5], [20, 20, 20], [1, 2], 5, 0.001, 1, False, False 1.2606490433561028 24.7481342554177 2.886593507264058 0.03814193535681276 0.4695859311510797 0.15429998699535308 
[1, 24, 48], [24, 15, 1], [1, 10, 10], [10, 10, 10], [0, 1, 2], 1, 0.001, 1, False, False 2.242251245974115 54.376908994734315 7.085402000146228 0.050118887603745776 1.2464905685256742 0.29077148710770623 
[1, 24, 48], [24, 1, 1], [1, 10, 10], [20, 20, 20], [0, 1, 2], 20, 0.001, 1, False, False 1.2047458835170364 23.10417240892632 2.232283790991763 0.0430723446593563 1.1565923600838977 0.14505197451936777 
[1, 24, 48], [24, 1, 1], [1, 5, 5], [20, 20, 20], [1, 2], 5, 0.001, 1, False, False 1.383977926198255 28.81202428998588 3.037468307163404 0.061518310405062004 2.0390477439437364 0.34436387973989907 
[1, 24, 48], [24, 15, 5], [1, 10, 10], [10, 10, 10], [0, 1, 2], 10, 0.001, 1, False, False 1.1982828009321735 22.09022409929719 2.4644118249616427 0.04137007872684633 1.2772029007796137 0.1992606971676766 
[1, 24, 48], [24, 15, 5], [1, 5, 5], [20, 20, 20], [0, 1, 2], 10, 0.001, 1, False, False 1.1661519324200023 22.53556739402698 2.334926833802785 0.08126185990558259 1.7484012522062975 0.2009042280534337 
[1, 24, 48], [24, 15, 15], [1, 5, 5], [20, 20, 20], [0, 1, 2], 10, 0.001, 1, False, False 1.221217551784314 22.69816959085908 2.5905107693652223 0.041872790678423366 0.9574850183812933 0.1237195374726639 
[1, 24, 48], [24, 1, 1], [1, 5, 5], [10, 10, 10], [0, 1, 2], 1, 0.001, 1, False, False 2.443208374752215 59.83400567006686 8.274989379120255 0.1122159479971327 2.880419221227516 0.6369099848560915 
[1, 24, 48], [24, 15, 15], [1, 10, 10], [10, 10, 10], [0, 1, 2], 10, 0.001, 1, False, False 1.184411205413441 21.278370887197983 2.397863434311341 0.006763774059958367 0.7388078092154957 0.08315429694067371 
[1, 24, 48], [24, 10, 1], [1, 5, 5], [20, 20, 20], [0, 1, 2], 20, 0.001, 1, False, False 1.2065830160139337 21.58350347591268 2.3018756333562815 0.06875436139693081 0.7834643480405472 0.21971463850707362 
[1, 24, 48], [24, 10, 1], [1, 5, 5], [10, 10, 10], [1, 2], 5, 0.001, 1, False, False 1.296624479315209 26.563753839814662 3.0465463648277145 0.043116408504123356 1.2207832494684305 0.12369763638498615 
[1, 24, 48], [24, 15, 5], [1, 10, 10], [20, 20, 20], [0, 1, 2], 10, 0.001, 1, False, False 1.2208167876979268 22.72930347731858 2.5091123877379715 0.02994171964022827 1.0550805713020668 0.09847928902962286 
[1, 24, 48], [24, 1, 1], [1, 5, 5], [20, 20, 20], [1, 2], 20, 0.001, 1, False, False 1.2299936846450523 23.29004704235051 2.4110522048043115 0.028278090015316094 0.6819540880890689 0.11618383881741778 
[1, 24, 48], [24, 5, 1], [1, 5, 5], [10, 10, 10], [1, 2], 1, 0.001, 1, False, False 2.375529643541409 57.563170635139805 7.687496261018858 0.07612458121440852 0.7248570205951048 0.3199353261394272 
[1, 24, 48], [24, 5, 1], [1, 10, 10], [10, 10, 10], [0, 1, 2], 20, 0.001, 1, False, False 1.2421221079666998 22.600775951020395 2.418059755238525 0.0642898817408026 0.960072287629675 0.16207285834478322 
[1, 24, 48], [24, 15, 15], [1, 5, 5], [20, 20, 20], [0, 1, 2], 20, 0.001, 1, False, False 1.220339459054931 21.817050378084144 2.513282192420655 0.010461132499245945 0.5651476590397864 0.11736874065978833 
[1, 24, 48], [24, 1, 1], [1, 5, 5], [10, 10, 10], [0, 1, 2], 20, 0.001, 1, False, False 1.151302248834529 21.0620782822562 2.162599108668324 0.10338377524651016 1.674665987338324 0.2914736480139625 
[1, 24, 48], [24, 15, 15], [1, 10, 10], [10, 10, 10], [0, 1, 2], 20, 0.001, 1, False, False 1.2097020513067642 22.193874888702165 2.4195794485664526 0.024530777102359843 0.6370714491650632 0.10674600988539369 
[1, 24, 48], [24, 10, 1], [1, 5, 5], [10, 10, 10], [1, 2], 20, 0.001, 1, False, False 1.2077089590658605 22.053925738272014 2.331967084127834 0.024533466839446117 0.8176248569627966 0.034057716240978794 
[1, 24, 48], [24, 15, 1], [1, 5, 5], [10, 10, 10], [0, 1, 2], 20, 0.001, 1, False, False 1.2194375375682418 22.660133571439996 2.406150118272208 0.01434466141812908 0.6509449469992594 0.10195194874402416 
[1, 24, 48], [24, 15, 5], [1, 10, 10], [20, 20, 20], [0, 1, 2], 20, 0.001, 1, False, False 1.3034088106981168 24.096063586762387 2.638327262536382 0.021094993373077613 0.4856280531255488 0.023263813712783 
[1, 24, 48], [24, 15, 1], [1, 10, 10], [10, 10, 10], [0, 1, 2], 20, 0.001, 1, False, False 1.1701732966186549 20.957442057673575 2.3002970873134125 0.03849136420684181 1.9836833492067714 0.09466853002057188 
[1, 24, 48], [24, 5, 1], [1, 10, 10], [20, 20, 20], [0, 1, 2], 1, 0.001, 1, False, False 2.2499601264587707 54.30579891402161 7.262778188092316 0.15700855912169856 4.103579273647403 0.8449487975081531 
[1, 24, 48], [24, 10, 1], [1, 5, 5], [20, 20, 20], [1, 2], 1, 0.001, 1, False, False 2.471828271655573 60.18712181394269 8.609698143425433 0.02497268174702606 0.6298215921560565 0.12017606634640965 
[1, 24, 48], [24, 15, 15], [1, 10, 10], [20, 20, 20], [0, 1, 2], 1, 0.001, 1, False, False 2.1754499334497033 51.17292467665728 6.611593204267554 0.06832622256429577 2.042089429313811 0.38612508489953656 
[1, 24, 48], [24, 15, 1], [1, 5, 5], [20, 20, 20], [0, 1, 2], 1, 0.001, 1, False, False 2.402249955523897 57.860292688062835 8.03194632620645 0.052794513900627865 1.0298188745394319 0.356503957780456 
[1, 24, 48], [24, 15, 5], [1, 5, 5], [10, 10, 10], [0, 1, 2], 1, 0.001, 1, False, False 2.4091814172695636 58.45535342175129 7.917355095186821 0.0985827253207434 2.4672386055503295 0.66636644603267 
[1, 24, 48], [24, 15, 1], [1, 10, 10], [10, 10, 10], [0, 1, 2], 5, 0.001, 1, False, False 1.1943503753627065 23.36471290931392 2.5437257741283177 0.017615188692681392 0.8601528469515929 0.06868160873797839 
[1, 24, 48], [24, 15, 1], [1, 10, 10], [20, 20, 20], [0, 1, 2], 20, 0.001, 1, False, False 1.2126750796481414 21.913058168634567 2.375501037421513 0.060468351280541344 0.9134307325709232 0.0964236905579629 
[1, 24, 48], [24, 15, 1], [1, 10, 10], [20, 20, 20], [0, 1, 2], 1, 0.001, 1, False, False 2.4015270833477924 58.7969671024587 7.896911470664254 0.03882553847574684 0.8105930290034742 0.22122655143518297 
[1, 24, 48], [24, 5, 1], [1, 5, 5], [10, 10, 10], [1, 2], 20, 0.001, 1, False, False 1.227581457005538 22.64867021458943 2.312128781504098 0.04571884522140478 0.36905332779699 0.13001348845843633 
[1, 24, 48], [24, 15, 1], [1, 5, 5], [10, 10, 10], [0, 1, 2], 1, 0.001, 1, False, False 2.4517178389278276 59.69059178524544 8.436475831894148 0.03707268297021195 1.8260008144281428 0.14199985461063938 
[1, 24, 48], [24, 10, 1], [1, 5, 5], [20, 20, 20], [1, 2], 20, 0.001, 1, False, False 1.2358515894799325 21.708929417157517 2.517120873289745 0.08364144341624125 1.836779594756909 0.3477675429632998 
[1, 24, 48], [24, 15, 1], [1, 10, 10], [20, 20, 20], [0, 1, 2], 20, 0.001, 1, False, False 1.2302769068456083 23.263925256763233 2.366854965597961 0.027072286973822416 0.5273074526004172 0.07719508036839487 
[1, 24, 48], [24, 15, 15], [1, 10, 10], [20, 20, 20], [0, 1, 2], 5, 0.001, 1, False, False 1.2052950854223499 22.65980022225907 2.440682708015385 0.006641882772217248 0.7349937589606033 0.10759206131665136 
[1, 24, 48], [24, 15, 1], [1, 5, 5], [20, 20, 20], [0, 1, 2], 5, 0.001, 1, False, False 1.3526518051305583 27.52571685960321 3.0227896359997177 0.07100314216977731 2.1492100607826448 0.360123388538244 
[1, 24, 48], [24, 15, 5], [1, 5, 5], [10, 10, 10], [0, 1, 2], 5, 0.001, 1, False, False 1.3658491479819297 26.778636407092705 3.357763875551338 0.12489499101916139 4.688883117655927 0.610172139305591 
[1, 24, 48], [24, 5, 1], [1, 10, 10], [20, 20, 20], [0, 1, 2], 20, 0.001, 1, False, False 1.2244017845502606 22.293297482464155 2.4293588420918706 0.008143797937328685 0.8265032077466093 0.10175980902178734 
[1, 24, 48], [24, 15, 15], [1, 10, 10], [20, 20, 20], [0, 1, 2], 20, 0.001, 1, False, False 1.2281483437624516 22.57079945827316 2.5382413799105144 0.031385185541117105 1.2583930455024956 0.09062108456123878 
[1, 24, 48], [24, 15, 1], [1, 5, 5], [20, 20, 20], [0, 1, 2], 20, 0.001, 1, False, False 1.188313372652219 22.963816444753657 2.35515658610702 0.051573312061507504 1.335995560232482 0.163810958042133 
[1, 24, 48], [24, 15, 5], [1, 5, 5], [10, 10, 10], [0, 1, 2], 20, 0.001, 1, False, False 1.2415981971141368 22.562143680131488 2.6183498700636605 0.004288037821781652 0.7500119122059399 0.059633510250262235 
[1, 24, 48], [24, 15, 15], [1, 5, 5], [10, 10, 10], [0, 1, 2], 1, 0.001, 1, False, False 2.388445828061689 58.04400586067575 8.04422541008462 0.07753366243812884 1.7760468311734532 0.17055614299423447 
[1, 24, 48], [24, 15, 5], [1, 10, 10], [10, 10, 10], [0, 1, 2], 1, 0.001, 1, False, False 2.2284632906800623 54.42858678155335 6.929163044602251 0.0422766931234204 1.7168946817852522 0.34153372864190246 
[1, 24, 48], [24, 15, 5], [1, 5, 5], [20, 20, 20], [0, 1, 2], 1, 0.001, 1, False, False 2.227956178432537 53.25516491926288 7.039599716376703 0.11395285132441206 4.300519437933163 0.6895176635696422 
[1, 24, 48], [24, 15, 1], [1, 5, 5], [10, 10, 10], [0, 1, 2], 20, 0.001, 1, False, False 1.267715440205885 22.780897890437995 2.7250304534821925 0.03088100936349992 0.18256002652995587 0.11574103652590126 
[1, 24, 48], [24, 15, 15], [1, 5, 5], [10, 10, 10], [0, 1, 2], 20, 0.001, 1, False, False 1.1987948399192343 21.58481450102359 2.4377674669028853 0.03104208119866092 1.631365650490004 0.069643451870021 
[1, 24, 48], [24, 15, 5], [1, 5, 5], [20, 20, 20], [0, 1, 2], 20, 0.001, 1, False, False 1.1557731978095103 20.543234682763906 2.2657489013333123 0.03671853107626139 1.0358750183709762 0.06657569422955688 
[1, 24, 48], [24, 15, 5], [1, 10, 10], [10, 10, 10], [0, 1, 2], 20, 0.001, 1, False, False 1.2263781091405284 20.81958279003375 2.6022312871002113 0.007201467426357944 0.3802293709394008 0.0676578271509016 
