lags time_steps dense_nodes lstm_nodes processed scales                        epochs l2 learning_rate mean_mae mean_mape mean_mse                         std mae std_mape std_mse 
[1, 24], [24, 5], [1, 5], [20, 20], [0, 1], 1, 0.001, 1, False, False 2.5135419686566354 61.43708613984711 8.676239687646207 0.022750604836501296 0.2644203369806831 0.15249656837163714 
[1, 24], [24, 1], [1, 5], [10, 10], [0, 1], 1, 0.001, 1, False, False 2.5038214732720347 61.463020588560305 8.637820302612214 0.006134623796596359 0.4746918203490615 0.04514377234851294 
[1, 24], [24, 5], [1, 10], [10, 10], [0, 1], 5, 0.001, 1, False, False 1.8615196935246108 43.43544825662756 5.3728185039692775 0.32996511488890584 9.888945309623987 1.3440905140544415 
[1, 24], [24, 1], [1, 5], [20, 20], [0, 1], 5, 0.001, 1, False, False 2.2459227128713217 54.4947799514406 7.029806337252695 0.03879274508392916 1.3458493170240573 0.10984350691037606 
[1, 24], [24, 15], [1, 10], [20, 20], [0, 1], 1, 0.001, 1, False, False 2.462916983167331 60.050412506557734 8.32724897168538 0.07291703494843618 1.7241871687968926 0.443394405460874 
[1, 24], [24, 10], [1, 10], [10, 10], [0, 1], 1, 0.001, 1, False, False 2.5184424375356347 61.607886867775655 8.698088716864047 0.02363484959884444 0.27165678148263467 0.05298410276262677 
[1, 24], [24, 1], [1, 5], [10, 10], [0, 1], 5, 0.001, 1, False, False 2.364084131615581 57.75576871190966 7.768283531516787 0.08210052419641993 2.00330451875093 0.48252387940264757 
[1, 24], [24, 5], [1, 5], [20, 20], [0, 1], 5, 0.001, 1, False, False 2.339387151667917 56.76093590626846 7.6207392357602615 0.04599074991546222 0.9497107096173841 0.3455066237954389 
[1, 24], [24, 5], [1, 5], [10, 10], [1], 1, 0.001, 1, False, False 2.471171733523133 60.867418325020395 8.432205996270177 0.028786098452937243 0.7074226902256419 0.1628699915612523 
[1, 24], [24, 10], [1, 5], [20, 20], [1], 1, 0.001, 1, False, False 2.5199001254237907 61.54126793171053 8.713401323370448 0.015273362911754075 0.49885031414437564 0.05461669838664745 
[1, 24], [24, 1], [1, 10], [10, 10], [0, 1], 10, 0.001, 1, False, False 1.3177263111772914 25.43103639521206 2.5611682152389097 0.008253405245048506 0.23891253509060567 0.09272796790863422 
[1, 24], [24, 5], [1, 5], [20, 20], [1], 5, 0.001, 1, False, False 2.1862982690403308 53.72203675020117 6.80018073939556 0.011981948918863958 0.4366944529389753 0.23737418655778422 
[1, 24], [24, 5], [1, 5], [10, 10], [1], 5, 0.001, 1, False, False 2.3462572783024775 57.55124388534349 7.7956660202742825 0.027030285980719347 0.6890147846919665 0.1741437256242098 
[1, 24], [24, 10], [1, 5], [20, 20], [1], 5, 0.001, 1, False, False 1.7718748927840757 39.35920545141689 4.72969821467933 0.14284984991644495 4.409532036993075 0.5931939966150599 
[1, 24], [24, 10], [1, 10], [20, 20], [0, 1], 5, 0.001, 1, False, False 1.5302741115222929 33.37200133128416 3.56267846862959 0.04945972529300168 1.8496200443111195 0.2603631909760107 
[1, 24], [24, 15], [1, 10], [10, 10], [1], 1, 0.001, 1, False, False 2.51166147377204 61.646318194484024 8.723852104171176 0.03991203418009438 0.620704903798376 0.2035233877542663 
[1, 24], [24, 10], [1, 10], [10, 10], [1], 5, 0.001, 1, False, False 2.049182486309911 48.67246061726274 6.083417112976445 0.258757859879437 7.974505364587458 1.5016323430830534 
[1, 24], [24, 5], [1, 10], [10, 10], [1], 10, 0.001, 1, False, False 1.287759601902562 24.676947734416142 2.7608213560250703 0.06618509366567793 2.4536642338816357 0.26528392924672967 
[1, 24], [24, 15], [1, 10], [20, 20], [0, 1], 5, 0.001, 1, False, False 1.7637017216533424 39.30816866814839 4.799400250498106 0.20755925441887962 5.765370611834627 0.6258845714667561 
[1, 24], [24, 10], [1, 10], [10, 10], [0, 1], 5, 0.001, 1, False, False 1.9308205594067225 44.345171804569425 5.355784465957677 0.3559483287902243 10.302519115850561 1.866145960608632 
[1, 24], [24, 5], [1, 10], [20, 20], [0, 1], 10, 0.001, 1, False, False 1.2790727612321025 25.042994391050843 2.660216850676839 0.029849911768958612 1.2081465966540528 0.20171727101990447 
[1, 24], [24, 10], [1, 10], [20, 20], [1], 10, 0.001, 1, False, False 1.2455492114441264 23.52360828551788 2.6431452123283443 0.0025733790043265046 0.39576254809136374 0.06617743172994901 
[1, 24], [24, 15], [1, 10], [20, 20], [1], 5, 0.001, 1, False, False 1.7896232642578305 40.724009857917835 4.767510052940505 0.09368251939555555 2.772883340827652 0.5269963805969209 
[1, 24], [24, 5], [1, 5], [20, 20], [1], 10, 0.001, 1, False, False 1.442652915976942 29.627301976163853 3.1518498676428366 0.1352449371309384 3.8785740756287925 0.3435765714194775 
[1, 24], [24, 5], [1, 10], [10, 10], [0, 1], 10, 0.001, 1, False, False 1.226830249655716 22.326382444283723 2.504186718795856 0.016401179184740124 0.6198165718793197 0.032647755794985675 
[1, 24], [24, 1], [1, 5], [20, 20], [0, 1], 10, 0.001, 1, False, False 1.7817597569242396 38.84823608952657 4.899327768019482 0.5130725098336053 13.857490375470316 2.3440440703609133 
[1, 24], [24, 15], [1, 10], [10, 10], [1], 5, 0.001, 1, False, False 2.156990671488974 51.467992986672215 6.989185459416185 0.3666456602320989 9.984517026474352 1.5862827078483688 
[1, 24], [24, 1], [1, 5], [10, 10], [0, 1], 10, 0.001, 1, False, False 1.7678688337750457 40.45385988865642 4.728428712748417 0.3467477736991466 10.230428372674885 1.701208423559781 
[1, 24], [24, 5], [1, 5], [10, 10], [1], 10, 0.001, 1, False, False 1.4023400342988748 28.922327493476487 3.184563690496241 0.04465063101350232 1.6896930166968243 0.042605635587339985 
[1, 24], [24, 10], [1, 5], [20, 20], [1], 10, 0.001, 1, False, False 1.5107192610597444 33.67477841898826 3.7385038271943034 0.23049599001330462 6.6805649832523475 0.9157788968318981 
[1, 24], [24, 5], [1, 5], [20, 20], [0, 1], 10, 0.001, 1, False, False 1.6992661177560135 38.426150702272295 4.217720166689698 0.27873627163107595 8.957478411186012 1.2937082381093898 
[1, 24], [24, 1], [1, 10], [20, 20], [1], 1, 0.001, 1, False, False 2.5287576650441794 61.10753636916175 8.67880612903918 0.03782034027259985 1.30603355850186 0.2987950364028858 
[1, 24], [24, 5], [1, 10], [20, 20], [1], 20, 0.001, 1, False, False 1.2216376228068297 22.15979536826097 2.3807191215585157 0.029039596934750698 1.2072270798185416 0.06188504405687316 
[1, 24], [24, 10], [1, 10], [10, 10], [1], 10, 0.001, 1, False, False 1.2722539450645585 23.34904560438299 2.6466943080976617 0.007474214034830954 0.14689832110140183 0.07749593187788699 
[1, 24], [24, 1], [1, 5], [10, 10], [1], 10, 0.001, 1, False, False 1.6932184992461572 38.742422992542465 4.521276816916219 0.39405111345586963 12.416050929520795 1.8431699877909713 
[1, 24], [24, 10], [1, 5], [10, 10], [1], 1, 0.001, 1, False, False 2.542040119906542 61.7805640883652 8.791970753903046 0.02093157023176986 0.2075473160037016 0.16150238414770074 
[1, 24], [24, 1], [1, 10], [20, 20], [0, 1], 20, 0.001, 1, False, False 1.2209560742446535 22.894995048296494 2.2668673561014097 0.02067059429358605 0.5965040435754946 0.036735893420998235 
[1, 24], [24, 1], [1, 10], [20, 20], [1], 5, 0.001, 1, False, False 2.0269617823297508 48.360009121891544 5.85183342571705 0.1127727215969884 3.313816212041766 0.58449553651018 
[1, 24, 48], [24, 1, 1], [1, 10, 10], [10, 10, 10], [0, 1, 2], 1, 0.001, 1, False, False 2.4918842920067683 60.64908467345072 8.513078919291518 0.036898674155474605 1.1139192059808478 0.21502039339006446 
[1, 24], [24, 15], [1, 5], [10, 10], [0, 1], 10, 0.001, 1, False, False 1.4151455375296926 29.02010823685264 3.5110442728191433 0.130830433401493 3.8307720316675327 0.6660090590595055 
[1, 24], [24, 5], [1, 5], [10, 10], [0, 1], 1, 0.001, 1, False, False 2.505146583086914 61.227204676567425 8.568446730238067 0.012439916693041954 0.41478003557554755 0.1277778696785994 
[1, 24], [24, 10], [1, 5], [10, 10], [1], 5, 0.001, 1, False, False 2.018036733819517 48.18726305901004 5.932532834849995 0.23704267705494456 6.809580656825248 1.2484147318310517 
[1, 24], [24, 1], [1, 10], [20, 20], [1], 10, 0.001, 1, False, False 1.2666259360413445 23.98063908945328 2.479761895902524 0.02397789748783712 1.0373405081270193 0.06586931341834662 
[1, 24], [24, 1], [1, 5], [20, 20], [1], 20, 0.001, 1, False, False 1.275275549658195 24.089219085409585 2.5802970426690535 0.010701854545972925 0.3000788188744905 0.10387075993722766 
[1, 24, 48], [24, 10, 1], [1, 5, 5], [10, 10, 10], [0, 1, 2], 1, 0.001, 1, False, False 2.5018916053835443 61.371975303132295 8.574994353345511 0.016270709054827467 0.19175210527616562 0.09458730726112419 
[1, 24, 48], [24, 5, 1], [1, 10, 10], [20, 20, 20], [0, 1, 2], 1, 0.001, 1, False, False 2.45779686961323 60.07613959913541 8.328143197662852 0.07068017466855647 0.9344688905971856 0.42244385770406134 
[1, 24, 48], [24, 15, 1], [1, 5, 5], [20, 20, 20], [0, 1, 2], 1, 0.001, 1, False, False 2.4962342146370147 60.49807274984349 8.61007366868268 0.03139851782301064 0.5896943750945016 0.1109203858821011 
[1, 24, 48], [24, 15, 5], [1, 10, 10], [10, 10, 10], [0, 1, 2], 1, 0.001, 1, False, False 2.5196290331927167 61.42144734940899 8.68999641276909 0.020682071259978677 0.4007392304281758 0.24198113024962614 
[1, 24], [24, 1], [1, 10], [10, 10], [1], 1, 0.001, 1, False, False 2.512983912402005 61.34179865298815 8.628089253553405 0.01011051271151238 0.4556014199786758 0.09123142117169403 
[1, 24], [24, 5], [1, 10], [10, 10], [1], 20, 0.001, 1, False, False 1.2367780841317855 23.077604132175725 2.3653262159757897 0.027393643558070533 0.8460540393796571 0.040846090986876735 
[1, 24], [24, 15], [1, 10], [20, 20], [1], 10, 0.001, 1, False, False 1.2647418237998393 23.45601603223984 2.768254815648536 0.010372809796890228 0.6677770359178088 0.06511478972022566 
[1, 24], [24, 5], [1, 10], [20, 20], [1], 1, 0.001, 1, False, False 2.514010405223127 61.718139627049 8.676104458865316 0.0178220050978679 0.24718208131692315 0.11222598823480442 
[1, 24], [24, 15], [1, 10], [10, 10], [1], 10, 0.001, 1, False, False 1.2961115145952338 24.614657498486963 2.9307594847090814 0.020242108620570513 1.3483369879883 0.1617729312281353 
[1, 24], [24, 10], [1, 5], [10, 10], [0, 1], 20, 0.001, 1, False, False 1.217186498621272 21.92419171681784 2.47649958779377 0.009125045443050941 0.7885326195571326 0.09049829818372508 
[1, 24], [24, 1], [1, 10], [10, 10], [1], 5, 0.001, 1, False, False 2.1681955601744076 52.71107628770167 6.626017700820338 0.11068695431016828 3.3448930010052567 0.7702043889820315 
[1, 24], [24, 1], [1, 5], [10, 10], [1], 20, 0.001, 1, False, False 1.2380891899578275 22.83798543503354 2.376190624892422 0.01948121296226264 0.36430267754583945 0.035638107692838115 
[1, 24], [24, 5], [1, 5], [10, 10], [0, 1], 5, 0.001, 1, False, False 2.405275349546638 58.611112143391786 7.988037689848572 0.08068162260198661 2.1630297435553416 0.5060917892206116 
[1, 24], [24, 10], [1, 10], [20, 20], [1], 20, 0.001, 1, False, False 1.2163094893822244 22.03117806598416 2.4459057007847727 0.021975138046366912 0.5515936585001696 0.0812670285340699 
[1, 24, 48], [24, 1, 1], [1, 10, 10], [20, 20, 20], [0, 1, 2], 5, 0.001, 1, False, False 1.4474061930172697 31.244718165386278 3.3528929612499323 0.23346439908620065 7.914291735838612 0.9280043436288582 
[1, 24], [24, 1], [1, 5], [20, 20], [1], 1, 0.001, 1, False, False 2.4963435879460083 61.23004311489177 8.580790478389728 0.016164151729965794 0.41073649361108616 0.1016656253319497 
[1, 24], [24, 10], [1, 5], [20, 20], [0, 1], 1, 0.001, 1, False, False 2.4916308632672384 61.17726059365754 8.568447961677549 0.017008426052491858 0.15138764716352343 0.0466271300549523 
[1, 24], [24, 15], [1, 5], [10, 10], [1], 1, 0.001, 1, False, False 2.5042668914698343 61.35742715166276 8.600126654777492 0.011914973997011613 0.2131319553551546 0.06200415421042631 
[1, 24], [24, 10], [1, 10], [20, 20], [0, 1], 10, 0.001, 1, False, False 1.2366141080908066 23.072451010105567 2.4852895112569704 0.06873140254084494 1.847539657407716 0.1517756910576499 
[1, 24], [24, 15], [1, 5], [10, 10], [1], 20, 0.001, 1, False, False 1.2237604279036602 21.925385901779972 2.5653065098233117 0.005648535709315465 0.3395827899748996 0.04039970543115857 
[1, 24], [24, 5], [1, 5], [20, 20], [1], 20, 0.001, 1, False, False 1.2381497684521259 22.82741676762321 2.525422794255857 0.005402621386362199 0.6053769137425375 0.01482486550263069 
[1, 24, 48], [24, 15, 15], [1, 10, 10], [20, 20, 20], [0, 1, 2], 1, 0.001, 1, False, False 2.3865075005839267 58.64043306097803 7.870553992266134 0.050451674958757485 1.2505544355717495 0.3653977092063198 
[1, 24], [24, 15], [1, 5], [20, 20], [1], 1, 0.001, 1, False, False 2.5186965499280234 61.77213271829438 8.724521242911791 0.00632106444632597 0.1329361957787097 0.030025552023432746 
[1, 24], [24, 5], [1, 10], [20, 20], [1], 5, 0.001, 1, False, False 1.7233402146026495 39.08201668481867 4.515326241788156 0.17306144758694983 5.986271905005692 1.0783542053825284 
[1, 24], [24, 5], [1, 10], [10, 10], [1], 1, 0.001, 1, False, False 2.4909586646766573 60.69611915470228 8.567880533931168 0.05648674046071325 1.1464126416921234 0.39711985093758523 
[1, 24], [24, 10], [1, 5], [10, 10], [1], 10, 0.001, 1, False, False 1.6582976850232594 36.224413679054535 4.617605625142541 0.4032870388398623 12.602171722389631 2.0647583877336593 
[1, 24], [24, 5], [1, 5], [10, 10], [1], 20, 0.001, 1, False, False 1.253114802968102 23.67501891752399 2.5407940244006118 0.01834845278612922 1.3925118999394013 0.12444673734874638 
[1, 24, 48], [24, 1, 1], [1, 10, 10], [10, 10, 10], [0, 1, 2], 5, 0.001, 1, False, False 1.4041296791354265 31.00563725478504 3.3213401504591236 0.11550431992426648 3.6324071706323378 0.6086499670210402 
[1, 24], [24, 1], [1, 5], [20, 20], [1], 5, 0.001, 1, False, False 2.361705195331187 57.948589335028345 7.700744354371324 0.09715042926612583 1.9189068099477218 0.6842106581261963 
[1, 24], [24, 1], [1, 10], [10, 10], [1], 10, 0.001, 1, False, False 1.3142610514433022 25.74349763941416 2.597408510016273 0.05440193553057723 1.5488746074886686 0.050332760462118445 
[1, 24], [24, 10], [1, 10], [10, 10], [1], 20, 0.001, 1, False, False 1.2386305694468323 22.745157141793744 2.4813268184238786 0.02845847023917262 1.0507407160456752 0.052961665067116824 
[1, 24], [24, 5], [1, 5], [20, 20], [1], 1, 0.001, 1, False, False 2.5276665194167034 61.62387124863543 8.748639004014285 0.02186778541988166 0.2606539129727016 0.09317607897359784 
[1, 24], [24, 15], [1, 10], [20, 20], [0, 1], 10, 0.001, 1, False, False 1.2443967602922823 24.28422147426841 2.588118880431816 0.06127613520492855 1.883998423147461 0.07915908198203193 
[1, 24], [24, 10], [1, 10], [10, 10], [0, 1], 10, 0.001, 1, False, False 1.3299686042488454 26.012214511203336 2.904198837593018 0.027888662776933585 1.1439317704798138 0.12187506276630788 
[1, 24], [24, 1], [1, 10], [20, 20], [1], 20, 0.001, 1, False, False 1.2776474336869326 24.375894642072826 2.4390415621735797 0.015884858245952073 0.8804272134201956 0.005509241033869265 
[1, 24], [24, 10], [1, 10], [20, 20], [1], 1, 0.001, 1, False, False 2.4596768330920624 60.42616831364533 8.312621002952326 0.0038653758782667535 0.24079014407074706 0.12524210400717944 
[1, 24], [24, 15], [1, 5], [10, 10], [1], 5, 0.001, 1, False, False 1.9524196639312088 45.523044967014954 5.819610220241799 0.3520890096265353 9.689020835941914 1.6831496366053162 
[1, 24], [24, 10], [1, 5], [20, 20], [1], 20, 0.001, 1, False, False 1.2333699693420417 22.791554637971462 2.4567440809419963 0.05929639888811374 2.847515077906462 0.10906146819107487 
[1, 24], [24, 10], [1, 10], [10, 10], [1], 1, 0.001, 1, False, False 2.4936316213949965 60.6855445145788 8.536607573498346 0.0267814449663235 0.6574451614706135 0.15243006066361645 
[1, 24], [24, 1], [1, 10], [10, 10], [0, 1], 20, 0.001, 1, False, False 1.219825984030548 22.574218330378454 2.341018370502071 0.03191055947167745 1.0917981491663111 0.028476320257036287 
[1, 24], [24, 5], [1, 10], [10, 10], [1], 5, 0.001, 1, False, False 1.732626293544416 39.60465567628233 4.436593552638481 0.17916393024089364 5.108849196269073 0.5033149206370144 
[1, 24], [24, 15], [1, 5], [20, 20], [1], 5, 0.001, 1, False, False 1.7072499408248676 38.15347083674553 4.766160573265487 0.19056566547693538 5.766331547522975 0.6107617833376836 
[1, 24], [24, 1], [1, 10], [20, 20], [0, 1], 1, 0.001, 1, False, False 2.4877713341817813 61.09982088894063 8.528209505419099 0.0091009945129413 0.3782044096920039 0.05684456811305516 
[1, 24, 48], [24, 15, 1], [1, 10, 10], [10, 10, 10], [0, 1, 2], 5, 0.001, 1, False, False 1.526442966496365 32.96040437637178 3.647288666308009 0.17311743011435 5.385026595119531 0.5788933459365271 
[1, 24, 48], [24, 15, 5], [1, 10, 10], [20, 20, 20], [0, 1, 2], 5, 0.001, 1, False, False 1.3378326419258009 26.85354404017549 2.8328541981051525 0.025622643385255946 0.7176781048754678 0.07728817544849262 
[1, 24], [24, 1], [1, 5], [20, 20], [1], 10, 0.001, 1, False, False 1.7274230132051915 38.19931948447063 4.793424606452182 0.5579538048516667 16.752955200930412 2.7691378726671156 
[1, 24], [24, 15], [1, 5], [20, 20], [0, 1], 20, 0.001, 1, False, False 1.2116548337266542 21.97717756929501 2.445184640501592 0.03511769461795275 1.1503655426530686 0.08638208464774966 
[1, 24, 48], [24, 10, 1], [1, 5, 5], [20, 20, 20], [0, 1, 2], 5, 0.001, 1, False, False 1.616053321522971 36.21290931489185 4.035179878573267 0.16947448642707041 4.287310292858362 0.6105006917204563 
[1, 24], [24, 10], [1, 10], [20, 20], [1], 5, 0.001, 1, False, False 1.7013543864332694 37.87998344425026 4.552590206344213 0.1873406219375405 5.64930717811855 0.8744338054200697 
[1, 24, 48], [24, 5, 1], [1, 5, 5], [10, 10, 10], [0, 1, 2], 5, 0.001, 1, False, False 1.4833993453877394 32.273712756878 3.484433063407405 0.12811723457270793 3.7313924366756326 0.5443148401961337 
[1, 24], [24, 10], [1, 5], [20, 20], [0, 1], 5, 0.001, 1, False, False 2.194340146629623 52.739509229812136 6.770695431552807 0.12987789304737288 3.5434208183032085 0.8436125480038923 
[1, 24], [24, 15], [1, 10], [10, 10], [0, 1], 1, 0.001, 1, False, False 2.502719128497497 61.46830259884005 8.636797757184004 0.0048798365351835704 0.10285326572242494 0.027542610969709266 
[1, 24], [24, 5], [1, 10], [20, 20], [1], 10, 0.001, 1, False, False 1.2267418186663201 22.834669772004755 2.5071602563358826 0.019638256778168026 0.5764372439001302 0.12573324438029163 
[1, 24, 48], [24, 15, 15], [1, 5, 5], [10, 10, 10], [0, 1, 2], 5, 0.001, 1, False, False 1.96348647578378 46.070000292369265 5.971551375102346 0.43560404979041534 12.623306502780062 2.1249756329960907 
[1, 24, 48], [24, 10, 1], [1, 5, 5], [10, 10, 10], [0, 1, 2], 5, 0.001, 1, False, False 1.4545381347165893 31.11624147291522 3.307468740837017 0.0469890609305617 1.3389902811811547 0.2171501539032548 
[1, 24, 48], [24, 15, 1], [1, 5, 5], [20, 20, 20], [0, 1, 2], 5, 0.001, 1, False, False 1.8353403585824974 42.82366219088928 5.304564003993359 0.29496328145057343 7.814025385607017 1.174397712919698 
[1, 24, 48], [24, 5, 1], [1, 10, 10], [20, 20, 20], [0, 1, 2], 5, 0.001, 1, False, False 1.2874595484627345 26.476023055367374 2.516467734295731 0.0558788459808357 1.3006020344452647 0.13120606944577048 
[1, 24], [24, 15], [1, 5], [10, 10], [1], 10, 0.001, 1, False, False 1.54841468832973 33.260804291848565 4.021101081222892 0.24064959999465688 7.889508854304264 1.1372536645732698 
[1, 24, 48], [24, 15, 5], [1, 10, 10], [10, 10, 10], [0, 1, 2], 5, 0.001, 1, False, False 1.680210669418038 37.13598126232868 4.41712318057314 0.29246257485297683 8.727307527490959 0.955628287687413 
[1, 24, 48], [24, 1, 1], [1, 5, 5], [10, 10, 10], [0, 1, 2], 10, 0.001, 1, False, False 1.5705700634926973 33.85811387940951 4.206484829349254 0.5580340235857533 16.831403915504314 2.6006773539097274 
[1, 24], [24, 1], [1, 10], [10, 10], [1], 20, 0.001, 1, False, False 1.2407712449112702 23.544128068102395 2.4195241523101836 0.060995586927370955 2.0155728152364376 0.13444415672945276 
[1, 24, 48], [24, 1, 1], [1, 5, 5], [10, 10, 10], [1, 2], 1, 0.001, 1, False, False 2.5076708039406825 61.4847503781794 8.62845578591124 0.004329218219690187 0.12492130107191933 0.04353831609871133 
[1, 24, 48], [24, 10, 1], [1, 5, 5], [20, 20, 20], [1, 2], 1, 0.001, 1, False, False 2.5050101776296896 61.291438408168915 8.59131414159223 0.0059831895575879965 0.22212739810579252 0.039071686598558475 
[1, 24, 48], [24, 15, 5], [1, 5, 5], [10, 10, 10], [0, 1, 2], 10, 0.001, 1, False, False 1.269996723165322 24.20385105726091 2.6678258524796488 0.019657041952219335 1.0853008750730633 0.145217138310703 
[1, 24], [24, 5], [1, 5], [10, 10], [0, 1], 10, 0.001, 1, False, False 1.3373379068173195 26.19326746846541 2.767516062019308 0.03037969220098911 1.1344281190129928 0.14269348564446446 
[1, 24], [24, 5], [1, 10], [10, 10], [0, 1], 20, 0.001, 1, False, False 1.2126567573959217 21.926959716279086 2.38089393884956 0.02972106197463152 0.6863152337832471 0.11580214033267715 
[1, 24], [24, 1], [1, 10], [20, 20], [0, 1], 5, 0.001, 1, False, False 1.9133062261329208 45.49398821335663 5.302376966020012 0.29377977067018224 8.627762587484968 1.4221275559135547 
[1, 24, 48], [24, 15, 15], [1, 10, 10], [20, 20, 20], [0, 1, 2], 5, 0.001, 1, False, False 1.318770547066298 27.407198544776765 3.100810781030585 0.018446351855093735 1.163384999522097 0.1370889906343645 
[1, 24], [24, 1], [1, 5], [20, 20], [0, 1], 20, 0.001, 1, False, False 1.2574587217497604 24.20195640779565 2.4119728307788133 0.03650409294440069 1.5941861704459188 0.07569106695274061 
[1, 24], [24, 5], [1, 10], [20, 20], [0, 1], 1, 0.001, 1, False, False 2.490643925688885 61.088727502800886 8.54779873890871 0.007808380443509417 0.2948201326211053 0.06733539870297556 
[1, 24], [24, 1], [1, 5], [10, 10], [0, 1], 20, 0.001, 1, False, False 1.2378224580134785 22.62494690520924 2.3698630737093946 0.04569629438610942 1.3981643958800247 0.14416644420415675 
[1, 24], [24, 15], [1, 5], [20, 20], [1], 10, 0.001, 1, False, False 1.5242407185094502 32.47952127388861 3.7046088744299723 0.1557733745973825 5.268034045092476 0.8001006225619737 
[1, 24], [24, 1], [1, 10], [10, 10], [0, 1], 1, 0.001, 1, False, False 2.526977059783207 61.6561259950758 8.744807002721565 0.02668723797488781 0.20695791381366271 0.1474505072279925 
[1, 24], [24, 5], [1, 5], [20, 20], [0, 1], 20, 0.001, 1, False, False 1.2318542518756457 23.521744888736123 2.3359907561828304 0.0019241850406307237 0.46342966891518733 0.04382603561384419 
[1, 24], [24, 15], [1, 10], [20, 20], [1], 20, 0.001, 1, False, False 1.2423523520912838 22.451694426199506 2.5328594408880547 0.021751066698798657 0.826040498097472 0.02740008325176441 
[1, 24], [24, 1], [1, 5], [20, 20], [0, 1], 1, 0.001, 1, False, False 2.5215722260030886 61.45317601218154 8.71790643898179 0.01420125586279357 0.33846031227676976 0.0972712886775036 
[1, 24, 48], [24, 15, 10], [1, 5, 5], [10, 10, 10], [1, 2], 5, 0.001, 1, False, False 1.7617140663166841 39.934815845461316 4.7999636913188235 0.1164649029222634 2.9788655814497838 0.42022305716592506 
[1, 24, 48], [24, 1, 1], [1, 5, 5], [20, 20, 20], [1, 2], 5, 0.001, 1, False, False 1.608122416699512 35.880442411135135 3.7266133460634214 0.21317052461421965 7.908202066692903 0.8163522072156163 
[1, 24], [24, 1], [1, 5], [10, 10], [1], 1, 0.001, 1, False, False 2.503385571335201 61.615126706642855 8.637699001815529 0.010077071085735908 0.19668940715195407 0.06610205517129404 
[1, 24], [24, 15], [1, 10], [10, 10], [1], 20, 0.001, 1, False, False 1.274227101483417 23.764150712331958 2.6306895129391767 0.0187276870902997 0.7161433281580971 0.03609754788598166 
[1, 24, 48], [24, 10, 1], [1, 5, 5], [20, 20, 20], [1, 2], 5, 0.001, 1, False, False 1.6139297529641128 36.057192410954364 4.1421810344428645 0.10191875925333371 3.381761777252972 0.9401678647370983 
[1, 24], [24, 5], [1, 10], [10, 10], [0, 1], 1, 0.001, 1, False, False 2.5143127547163098 61.099230738771986 8.641011381785065 0.020625111340957195 0.5042603749922914 0.19403870437246576 
[1, 24], [24, 5], [1, 10], [20, 20], [0, 1], 20, 0.001, 1, False, False 1.193113273189024 21.812636466790224 2.2879075507497966 0.037753193793792085 1.4469938218970044 0.06966619376309333 
[1, 24, 48], [24, 15, 5], [1, 5, 5], [10, 10, 10], [1, 2], 1, 0.001, 1, False, False 2.4839483798653994 60.85623855013983 8.500654209849868 0.01998538778981355 0.7061129931648363 0.136016641518093 
[1, 24, 48], [24, 1, 1], [1, 5, 5], [10, 10, 10], [1, 2], 5, 0.001, 1, False, False 1.6029322842584441 36.215140053013464 3.8560633184091198 0.16729088830361213 4.745248685299787 0.5645512762432825 
[1, 24], [24, 15], [1, 10], [20, 20], [1], 1, 0.001, 1, False, False 2.5168865847711763 60.97732030787683 8.645790502752531 0.01777787885585643 0.4221755073988654 0.08284431753465707 
[1, 24], [24, 15], [1, 10], [10, 10], [0, 1], 5, 0.001, 1, False, False 1.6481734620338242 36.66442629229269 3.941354037318796 0.2201612673799069 6.90716271642357 0.5972725123333501 
[1, 24], [24, 10], [1, 5], [10, 10], [1], 20, 0.001, 1, False, False 1.246760605611942 23.06174507370004 2.504675134307685 0.026650692733040444 1.6365929541289124 0.024858642545267297 
[1, 24, 48], [24, 15, 1], [1, 10, 10], [20, 20, 20], [0, 1, 2], 10, 0.001, 1, False, False 1.1969590735345805 22.361377024055756 2.398848174927086 0.0149680129297853 0.3613884568690921 0.058976602102480964 
[1, 24], [24, 10], [1, 5], [10, 10], [0, 1], 1, 0.001, 1, False, False 2.496060901831974 60.8630636812375 8.606899836897522 0.02580062850204931 0.2957392817614779 0.18662379503932652 
[1, 24, 48], [24, 15, 1], [1, 10, 10], [10, 10, 10], [0, 1, 2], 10, 0.001, 1, False, False 1.1877608020082804 21.890618534277177 2.4810037315881117 0.036693058850004324 1.3537839080507128 0.04599709380469585 
[1, 24, 48], [24, 5, 1], [1, 5, 5], [20, 20, 20], [0, 1, 2], 10, 0.001, 1, False, False 1.2004647957281798 22.352524062674263 2.389750057461491 0.028875342729196774 0.8024731983810223 0.07693388341334505 
[1, 24], [24, 1], [1, 5], [10, 10], [1], 5, 0.001, 1, False, False 2.4716106143607584 60.34978989656971 8.488410425279652 0.03903274265680058 0.4372925923141776 0.24887344724973653 
[1, 24, 48], [24, 5, 1], [1, 5, 5], [10, 10, 10], [2], 1, 0.001, 1, False, False 2.4777728269014645 60.880627753874144 8.50660524616118 0.03020992878408599 0.7646236057282909 0.14669246466312638 
[1, 24, 48], [24, 1, 1], [1, 10, 10], [20, 20, 20], [0, 1, 2], 10, 0.001, 1, False, False 1.2220604191241027 23.95428767426635 2.3751559334793266 0.028820712788861672 0.984402888032743 0.06428460746243721 
[1, 24, 48], [24, 20, 5], [1, 5, 5], [20, 20, 20], [2], 1, 0.001, 1, False, False 2.429332687250442 59.313030076775476 8.176894323037148 0.10759730567313215 2.859706691463943 0.6395898364277135 
[1, 24, 48], [24, 20, 15], [1, 10, 10], [20, 20, 20], [2], 1, 0.001, 1, False, False 2.4870956672217566 61.03094498473617 8.500693322532813 0.009792240680389173 0.3405190295831231 0.023112735493687538 
[1, 24, 48], [24, 20, 10], [1, 10, 10], [10, 10, 10], [2], 1, 0.001, 1, False, False 2.447232537930487 60.01451529136079 8.310562005782257 0.07020878127083854 1.5493802222147859 0.3974392675483323 
[1, 24], [24, 5], [1, 10], [20, 20], [0, 1], 5, 0.001, 1, False, False 1.768487393807758 41.13727081653875 4.635204953113553 0.20297614013755833 5.992503458964676 0.9986922089692694 
[1, 24, 48], [24, 1, 1], [1, 5, 5], [20, 20, 20], [0, 1, 2], 20, 0.001, 1, False, False 1.1855685841464614 22.36813420420547 2.2545202585409916 0.03978962058266629 1.2926481110189725 0.06942091734662093 
[1, 24], [24, 1], [1, 10], [10, 10], [0, 1], 5, 0.001, 1, False, False 2.2189558602248627 54.260690606698915 6.959381797918745 0.12701867100983735 3.2328539676606836 0.686697170767142 
[1, 24, 48], [24, 5, 1], [1, 5, 5], [10, 10, 10], [1, 2], 10, 0.001, 1, False, False 1.181656877494728 22.89445539892991 2.2724284462539592 0.04147873000348113 1.508844267986367 0.2049564315400204 
[1, 24, 48], [24, 5, 1], [1, 5, 5], [20, 20, 20], [2], 5, 0.001, 1, False, False 2.2094449017748787 53.277280165531806 6.668063093306926 0.21947332965887437 6.0353952033039615 1.4830325090835275 
[1, 24, 48], [24, 20, 5], [1, 10, 10], [10, 10, 10], [2], 5, 0.001, 1, False, False 1.885787008192252 44.053572299366884 5.300834287410133 0.11260024573103197 3.7613336151665058 0.5069755850464418 
[1, 24, 48], [24, 15, 5], [1, 5, 5], [20, 20, 20], [1, 2], 5, 0.001, 1, False, False 1.834650422898294 41.5873980259731 5.2586636370550215 0.4911337048412631 14.448325439908352 2.4971443759365353 
[1, 24, 48], [24, 5, 1], [1, 10, 10], [10, 10, 10], [0, 1, 2], 1, 0.001, 1, False, False 2.4948825590726407 60.84984938740461 8.541188980163515 0.008042893206484505 0.6852362679158508 0.09394035275425218 
[1, 24, 48], [24, 20, 10], [1, 10, 10], [20, 20, 20], [2], 5, 0.001, 1, False, False 1.6926275204832628 36.57860825045235 4.671026903165033 0.4003277435849586 12.251613943769499 1.7668124434599999 
[1, 24], [24, 10], [1, 5], [20, 20], [0, 1], 10, 0.001, 1, False, False 1.7030353690256126 37.52958698012755 4.564492826117312 0.5681024293608836 16.67661340386353 2.861942320034291 
[1, 24, 48], [24, 5, 1], [1, 5, 5], [10, 10, 10], [2], 5, 0.001, 1, False, False 2.2260786935135166 53.75354980799262 6.923988652270064 0.1604874490081532 4.762049296517892 1.055550952049523 
[1, 24, 48], [24, 20, 5], [1, 5, 5], [20, 20, 20], [2], 5, 0.001, 1, False, False 2.179426450158159 51.95971139035783 6.581559364654812 0.07187044599014343 2.7108506533786207 0.6242341234447888 
[1, 24, 48], [24, 1, 1], [1, 10, 10], [10, 10, 10], [0, 1, 2], 10, 0.001, 1, False, False 1.232006220000417 23.539763115818776 2.3407239983139347 0.041147611323996164 0.8057412383044191 0.11397019406837083 
[1, 24, 48], [24, 20, 10], [1, 10, 10], [10, 10, 10], [2], 5, 0.001, 1, False, False 1.6619920262377021 37.069380054339355 4.30072822455255 0.21437212976261028 5.926103249572209 0.9218361328882564 
[1, 24, 48], [24, 20, 15], [1, 10, 10], [20, 20, 20], [2], 5, 0.001, 1, False, False 1.3326942775467483 26.445761261135065 3.159265400502571 0.09348676133315735 2.322562371791629 0.5957183815647064 
[1, 24], [24, 1], [1, 10], [20, 20], [0, 1], 10, 0.001, 1, False, False 1.2998891537388166 25.376388462578916 2.7174668471130996 0.037073349122701826 0.8664202661401403 0.24191733858986858 
[1, 24, 48], [24, 15, 5], [1, 5, 5], [10, 10, 10], [1, 2], 5, 0.001, 1, False, False 1.6455631168869636 37.04893721523749 4.427772099764359 0.16123062235675484 5.6159860511702036 0.6790690053397996 
[1, 24], [24, 15], [1, 5], [10, 10], [0, 1], 20, 0.001, 1, False, False 1.244152276442145 22.419523915102726 2.596661090062358 0.014108910354263437 0.7316892764963578 0.0571069172050567 
[1, 24, 48], [24, 5, 1], [1, 10, 10], [10, 10, 10], [2], 10, 0.001, 1, False, False 1.192580775537149 23.49490564553652 2.354338180191379 0.014718893974655933 0.48312825623386646 0.06209575992832312 
[1, 24, 48], [24, 20, 5], [1, 10, 10], [20, 20, 20], [2], 10, 0.001, 1, False, False 1.2418566721715723 23.498668483655972 2.779732392780472 0.03133062660053297 0.5038814168190788 0.2871044168715854 
[1, 24], [24, 10], [1, 5], [10, 10], [0, 1], 5, 0.001, 1, False, False 2.0236969278538943 47.774240278229335 6.42796191494164 0.3714440889548899 10.698286297410105 1.6530972036958271 
[1, 24], [24, 15], [1, 5], [20, 20], [0, 1], 1, 0.001, 1, False, False 2.4974095334885296 61.2255752657463 8.571814292666664 0.018631635281191255 0.3684912944928187 0.10510811626280918 
[1, 24, 48], [24, 15, 5], [1, 5, 5], [20, 20, 20], [0, 1, 2], 20, 0.001, 1, False, False 1.199255105684063 22.485736054254847 2.448266683516388 0.016824898870627623 1.1777929662900575 0.06734692254666057 
[1, 24, 48], [24, 15, 10], [1, 5, 5], [20, 20, 20], [1, 2], 10, 0.001, 1, False, False 1.2164403372754655 22.722348382777128 2.5309326687306535 0.05034936143863201 1.4313220063081027 0.11719777559100665 
[1, 24, 48], [24, 20, 15], [1, 5, 5], [10, 10, 10], [2], 10, 0.001, 1, False, False 1.4580742682951193 29.46431392205406 3.386691420713724 0.17390038227613866 5.400164000394875 0.509642714529826 
[1, 24, 48], [24, 10, 1], [1, 5, 5], [20, 20, 20], [1, 2], 10, 0.001, 1, False, False 1.2650354489373667 23.906703006097306 2.553402738027717 0.011260668777789124 1.0656036864445648 0.10449721953227807 
[1, 24, 48], [24, 1, 1], [1, 5, 5], [20, 20, 20], [1, 2], 10, 0.001, 1, False, False 1.2252984121476338 24.612676408073156 2.400019591393795 0.016947046461128858 1.4445301935083925 0.0552718589239631 
[1, 24, 48], [24, 15, 10], [1, 5, 5], [10, 10, 10], [1, 2], 10, 0.001, 1, False, False 1.321420970303869 25.80084149874438 2.8427629772884235 0.06595812559405968 1.7197298267150065 0.14542038978066604 
[1, 24, 48], [24, 15, 15], [1, 10, 10], [10, 10, 10], [0, 1, 2], 1, 0.001, 1, False, False 2.4702249355407226 60.46204608657357 8.475547223380469 0.024630397281211865 0.8775378347138965 0.10907399551437377 
[1, 24, 48], [24, 5, 1], [1, 5, 5], [20, 20, 20], [1, 2], 20, 0.001, 1, False, False 1.2300940778416893 23.169101181238034 2.370291294444994 0.014445643023582757 0.8880909019267906 0.05523348334780951 
[1, 24, 48], [24, 15, 15], [1, 5, 5], [20, 20, 20], [0, 1, 2], 10, 0.001, 1, False, False 1.249222639627341 24.213043567771408 2.6983348986347484 0.03857872045129047 0.8149296038689535 0.15870629302794959 
[1, 24, 48], [24, 5, 1], [1, 5, 5], [20, 20, 20], [2], 10, 0.001, 1, False, False 1.4523031280479497 30.885615636352128 3.405043937717716 0.11798229545952331 5.101159177566021 0.5302707806407546 
[1, 24, 48], [24, 1, 1], [1, 5, 5], [10, 10, 10], [1, 2], 10, 0.001, 1, False, False 1.3262747153950238 27.475797013596452 2.858231025321125 0.05045198050541749 1.692280676244707 0.2512361099496178 
[1, 24, 48], [24, 15, 15], [1, 5, 5], [10, 10, 10], [0, 1, 2], 10, 0.001, 1, False, False 1.2927451382080715 24.544162014009796 2.716174753343376 0.02019121489811204 0.5087993692940926 0.04899925554595217 
[1, 24, 48], [24, 20, 5], [1, 10, 10], [10, 10, 10], [2], 10, 0.001, 1, False, False 1.3056335220682538 25.995677605203053 2.8647286299156955 0.03855394570610022 1.4873108972780318 0.15565824946277965 
[1, 24, 48], [24, 10, 1], [1, 5, 5], [10, 10, 10], [1, 2], 1, 0.001, 1, False, False 2.423794498432566 59.3082393097331 8.124923061093194 0.09090110466871944 2.4478943777624913 0.5667725958691849 
[1, 24, 48], [24, 5, 1], [1, 10, 10], [10, 10, 10], [0, 1, 2], 5, 0.001, 1, False, False 1.306544006874578 26.32031895676378 2.7609432294045306 0.06407920204384374 1.5830968586108973 0.25917540663022604 
[1, 24, 48], [24, 5, 1], [1, 5, 5], [10, 10, 10], [2], 10, 0.001, 1, False, False 1.6481923035276986 36.61915565506404 4.020449252056063 0.2253619857059086 6.509843095900887 0.9354261386528697 
[1, 24, 48], [24, 20, 5], [1, 5, 5], [20, 20, 20], [2], 10, 0.001, 1, False, False 1.4094985437062055 29.263296546455265 3.341383240740383 0.0515903631057134 1.7697880461719704 0.10567224347402003 
[1, 24, 48], [24, 20, 10], [1, 10, 10], [20, 20, 20], [2], 10, 0.001, 1, False, False 1.2605146741632511 23.97951810806364 2.7140504190472075 0.07038866572474872 1.1962361251523985 0.23982389305828977 
[1, 24, 48], [24, 5, 1], [1, 5, 5], [10, 10, 10], [0, 1, 2], 10, 0.001, 1, False, False 1.215092700307637 22.38744063291608 2.4706188220149605 0.02445050840290127 0.9412135410238175 0.12164927490689217 
[1, 24, 48], [24, 10, 1], [1, 5, 5], [20, 20, 20], [0, 1, 2], 10, 0.001, 1, False, False 1.2029991596178327 23.00362169062188 2.3817043524571244 0.05820026887253036 1.3754041333236782 0.12059241669921039 
[1, 24, 48], [24, 15, 1], [1, 10, 10], [10, 10, 10], [0, 1, 2], 10, 0.001, 1, False, False 1.1897626596123534 21.89638480111421 2.4861834540775014 0.021605772385179002 0.23720107655588696 0.12242970239099323 
[1, 24, 48], [24, 20, 15], [1, 10, 10], [20, 20, 20], [2], 10, 0.001, 1, False, False 1.2586038185231805 24.163539408435142 2.8948335284767475 0.037344514304837595 1.2453128768620925 0.08659981221703382 
[1, 24, 48], [24, 20, 10], [1, 10, 10], [10, 10, 10], [2], 10, 0.001, 1, False, False 1.3474442129506283 26.254360549665297 2.9425001170609755 0.01894056153077936 1.3070216690018694 0.10479076535302789 
[1, 24], [24, 15], [1, 5], [20, 20], [1], 20, 0.001, 1, False, False 1.2237304965172102 22.16090748393931 2.4299236620033713 0.01865240738685564 0.3579709265649726 0.048445378252276 
[1, 24, 48], [24, 5, 1], [1, 10, 10], [20, 20, 20], [2], 20, 0.001, 1, False, False 1.2174264318482193 22.558343015258632 2.3349768409868403 0.03280613012163811 0.7861624268409247 0.12949929023769943 
[1, 24, 48], [24, 15, 5], [1, 10, 10], [20, 20, 20], [0, 1, 2], 10, 0.001, 1, False, False 1.2271649918639687 23.83494273131517 2.461465612223654 0.02792966936633824 0.9639357283811514 0.09366710841547646 
[1, 24, 48], [24, 15, 15], [1, 5, 5], [10, 10, 10], [1, 2], 10, 0.001, 1, False, False 1.276806260957555 23.71658587725612 2.8199648564513127 0.045490750787012604 1.122509108933069 0.17536708488075406 
[1, 24], [24, 5], [1, 5], [10, 10], [0, 1], 20, 0.001, 1, False, False 1.2521082987491459 24.208274357377856 2.390961977644443 0.029417440333693468 1.0704274075676399 0.07117636200004912 
[1, 24, 48], [24, 15, 15], [1, 10, 10], [20, 20, 20], [0, 1, 2], 10, 0.001, 1, False, False 1.2735333164877913 24.990972235721653 2.6304479279080506 0.03179670302876051 1.0208185458950956 0.11189225367930368 
[1, 24, 48], [24, 20, 5], [1, 5, 5], [10, 10, 10], [2], 1, 0.001, 1, False, False 2.514212217085339 61.748512079381044 8.70735002418858 0.004657992566937569 0.17608529582145596 0.02396191402799113 
[1, 24, 48], [24, 20, 10], [1, 5, 5], [10, 10, 10], [2], 20, 0.001, 1, False, False 1.255381573390009 21.796533249107068 2.8052494332113542 0.07605678250637224 1.6633294119042035 0.20808072613777123 
[1, 24, 48], [24, 15, 1], [1, 5, 5], [20, 20, 20], [0, 1, 2], 10, 0.001, 1, False, False 1.2411128092936623 24.49560670067417 2.520331195718582 0.01696706171136345 1.0003461558649112 0.040247249853728066 
[1, 24, 48], [24, 20, 15], [1, 5, 5], [20, 20, 20], [2], 20, 0.001, 1, False, False 1.2749125850179956 24.975533427562265 2.6991132201006294 0.05440881043186744 1.010928693724861 0.1845347067610364 
[1, 24], [24, 15], [1, 10], [10, 10], [0, 1], 10, 0.001, 1, False, False 1.458393004074417 29.255274072137045 3.4569580799062525 0.2564019615963634 7.197917091044902 1.1068546026675907 
[1, 24, 48], [24, 5, 1], [1, 10, 10], [20, 20, 20], [0, 1, 2], 10, 0.001, 1, False, False 1.3005001080015468 24.672118703326046 2.6346514657088047 0.11401697085657622 2.654850857101694 0.31250048994650415 
[1, 24, 48], [24, 20, 10], [1, 5, 5], [20, 20, 20], [2], 1, 0.001, 1, False, False 2.5547565359622246 61.130038048821746 8.821517114699809 0.06859255500445581 0.19585402063271223 0.3792933830535776 
[1, 24, 48], [24, 1, 1], [1, 5, 5], [30, 30, 30], [1, 2], 1, 0.001, 1, False, False 2.441103346418176 60.082133614991754 8.204672174132083 0.08669659664276821 1.9336288168683335 0.5614812130255072 
[1, 24, 48], [24, 20, 15], [1, 10, 10], [10, 10, 10], [2], 1, 0.001, 1, False, False 2.4442157169528027 60.06024801452128 8.222981951191523 0.029341114805568842 0.7177499360127332 0.20805048384255043 
[1, 24, 48], [24, 10, 1], [1, 5, 5], [10, 10, 10], [0, 1, 2], 10, 0.001, 1, False, False 1.2008596783659111 23.10277845518701 2.436570660001154 0.04300193050282597 0.963261270363719 0.07941933867599892 
[1, 24], [24, 10], [1, 10], [20, 20], [0, 1], 20, 0.001, 1, False, False 1.2166463408412207 22.011167225518545 2.3804016666129044 0.0358880944944371 1.1061641300179266 0.06844930072098 
[1, 24, 48], [24, 15, 5], [1, 10, 10], [10, 10, 10], [0, 1, 2], 10, 0.001, 1, False, False 1.1966634779961574 21.90167899399907 2.4349305866104505 0.01639513474701176 0.44045407369112305 0.03391939529875904 
[1, 24], [24, 15], [1, 5], [20, 20], [0, 1], 5, 0.001, 1, False, False 2.143879562181731 51.54708143968671 6.556099571706931 0.16245775222806594 4.248955110910966 0.9496044473285772 
[1, 24, 48], [24, 15, 15], [1, 10, 10], [10, 10, 10], [0, 1, 2], 5, 0.001, 1, False, False 1.6484303692597209 36.45934688104881 4.202195358691882 0.114507460055248 3.563378813105881 0.5118878680860846 
[1, 24, 48], [24, 10, 1], [1, 5, 5], [10, 10, 10], [1, 2], 5, 0.001, 1, False, False 1.832219851103232 42.685620764499156 5.176266362472078 0.376160118154031 11.007468456903705 1.9104401478709312 
[1, 24], [24, 15], [1, 10], [20, 20], [0, 1], 20, 0.001, 1, False, False 1.2267238945941683 22.232485371483637 2.509669666675793 0.030131406650699438 1.2043631604366367 0.06685742256853322 
[1, 24, 48], [24, 15, 1], [1, 5, 5], [10, 10, 10], [1, 2], 20, 0.001, 1, False, False 1.2091549552080256 22.66007312176296 2.405698751504488 0.005989649260949501 0.31808965623366553 0.05117900798547983 
[1, 24, 48], [24, 15, 5], [1, 5, 5], [20, 20, 20], [1, 2], 10, 0.001, 1, False, False 1.1935988204346761 22.680848080475673 2.4312638762152603 0.024937511862273234 0.6141835579563519 0.11632950745700979 
[1, 24, 48], [24, 20, 5], [1, 5, 5], [10, 10, 10], [2], 5, 0.001, 1, False, False 2.1121577433620895 50.600995946932635 6.744693074673363 0.17659809036654106 5.2273014699861875 0.724115850067983 
[1, 24], [24, 15], [1, 5], [10, 10], [0, 1], 1, 0.001, 1, False, False 2.4787938436769217 61.013907953108905 8.50519876429462 0.03414534297118022 1.078002430045519 0.16183975698208525 
[1, 24, 48], [24, 5, 1], [1, 5, 5], [40, 40, 40], [1, 2], 1, 0.001, 1, False, False 2.4296500834946833 59.96239154805601 8.226117969837794 0.03910040101696248 0.9329003623180511 0.1762786729506082 
[1, 24, 48], [24, 15, 1], [1, 5, 5], [20, 20, 20], [1, 2], 1, 0.001, 1, False, False 2.4501804903494535 60.008525789377956 8.343824975251522 0.02071914648446009 0.5071372098509058 0.108695556095381 
[1, 24], [24, 10], [1, 10], [10, 10], [0, 1], 20, 0.001, 1, False, False 1.207435548060608 21.306221207119762 2.3791332489721957 0.03816874039577998 1.0276016007349036 0.05510856614518667 
[1, 24, 48], [24, 5, 1], [1, 10, 10], [10, 10, 10], [2], 20, 0.001, 1, False, False 1.3014271093411716 24.149055643112394 2.488989693696167 0.08233718455407762 1.9733689517195117 0.23984768513113502 
[1, 24, 48], [24, 20, 10], [1, 5, 5], [20, 20, 20], [2], 5, 0.001, 1, False, False 1.8767107004403243 43.54085380283173 5.4611743115266265 0.3051056450495884 9.413822646792513 1.5234301487088373 
[1, 24, 48], [24, 20, 15], [1, 10, 10], [10, 10, 10], [2], 5, 0.001, 1, False, False 1.9713827954122314 46.809022214669206 5.953289438956518 0.30294982874819293 8.609273938509288 1.481975874980636 
[1, 24, 48], [24, 15, 5], [1, 5, 5], [10, 10, 10], [1, 2], 10, 0.001, 1, False, False 1.2854314235625448 25.264634927635807 2.8043556949319757 0.056574669260686036 1.686231536613883 0.27875225770737316 
[1, 24, 48], [24, 5, 1], [1, 10, 10], [20, 20, 20], [2], 1, 0.001, 1, False, False 2.4767332313513317 60.950474641780495 8.463014987939841 0.022211989815243832 0.41204016266686744 0.1347192294215435 
[1, 24, 48], [24, 10, 1], [1, 20, 20], [30, 30, 30], [1, 2], 1, 0.001, 1, False, False 2.34776807019694 57.77435271748817 7.675523704745491 0.024054342648292773 0.27650606807634126 0.10571462788541756 
[1, 24, 48], [24, 15, 10], [1, 20, 20], [40, 40, 40], [1, 2], 1, 0.001, 1, False, False 2.325104128162342 57.09829286295536 7.558899004837458 0.07861398184713232 2.1101837081261476 0.48064540575713727 
[1, 24], [24, 10], [1, 10], [20, 20], [0, 1], 1, 0.001, 1, False, False 2.5129764022443584 60.62113414738886 8.637986580469423 0.035679985244780846 0.7880502140904267 0.21647425581882365 
[1, 24, 48], [24, 20, 5], [1, 10, 10], [20, 20, 20], [2], 20, 0.001, 1, False, False 1.2257814930010313 22.405141671043438 2.568573142472346 0.04251318432597675 1.189742142937807 0.1606863150985624 
[1, 24], [24, 10], [1, 5], [10, 10], [0, 1], 10, 0.001, 1, False, False 1.524983562046179 31.8426058526823 3.474138974191972 0.13031986405653861 4.748207657736206 0.5743966322385515 
[1, 24, 48], [24, 1, 1], [1, 5, 5], [40, 40, 40], [1, 2], 5, 0.001, 1, False, False 1.634118096847777 38.94017248089026 4.498074517533495 0.07567476126334463 2.2616435468775786 0.32525487008036025 
[1, 24, 48], [24, 20, 10], [1, 5, 5], [10, 10, 10], [2], 1, 0.001, 1, False, False 2.5172207975967065 61.72767983840554 8.739590885442306 0.008336155053889682 0.014571841151679758 0.07399623145810295 
[1, 24, 48], [24, 10, 1], [1, 10, 10], [10, 10, 10], [0, 1, 2], 20, 0.001, 1, False, False 1.251799472876721 23.603686686134612 2.529535536821687 0.04271676149833351 1.2377790513388454 0.10073371673786051 
[1, 24, 48], [24, 20, 15], [1, 5, 5], [10, 10, 10], [2], 20, 0.001, 1, False, False 1.2864268924971975 25.693737407067093 2.951330940065952 0.10951920388013775 4.267360565312002 0.5029525281250121 
[1, 24, 48], [24, 1, 1], [1, 5, 5], [30, 30, 30], [1, 2], 5, 0.001, 1, False, False 1.9697090546428058 47.04235336584974 5.62483812821284 0.18781775391983196 5.053318537816675 0.9940372924656091 
[1, 24, 48], [24, 15, 1], [1, 10, 10], [20, 20, 20], [0, 1, 2], 20, 0.001, 1, False, False 1.2877808389081447 23.914110926280767 2.6205218391432683 0.07535911542498556 1.739925370205111 0.21107913404291623 
[1, 24, 48], [24, 5, 1], [1, 5, 5], [20, 20, 20], [2], 20, 0.001, 1, False, False 1.244866169202659 24.1224454189239 2.3653061605608148 0.04617930952213221 1.662981278263556 0.1525193980772854 
[1, 24, 48], [24, 5, 1], [1, 5, 5], [40, 40, 40], [1, 2], 5, 0.001, 1, False, False 1.649666978629237 38.021642792350434 4.289087287157922 0.07751715006714327 2.4729656509331637 0.2270949505171838 
[1, 24, 48], [24, 20, 15], [1, 5, 5], [20, 20, 20], [2], 1, 0.001, 1, False, False 2.4710421809305747 60.7044535922752 8.527249131263948 0.03477981061184968 1.555186657622493 0.1806306488506542 
[1, 24, 48], [24, 15, 1], [1, 5, 5], [10, 10, 10], [0, 1, 2], 20, 0.001, 1, False, False 1.1829541936999672 20.87186508933996 2.3233547939003576 0.013768288160975462 1.2286686256133983 0.020379051175720274 
[1, 24, 48], [24, 5, 1], [1, 10, 10], [20, 20, 20], [2], 5, 0.001, 1, False, False 1.968400430989762 46.32950632102509 5.73218045832095 0.2147145769217532 6.656361306752571 1.196903094900112 
[1, 24, 48], [24, 5, 1], [1, 5, 5], [10, 10, 10], [2], 20, 0.001, 1, False, False 1.2165387743394132 25.260086966712077 2.3705494040939463 0.05632216195486567 0.8918351762274459 0.1984216017840208 
[1, 24, 48], [24, 5, 1], [1, 10, 10], [10, 10, 10], [2], 1, 0.001, 1, False, False 2.4767937646350933 61.126113841248355 8.395456414212056 0.03421532304844191 0.563713211837097 0.26744231726865303 
[1, 24, 48], [24, 20, 5], [1, 10, 10], [10, 10, 10], [2], 20, 0.001, 1, False, False 1.2844234526243612 23.410065619538056 2.7052820406237985 0.08505635143781891 2.356595482001494 0.24368179550500416 
[1, 24, 48], [24, 15, 1], [1, 5, 5], [20, 20, 20], [1, 2], 5, 0.001, 1, False, False 1.3771395841337464 28.616790145942115 3.2709920603189158 0.12794673656709518 3.5580177801527126 0.46789162839047044 
[1, 24, 48], [24, 15, 1], [1, 5, 5], [30, 30, 30], [1, 2], 5, 0.001, 1, False, False 1.3146889323230697 26.350554730700935 2.9703422222232003 0.04891696419871865 0.9612185185447077 0.2187916891824404 
[1, 24, 48], [24, 20, 5], [1, 5, 5], [10, 10, 10], [2], 10, 0.001, 1, False, False 1.4945771882517471 32.13047319904435 3.607995444284807 0.20145975182631892 6.9539847211091805 1.0419103006858275 
[1, 24, 48], [24, 5, 1], [1, 20, 20], [30, 30, 30], [1, 2], 5, 0.001, 1, False, False 1.2278449063085846 24.81640020622325 2.497371644942007 0.02250931616316299 0.48629948244048743 0.14747589497681843 
[1, 24, 48], [24, 10, 1], [1, 20, 20], [40, 40, 40], [1, 2], 5, 0.001, 1, False, False 1.2432019269680261 24.938157512818638 2.5807059779768537 0.03497989228511493 1.122801967167128 0.17452293479250175 
[1, 24, 48], [24, 15, 15], [1, 5, 5], [20, 20, 20], [1, 2], 20, 0.001, 1, False, False 1.2105187142630005 21.734057613967977 2.4343972698289567 0.08728770831606705 1.750103735539632 0.24278530239001214 
[1, 24, 48], [24, 5, 1], [1, 5, 5], [20, 20, 20], [2], 1, 0.001, 1, False, False 2.5203463408061197 62.13238368379021 8.690222655331828 0.014272467981087389 0.4275720440810344 0.11849874774166703 
[1, 24, 48], [24, 20, 5], [1, 10, 10], [20, 20, 20], [2], 1, 0.001, 1, False, False 2.4727747868608545 60.3601076271241 8.364424430236284 0.051063429389828045 1.1107164291817162 0.3131992083722647 
[1, 24], [24, 15], [1, 5], [10, 10], [0, 1], 5, 0.001, 1, False, False 2.0974333651639796 50.09758252915504 6.514995060880296 0.05586367642098392 1.941271183977003 0.20527944697140682 
[1, 24, 48], [24, 10, 1], [1, 10, 10], [20, 20, 20], [0, 1, 2], 1, 0.001, 1, False, False 2.4634999194354923 60.495296350450296 8.364724981844185 0.030722769249738317 0.5253556085624586 0.18832898253432837 
[1, 24, 48], [24, 15, 5], [1, 5, 5], [10, 10, 10], [0, 1, 2], 20, 0.001, 1, False, False 1.1513522990013438 21.7544704855865 2.2443051168625785 0.017434535176272508 0.5982042358210635 0.0837456516510334 
[1, 24, 48], [24, 15, 5], [1, 5, 5], [30, 30, 30], [1, 2], 1, 0.001, 1, False, False 2.4713234949443073 60.77896062767838 8.502983217404276 0.028859100493125758 0.3469331669959611 0.16785897691460996 
[1, 24, 48], [24, 20, 10], [1, 5, 5], [10, 10, 10], [2], 5, 0.001, 1, False, False 2.092749405410831 49.81455390290248 6.6868238840254675 0.42850972031911033 12.433647300343537 1.934684326715266 
[1, 24, 48], [24, 10, 1], [1, 20, 20], [30, 30, 30], [1, 2], 5, 0.001, 1, False, False 1.198381674765713 23.843490650726878 2.4094979831153123 0.0038284134786976854 0.1397941886001977 0.017480968546739008 
[1, 24, 48], [24, 15, 1], [1, 5, 5], [10, 10, 10], [0, 1, 2], 1, 0.001, 1, False, False 2.505799289192591 61.266153841398726 8.617817747894152 0.011810610794340582 0.12485835474046394 0.06998029769404772 
[1, 24, 48], [24, 20, 5], [1, 5, 5], [20, 20, 20], [2], 20, 0.001, 1, False, False 1.2529033781960608 23.213177829934576 2.606978397008809 0.050274092266902194 2.0726796561947194 0.3446732595595644 
[1, 24, 48], [24, 15, 1], [1, 5, 5], [20, 20, 20], [0, 1, 2], 1, 0.001, 1, False, False 2.464061490715378 60.373903150061544 8.398680274800775 0.0057248128717938 0.28306186949039813 0.011964220493885815 
[1, 24, 48], [24, 5, 1], [1, 10, 10], [10, 10, 10], [0, 1, 2], 10, 0.001, 1, False, False 1.1785275800308836 22.264528387312698 2.3264089609583913 0.03238989551377886 1.1718092632557164 0.14348121402965175 
[1, 24, 48], [24, 1, 1], [1, 5, 5], [10, 10, 10], [0, 1, 2], 20, 0.001, 1, False, False 1.2063496656905583 22.52248113957369 2.275635165094789 0.01440543254511222 1.0814197910482142 0.08109571315356318 
[1, 24, 48], [24, 1, 1], [1, 20, 20], [30, 30, 30], [1, 2], 10, 0.001, 1, False, False 1.2655202953593327 23.86129002312502 2.492952216341722 0.021861092978423497 0.8733635788073887 0.08524479994600341 
[1, 24, 48], [24, 20, 10], [1, 10, 10], [20, 20, 20], [2], 20, 0.001, 1, False, False 1.2376952134883379 22.555334829959964 2.587722736829002 0.02390259255338862 0.3017854597981753 0.04839725797713653 
[1, 24, 48], [24, 20, 5], [1, 10, 10], [10, 10, 10], [2], 1, 0.001, 1, False, False 2.450305107739513 59.87538055143631 8.454331057381568 0.040333111620999965 1.2744612129975676 0.10864899094389287 
[1, 24, 48], [24, 20, 10], [1, 5, 5], [20, 20, 20], [2], 10, 0.001, 1, False, False 1.5230853020696455 32.053896260787624 4.040287241330156 0.14971716294936832 4.504679909482787 1.051180707178573 
[1, 24, 48], [24, 15, 10], [1, 20, 20], [40, 40, 40], [1, 2], 5, 0.001, 1, False, False 1.200014566495601 23.834856806305964 2.5014621031143567 0.029449282207478274 0.670744778900637 0.12078676522817022 
[1, 24, 48], [24, 20, 15], [1, 10, 10], [10, 10, 10], [2], 10, 0.001, 1, False, False 1.264404061333173 23.642915410535437 2.730151573910747 0.05904375890344572 2.4826420682680186 0.11729657044985607 
[1, 24, 48], [24, 20, 15], [1, 5, 5], [20, 20, 20], [2], 5, 0.001, 1, False, False 2.190770189098462 53.20012164537826 6.881852504906596 0.13162560555644723 3.8566986032280037 0.8041905796353057 
[1, 24, 48], [24, 5, 1], [1, 10, 10], [10, 10, 10], [2], 5, 0.001, 1, False, False 2.1727610304123823 52.512364641742955 6.875549283031405 0.2571045860113722 7.208862139836958 1.249900171101354 
[1, 24, 48], [24, 15, 5], [1, 5, 5], [20, 20, 20], [0, 1, 2], 1, 0.001, 1, False, False 2.4771852086263677 60.84730155078236 8.418443493113891 0.012582901392235177 0.5293021441348487 0.14303548695960994 
[1, 24, 48], [24, 20, 15], [1, 5, 5], [10, 10, 10], [2], 1, 0.001, 1, False, False 2.5191010469984683 61.848582300020354 8.71697662297926 0.038808990604054856 1.022233104535304 0.023951432500994286 
[1, 24, 48], [24, 10, 1], [1, 5, 5], [10, 10, 10], [1, 2], 10, 0.001, 1, False, False 1.2273200828030155 23.133197813671558 2.454989243442102 0.04841534862750224 1.0057133318328526 0.13946402953435505 
[1, 24, 48], [24, 20, 15], [1, 10, 10], [20, 20, 20], [2], 20, 0.001, 1, False, False 1.220459187499903 21.68449228134295 2.4816949420427328 0.009736768087026683 0.45693987735689395 0.10393318461485195 
[1, 24, 48], [24, 20, 10], [1, 10, 10], [10, 10, 10], [2], 20, 0.001, 1, False, False 1.2184643733228937 21.913155732757435 2.459070906573722 0.03150248898530541 0.8977010610892194 0.10001028992181321 
[1, 24, 48], [24, 20, 5], [1, 10, 10], [20, 20, 20], [2], 5, 0.001, 1, False, False 1.5563891901565647 34.02754488464634 3.7398539599457687 0.2140332381096344 5.699716647864179 0.8931751559140717 
[1, 24, 48], [24, 20, 10], [1, 10, 10], [20, 20, 20], [2], 1, 0.001, 1, False, False 2.4798749912875118 60.67455226827249 8.464597170845705 0.028522083925301738 0.750018793139636 0.18141288377761133 
[1, 24, 48], [24, 5, 1], [1, 5, 5], [10, 10, 10], [1, 2], 20, 0.001, 1, False, False 1.207454669468657 22.27259321675127 2.277158104945602 0.020222033628692977 0.5737554218342493 0.029912081299158746 
[1, 24, 48], [24, 1, 1], [1, 5, 5], [20, 20, 20], [0, 1, 2], 1, 0.001, 1, False, False 2.4996809487472533 61.04811920332184 8.541883627785635 0.03648041056527814 0.3440053353089828 0.1741781229992126 
[1, 24, 48], [24, 15, 15], [1, 5, 5], [40, 40, 40], [1, 2], 1, 0.001, 1, False, False 2.477215605049773 60.51413775843371 8.413672326557027 0.022717512743134504 0.4485110633147043 0.1431229723701615 
[1, 24, 48], [24, 5, 1], [1, 10, 10], [20, 20, 20], [2], 10, 0.001, 1, False, False 1.1945803874724168 24.07160850935759 2.33636564714994 0.01702819122856283 0.8431608433179886 0.01447390271165326 
[1, 24, 48], [24, 20, 15], [1, 5, 5], [10, 10, 10], [2], 5, 0.001, 1, False, False 1.9355599898844955 44.17781694419241 5.25011243159465 0.24961464078651044 7.639474956473273 0.9054857415026986 
[1, 24, 48], [24, 5, 1], [1, 20, 20], [40, 40, 40], [1, 2], 10, 0.001, 1, False, False 1.2759314485377187 24.71146429606408 2.496091809696732 0.03614688000005601 0.4443989328025394 0.09177383923563835 
[1, 24, 48], [24, 5, 1], [1, 5, 5], [20, 20, 20], [1, 2], 1, 0.001, 1, False, False 2.4657586562067824 60.530671882695806 8.413076051913842 0.03620316290125928 1.01568221317497 0.2363633819555257 
[1, 24, 48], [24, 10, 1], [1, 5, 5], [20, 20, 20], [1, 2], 20, 0.001, 1, False, False 1.2111331717525093 21.894575854118674 2.4651614371426613 0.03447943284853155 0.7193127235437922 0.029122817053888642 
[1, 24, 48], [24, 20, 10], [1, 5, 5], [10, 10, 10], [2], 10, 0.001, 1, False, False 1.3982831683216823 27.457452004041006 3.3306131648937822 0.06733519558815038 2.411523496335001 0.43807765674408294 
[1, 24, 48], [24, 15, 10], [1, 5, 5], [20, 20, 20], [1, 2], 20, 0.001, 1, False, False 1.184233737907683 21.767563740102826 2.374247691286475 0.02306025295582429 1.3675145647617228 0.04982286655957582 
[1, 24], [24, 15], [1, 5], [20, 20], [0, 1], 10, 0.001, 1, False, False 1.3126343111680063 25.32993994134733 2.917655881378376 0.04932118325055429 1.9457904024036812 0.24938129460091568 
[1, 24, 48], [24, 15, 10], [1, 5, 5], [30, 30, 30], [1, 2], 10, 0.001, 1, False, False 1.217130037136721 23.542153499973974 2.538543311169335 0.05556271957762451 1.4885779767208456 0.12881744320467586 
[1, 24, 48], [24, 20, 15], [1, 5, 5], [20, 20, 20], [2], 10, 0.001, 1, False, False 1.4125255935687437 28.84313260143797 3.660498359744656 0.1995196291645121 6.390261839678653 1.0305984308753933 
[1, 24], [24, 10], [1, 5], [20, 20], [0, 1], 20, 0.001, 1, False, False 1.199804484685538 21.796253859284963 2.3503705765095346 0.033825371742538614 0.950716308708961 0.06956927962555742 
[1, 24, 48], [24, 15, 10], [1, 5, 5], [10, 10, 10], [1, 2], 1, 0.001, 1, False, False 2.5183445943795424 61.227412263920904 8.63031022287713 0.03003301019754758 0.7386195172922985 0.21130442787968126 
[1, 24, 48], [24, 15, 1], [1, 5, 5], [10, 10, 10], [1, 2], 1, 0.001, 1, False, False 2.5050278302627036 61.46644840176589 8.639136590815404 0.0009058837700693414 0.20793815936100463 0.05277530336909155 
[1, 24, 48], [24, 15, 10], [1, 5, 5], [10, 10, 10], [1, 2], 20, 0.001, 1, False, False 1.208734553014101 21.753786606018597 2.4787102657946067 0.039454408282056215 1.1680106714960046 0.08837856773269745 
[1, 24, 48], [24, 15, 15], [1, 5, 5], [10, 10, 10], [1, 2], 20, 0.001, 1, False, False 1.197023193633046 21.844877984433296 2.5014125246105325 0.024189132913771283 0.5729358675259519 0.13877487413310768 
[1, 24, 48], [24, 1, 1], [1, 20, 20], [40, 40, 40], [1, 2], 20, 0.001, 1, False, False 1.3764322951643007 25.743196356695574 2.8114157644391433 0.07970296426488446 0.4374696559683255 0.20216038417491033 
[1, 24, 48], [24, 5, 1], [1, 5, 5], [40, 40, 40], [1, 2], 10, 0.001, 1, False, False 1.240182642793904 24.002240952177207 2.5469822441284333 0.06947635852584574 1.6760151337451203 0.12130868910201179 
[1, 24, 48], [24, 15, 15], [1, 10, 10], [10, 10, 10], [0, 1, 2], 10, 0.001, 1, False, False 1.2406524826582799 23.770084309414887 2.600912107975906 0.030540273075922338 1.4065872666006685 0.08516737877821602 
[1, 24, 48], [24, 1, 1], [1, 5, 5], [20, 20, 20], [1, 2], 20, 0.001, 1, False, False 1.2570702255186108 23.924111401292304 2.4471628206265357 0.04937396294755191 1.4084942254804533 0.20829488541126295 
[1, 24, 48], [24, 15, 15], [1, 5, 5], [20, 20, 20], [1, 2], 1, 0.001, 1, False, False 2.4199210756492833 59.18071819989138 8.139943792852785 0.07573517817314258 2.0941989756903876 0.45512020841265355 
[1, 24, 48], [24, 15, 5], [1, 5, 5], [30, 30, 30], [1, 2], 5, 0.001, 1, False, False 1.4755059420200138 31.250507593671443 3.493649152569708 0.12727717069854613 3.6327583432935757 0.5602107161965156 
[1, 24, 48], [24, 15, 5], [1, 5, 5], [40, 40, 40], [1, 2], 5, 0.001, 1, False, False 1.363160257762367 28.65703161234505 3.2103356157020735 0.06588424551575979 2.49568115080091 0.36924382313337684 
[1, 24, 48], [24, 15, 15], [1, 20, 20], [30, 30, 30], [1, 2], 5, 0.001, 1, False, False 1.268184394420435 25.226269018215444 2.7252231880532083 0.045853276932021785 0.45251724243178515 0.07339860331190633 
[1, 24, 48], [24, 15, 10], [1, 5, 5], [20, 20, 20], [1, 2], 1, 0.001, 1, False, False 2.474280052983927 60.37801144904078 8.445570041954374 0.006386675105383704 0.632667231653318 0.12678191791627977 
[1, 24, 48], [24, 5, 1], [1, 5, 5], [30, 30, 30], [1, 2], 1, 0.001, 1, False, False 2.4268871651479498 59.44830344340125 8.190799351812217 0.056491198937032486 1.1401662374944939 0.30309652559431505 
[1, 24, 48], [24, 20, 5], [1, 5, 5], [10, 10, 10], [2], 20, 0.001, 1, False, False 1.2229293544224844 23.464315972151766 2.4780262390989862 0.04150726266074064 2.296087581403315 0.12393116716530903 
[1, 24, 48], [24, 5, 1], [1, 5, 5], [10, 10, 10], [1, 2], 1, 0.001, 1, False, False 2.4851639408342265 61.09324102444606 8.50621654802782 0.00520407240061275 0.07920183881120421 0.040803620055792696 
[1, 24, 48], [24, 1, 1], [1, 5, 5], [10, 10, 10], [1, 2], 20, 0.001, 1, False, False 1.2123132365824727 23.344334657740703 2.3005835486865736 0.05997588557424936 0.9479123424609449 0.19455545623225198 
[1, 24, 48], [24, 15, 1], [1, 5, 5], [20, 20, 20], [1, 2], 10, 0.001, 1, False, False 1.2615446457673833 25.111006438164676 2.6124648714900034 0.049970668743695046 1.041489775988974 0.12786492516881814 
[1, 24, 48], [24, 5, 1], [1, 20, 20], [30, 30, 30], [1, 2], 10, 0.001, 1, False, False 1.3105014481323047 24.73005915861437 2.575018712351105 0.020121640259368363 0.22475582362503363 0.12298545990384913 
[1, 24, 48], [24, 15, 15], [1, 5, 5], [40, 40, 40], [1, 2], 5, 0.001, 1, False, False 1.531324405775026 33.13850580742593 4.057744000416334 0.2248064013316436 7.698834977308241 1.1479219532074383 
[1, 24, 48], [24, 1, 1], [1, 5, 5], [40, 40, 40], [1, 2], 10, 0.001, 1, False, False 1.2446628802869886 23.977390999421672 2.4646771739281843 0.04039653261489468 2.2130378384745484 0.09859782380447472 
[1, 24, 48], [24, 20, 10], [1, 5, 5], [20, 20, 20], [2], 20, 0.001, 1, False, False 1.2148318929183815 21.877930845953284 2.580570046524766 0.05237359996456722 0.8370681291171364 0.25071565614668584 
[1, 24, 48], [24, 10, 1], [1, 20, 20], [40, 40, 40], [1, 2], 10, 0.001, 1, False, False 1.263110700056509 24.571400210244935 2.497743387848874 0.039920770938173485 1.1899510863874008 0.08502621317176476 
[1, 24, 48], [24, 1, 1], [1, 10, 10], [20, 20, 20], [0, 1, 2], 20, 0.001, 1, False, False 1.2655569495598753 24.4325120572526 2.3434460359823777 0.051306931596121555 1.0630125494859872 0.10519702453714547 
[1, 24, 48], [24, 20, 15], [1, 10, 10], [10, 10, 10], [2], 20, 0.001, 1, False, False 1.2399922557727057 22.25571313701313 2.592711756632345 0.015842568508619287 0.8849149518375107 0.06541412192208422 
[1, 24, 48], [24, 15, 5], [1, 5, 5], [20, 20, 20], [0, 1, 2], 5, 0.001, 1, False, False 1.8311519528014795 42.43907865204042 5.240658278782823 0.3010711034239211 8.601767376079588 1.2409048049656706 
[1, 24, 48], [24, 15, 1], [1, 5, 5], [30, 30, 30], [1, 2], 10, 0.001, 1, False, False 1.2166139776697729 23.666957955218844 2.5125915673245585 0.0439774353244429 1.1444419992981996 0.15301075183985696 
[1, 24, 48], [24, 1, 1], [1, 5, 5], [20, 20, 20], [1, 2], 1, 0.001, 1, False, False 2.4852603869512677 61.29181924756575 8.61910344710224 0.0349399384815482 0.7950404270916094 0.09016383535427504 
[1, 24, 48], [24, 5, 1], [1, 5, 5], [20, 20, 20], [1, 2], 5, 0.001, 1, False, False 1.4385131766916153 31.2136862815854 3.2833141258975416 0.22881347452715675 6.93606514230067 0.8121081079967891 
[1, 24, 48], [24, 10, 1], [1, 20, 20], [30, 30, 30], [1, 2], 10, 0.001, 1, False, False 1.3030078851738602 24.975176359744605 2.58003406245915 0.05211037677276572 0.6557423630287478 0.2079546057010316 
[1, 24, 48], [24, 10, 1], [1, 10, 10], [20, 20, 20], [0, 1, 2], 5, 0.001, 1, False, False 1.319180959007806 26.669710956687634 2.768437151261321 0.027352363087420655 0.4942486950081636 0.07700416399986193 
[1, 24, 48], [24, 15, 15], [1, 5, 5], [20, 20, 20], [1, 2], 5, 0.001, 1, False, False 1.5553040140273948 33.862561427126955 3.9350661888995675 0.13292970661614895 4.013167273206482 0.5067697857447916 
[1, 24, 48], [24, 1, 1], [1, 5, 5], [30, 30, 30], [1, 2], 10, 0.001, 1, False, False 1.3035736186015938 24.66581763780898 2.562299126763639 0.11211100102683771 1.8175722847785862 0.3353388218817142 
[1, 24, 48], [24, 15, 1], [1, 5, 5], [10, 10, 10], [1, 2], 5, 0.001, 1, False, False 1.6817607693788081 37.87502677319781 4.2957822952068705 0.09412206202068317 2.8160118037040465 0.39371913777893275 
[1, 24, 48], [24, 15, 1], [1, 5, 5], [10, 10, 10], [0, 1, 2], 5, 0.001, 1, False, False 2.110886584387885 50.298575148670636 6.436492332858678 0.27956902262664846 8.26265257603832 1.5170564721596935 
[1, 24, 48], [24, 15, 1], [1, 5, 5], [40, 40, 40], [1, 2], 10, 0.001, 1, False, False 1.1957558250192692 23.720644675875054 2.405246050259427 0.07646141321549169 1.7761368125647794 0.2615332274108885 
[1, 24, 48], [24, 15, 1], [1, 5, 5], [20, 20, 20], [0, 1, 2], 5, 0.001, 1, False, False 1.629507029911986 36.335664269056515 4.344561678152898 0.42768950840211384 13.03696413880691 1.9198032666686329 
[1, 24, 48], [24, 1, 1], [1, 5, 5], [20, 20, 20], [0, 1, 2], 5, 0.001, 1, False, False 1.397142687505456 30.02482775287632 3.093474912173263 0.1376157142416099 5.009947162508978 0.338958126074822 
[1, 24, 48], [24, 1, 1], [1, 5, 5], [10, 10, 10], [0, 1, 2], 1, 0.001, 1, False, False 2.501745958729751 61.40177105063841 8.626405305599434 0.009492627548865552 0.18920691407189463 0.04989991649025703 
[1, 24, 48], [24, 5, 1], [1, 5, 5], [30, 30, 30], [1, 2], 5, 0.001, 1, False, False 1.4078550502657894 30.450984198252684 3.3289518952800994 0.09701081776882482 2.796552373569709 0.34024772700487776 
[1, 24, 48], [24, 15, 10], [1, 20, 20], [40, 40, 40], [1, 2], 10, 0.001, 1, False, False 1.282219987695485 24.980026615737444 2.691121079959384 0.041249878950848036 0.6916084438505116 0.12999574535215622 
[1, 24, 48], [24, 15, 10], [1, 5, 5], [20, 20, 20], [1, 2], 5, 0.001, 1, False, False 1.5236156373491718 31.92194113345772 3.6432036469781313 0.16444771191163465 5.519075367200876 0.7331196332894779 
[1, 24, 48], [24, 5, 1], [1, 5, 5], [10, 10, 10], [1, 2], 5, 0.001, 1, False, False 2.0402131430735744 48.25447352097134 5.978701382243486 0.311057141219648 8.917767417200352 1.6864818469699288 
[1, 24, 48], [24, 15, 5], [1, 20, 20], [30, 30, 30], [1, 2], 10, 0.001, 1, False, False 1.3022803837864625 24.19062645644982 2.6333250614336303 0.04750999092106524 0.6973580446431166 0.15491455356082878 
[1, 24, 48], [24, 15, 15], [1, 20, 20], [40, 40, 40], [1, 2], 10, 0.001, 1, False, False 1.2832597012579854 24.37896918554806 2.7193248685818734 0.014865805809445945 0.6742686824675544 0.023308723797674447 
[1, 24, 48], [24, 10, 1], [1, 5, 5], [30, 30, 30], [1, 2], 20, 0.001, 1, False, False 1.2490434521050366 23.7751975947307 2.5055260396724734 0.03674354506120493 1.5543026322173847 0.11052532227712993 
[1, 24, 48], [24, 1, 1], [1, 10, 10], [10, 10, 10], [0, 1, 2], 20, 0.001, 1, False, False 1.254968810962789 23.820221866455782 2.4219064482809434 0.06462787018055202 1.1264294101442753 0.12717524121051504 
[1, 24, 48], [24, 10, 1], [1, 5, 5], [40, 40, 40], [1, 2], 1, 0.001, 1, False, False 2.4920453085529584 60.871613275338284 8.553714255625513 0.05067030090636116 0.7617708265589888 0.26525602512822666 
[1, 24, 48], [24, 15, 10], [1, 5, 5], [40, 40, 40], [1, 2], 20, 0.001, 1, False, False 1.669456284184492 36.24372962080044 4.536935269541264 0.5983380522313593 18.09005933724179 2.946723709535227 
[1, 24, 48], [24, 15, 15], [1, 5, 5], [20, 20, 20], [0, 1, 2], 20, 0.001, 1, False, False 1.184136722435209 22.840026715673204 2.3520217870201345 0.033644916725219125 0.26665980868960726 0.11218494088741555 
[1, 24, 48], [24, 15, 5], [1, 5, 5], [20, 20, 20], [1, 2], 20, 0.001, 1, False, False 1.2009089293786221 21.72297985615481 2.4317498277130594 0.014984101450542691 1.0602699911142888 0.028461692272590832 
[1, 24, 48], [24, 1, 1], [1, 10, 10], [20, 20, 20], [0, 1, 2], 1, 0.001, 1, False, False 2.4957165403153607 61.21334228340509 8.584236615026636 0.005825173592419054 0.2622936633480676 0.02487506480470335 
[1, 24, 48], [24, 15, 1], [1, 10, 10], [20, 20, 20], [0, 1, 2], 20, 0.001, 1, False, False 1.2435644290703178 22.571595805730695 2.4925074162050542 0.08261992018815244 1.056500538477615 0.18405539038339355 
[1, 24, 48], [24, 15, 1], [1, 10, 10], [10, 10, 10], [0, 1, 2], 20, 0.001, 1, False, False 1.255413216678426 23.283365410000666 2.4745292499112597 0.03997616446952163 1.3820788276237816 0.14187323843983818 
[1, 24, 48], [24, 15, 10], [1, 20, 20], [30, 30, 30], [1, 2], 1, 0.001, 1, False, False 2.3092014864363057 56.51856271869971 7.580689077008304 0.033217807495887514 1.1247161536754875 0.13133296471132905 
[1, 24], [24, 15], [1, 10], [10, 10], [0, 1], 20, 0.001, 1, False, False 1.2037592693887378 21.650507425779164 2.3914103485197074 0.015713994802834825 0.8186674109667598 0.036225841963051626 
[1, 24, 48], [24, 15, 15], [1, 5, 5], [20, 20, 20], [1, 2], 10, 0.001, 1, False, False 1.1974445979300612 22.115315444182034 2.440317039180496 0.028006282578019674 0.6806393105177686 0.1538878375421002 
[1, 24, 48], [24, 15, 15], [1, 5, 5], [10, 10, 10], [1, 2], 1, 0.001, 1, False, False 2.499892917089164 61.160250545753634 8.58094876527418 0.03645321386810479 0.8439301212416127 0.1408956322858571 
[1, 24, 48], [24, 5, 1], [1, 5, 5], [20, 20, 20], [0, 1, 2], 20, 0.001, 1, False, False 1.2572476484467865 23.174793188108847 2.4314373042467596 0.053320587664146366 1.411156692853962 0.14580674623227483 
[1, 24, 48], [24, 10, 1], [1, 5, 5], [10, 10, 10], [1, 2], 20, 0.001, 1, False, False 1.2276013683527707 23.457858094069977 2.463806545757082 0.039016908220108275 0.9095412461568049 0.06417407790063143 
[1, 24, 48], [24, 15, 1], [1, 10, 10], [20, 20, 20], [0, 1, 2], 1, 0.001, 1, False, False 2.4761847037132134 60.2897815577767 8.469926193355027 0.016119905421943356 0.6797396450891959 0.12080381133705258 
[1, 24, 48], [24, 15, 1], [1, 5, 5], [10, 10, 10], [0, 1, 2], 1, 0.001, 1, False, False 2.488022180253433 60.881278555768745 8.49954191904723 0.042059976649830126 0.893960605713631 0.2777007881450797 
[1, 24, 48], [24, 15, 1], [1, 5, 5], [10, 10, 10], [1, 2], 10, 0.001, 1, False, False 1.2398706802339465 23.360706375574157 2.534460262890184 0.04203256368304394 1.4222913204869738 0.06461554170888366 
[1, 24, 48], [24, 1, 1], [1, 5, 5], [10, 10, 10], [0, 1, 2], 5, 0.001, 1, False, False 1.6142716588935369 36.66542785257196 4.229344424383673 0.3919706815774314 11.183427742996265 1.7081905262562698 
[1, 24, 48], [24, 5, 1], [1, 5, 5], [20, 20, 20], [1, 2], 10, 0.001, 1, False, False 1.2530029881780071 24.35565909555004 2.413167135081637 0.04349764177705008 0.9580074213109638 0.07815533076661067 
[1, 24, 48], [24, 15, 15], [1, 20, 20], [30, 30, 30], [1, 2], 10, 0.001, 1, False, False 1.261515896926048 23.629574660041357 2.63031013261156 0.0296294036518222 0.798227867960938 0.03521391271175994 
[1, 24, 48], [24, 15, 5], [1, 5, 5], [40, 40, 40], [1, 2], 10, 0.001, 1, False, False 1.2026595926205454 22.457801265876316 2.4412289687274358 0.04435647689049319 1.0286906538330456 0.09337509236957768 
[1, 24, 48], [24, 15, 5], [1, 5, 5], [10, 10, 10], [1, 2], 20, 0.001, 1, False, False 1.2776890975492146 23.302167330082128 2.6406475199419703 0.01910920170821581 0.43639065372558394 0.0543361663765476 
[1, 24, 48], [24, 10, 1], [1, 10, 10], [10, 10, 10], [0, 1, 2], 1, 0.001, 1, False, False 2.492060139250976 60.66323598627511 8.483537883277153 0.025261192048403335 0.31029341563377766 0.08986072618199384 
[1, 24, 48], [24, 10, 1], [1, 5, 5], [40, 40, 40], [1, 2], 5, 0.001, 1, False, False 1.862648825685459 43.835037647320064 5.069736030368961 0.3214671438176416 9.803030790702294 1.5652568953184907 
[1, 24, 48], [24, 1, 1], [1, 20, 20], [30, 30, 30], [1, 2], 20, 0.001, 1, False, False 1.3245673488894545 25.303626470349453 2.6760804280239103 0.028728794435339502 0.45961189081719667 0.11130807233972353 
[1, 24, 48], [24, 15, 15], [1, 5, 5], [40, 40, 40], [1, 2], 10, 0.001, 1, False, False 1.2461149086520351 25.166759890322442 2.655107872469936 0.03407629023451113 1.0502507472082834 0.2599445688069827 
[1, 24, 48], [24, 5, 1], [1, 5, 5], [30, 30, 30], [1, 2], 10, 0.001, 1, False, False 1.2150796795436356 23.972253067164015 2.4335305198577335 0.029270293202292543 1.3334678738249373 0.14749721681547184 
[1, 24, 48], [24, 15, 5], [1, 5, 5], [30, 30, 30], [1, 2], 10, 0.001, 1, False, False 1.236345756169478 22.901993880345135 2.6028560881376954 0.03571911782611161 1.1557664636447533 0.13146763565495342 
[1, 24, 48], [24, 15, 5], [1, 5, 5], [20, 20, 20], [1, 2], 1, 0.001, 1, False, False 2.5110531090103367 61.40423388334821 8.668879860847857 0.0029107648945109576 0.42235154711226386 0.025645162728870005 
[1, 24, 48], [24, 15, 10], [1, 20, 20], [30, 30, 30], [1, 2], 5, 0.001, 1, False, False 1.2180624103794495 24.2177515940769 2.5077611590261113 0.04039914883384584 1.182887758177159 0.12050634853495619 
[1, 24, 48], [24, 1, 1], [1, 20, 20], [40, 40, 40], [1, 2], 1, 0.001, 1, False, False 2.425829152431753 59.67140132136719 8.228988785044876 0.03543436824373029 0.6607455068507972 0.1823766280076453 
[1, 24, 48], [24, 5, 1], [1, 20, 20], [40, 40, 40], [1, 2], 20, 0.001, 1, False, False 1.3790655279583819 26.409446658201787 2.737253050222998 0.04875425245192437 0.6438654016480846 0.16701553551973344 
[1, 24, 48], [24, 15, 15], [1, 5, 5], [10, 10, 10], [0, 1, 2], 20, 0.001, 1, False, False 1.171638079605031 20.57060323282634 2.387589998383407 0.06404686790323803 1.3672221369088724 0.18041122739850532 
[1, 24, 48], [24, 15, 1], [1, 5, 5], [20, 20, 20], [1, 2], 20, 0.001, 1, False, False 1.2003575848570716 21.591782530311452 2.413448107102088 0.03491347243039265 0.9574334565239717 0.06791103803917597 
[1, 24, 48], [24, 15, 15], [1, 5, 5], [10, 10, 10], [1, 2], 5, 0.001, 1, False, False 1.9431998849880918 45.95956617261968 5.649051383040767 0.19836695864981824 5.714251929170621 0.8716002728634766 
[1, 24, 48], [24, 10, 1], [1, 5, 5], [30, 30, 30], [1, 2], 1, 0.001, 1, False, False 2.436939623268942 59.874349466678986 8.306337272550353 0.015177398684225319 0.2515517811174295 0.1335798531104562 
[1, 24, 48], [24, 15, 5], [1, 5, 5], [20, 20, 20], [0, 1, 2], 10, 0.001, 1, False, False 1.2060142272324474 23.127423246187075 2.484397269766983 0.012720971434885625 0.13865129782669375 0.11889648404661779 
[1, 24, 48], [24, 15, 1], [1, 20, 20], [30, 30, 30], [1, 2], 20, 0.001, 1, False, False 1.4401256522336217 26.111207003553442 3.156988560355219 0.024018827661992734 0.3136536964875002 0.08087272913012788 
[1, 24, 48], [24, 15, 5], [1, 20, 20], [40, 40, 40], [1, 2], 20, 0.001, 1, False, False 1.4215782939439159 26.552242741917365 3.2343117465651248 0.01485310701342071 0.5343514150816203 0.13907128529637325 
[1, 24, 48], [24, 5, 1], [1, 5, 5], [40, 40, 40], [1, 2], 20, 0.001, 1, False, False 1.253930047406229 22.92747614380488 2.4863196193640387 0.01737456775555575 1.0664534959559047 0.03394219308346994 
[1, 24, 48], [24, 15, 15], [1, 5, 5], [20, 20, 20], [0, 1, 2], 1, 0.001, 1, False, False 2.5056962994237746 61.480158145705325 8.636039228699778 0.008000851166999806 0.37316245318864794 0.09074415059141704 
[1, 24, 48], [24, 15, 15], [1, 5, 5], [30, 30, 30], [1, 2], 1, 0.001, 1, False, False 2.476581177791512 60.98065500070064 8.434240576421987 0.04193775130689374 1.1880452668835895 0.3170532749833229 
[1, 24, 48], [24, 5, 1], [1, 20, 20], [30, 30, 30], [1, 2], 1, 0.001, 1, False, False 2.3473178472507885 57.52959642505209 7.733783091653025 0.050529114079559845 1.0625335410776482 0.26350252426180304 
[1, 24, 48], [24, 15, 1], [1, 20, 20], [40, 40, 40], [1, 2], 1, 0.001, 1, False, False 2.353556623406432 57.32028375980523 7.709441552556982 0.08110579417382756 2.0861055432961373 0.5370368748931503 
[1, 24, 48], [24, 1, 1], [1, 5, 5], [20, 20, 20], [0, 1, 2], 10, 0.001, 1, False, False 1.1897335828057731 23.929104541528925 2.27846741301459 0.03638547342862883 1.6035050923698337 0.1434199121218427 
[1, 24, 48], [24, 15, 15], [1, 10, 10], [20, 20, 20], [0, 1, 2], 20, 0.001, 1, False, False 1.3222247586326883 24.840316159388042 2.717586716357228 0.08723375195077672 2.0009274820843364 0.2441263413330161 
[1, 24, 48], [24, 15, 10], [1, 5, 5], [30, 30, 30], [1, 2], 20, 0.001, 1, False, False 1.2688523768964741 23.82898107454825 2.639522252155104 0.07722242555340245 1.299011280776126 0.250890118475737 
[1, 24, 48], [24, 15, 1], [1, 10, 10], [10, 10, 10], [0, 1, 2], 20, 0.001, 1, False, False 1.2773903337393506 23.32400328904106 2.587184828600487 0.056762816699558384 0.875156745610445 0.15543501827004053 
[1, 24, 48], [24, 1, 1], [1, 20, 20], [40, 40, 40], [1, 2], 5, 0.001, 1, False, False 1.1926813326689796 24.12511741098813 2.412374553084604 0.025234428385973735 0.6226158098834446 0.05327025345886254 
[1, 24, 48], [24, 5, 1], [1, 5, 5], [10, 10, 10], [0, 1, 2], 20, 0.001, 1, False, False 1.224166502253394 23.722520193519458 2.2498353835648284 0.03393720340280233 0.9625517391709822 0.0551774975183595 
[1, 24, 48], [24, 15, 10], [1, 5, 5], [40, 40, 40], [1, 2], 1, 0.001, 1, False, False 2.4595253467352856 60.29372038714191 8.344296370628166 0.033183549265193575 1.0662547725863718 0.25085944139205796 
[1, 24, 48], [24, 15, 1], [1, 5, 5], [10, 10, 10], [0, 1, 2], 5, 0.001, 1, False, False 1.9183090507018346 44.85760124195357 5.295982896383609 0.08446869668493887 2.3679200647016225 0.5099141417512231 
[1, 24, 48], [24, 15, 15], [1, 5, 5], [10, 10, 10], [0, 1, 2], 1, 0.001, 1, False, False 2.48851925569276 61.26674549571242 8.516828049873999 0.004433252520836136 0.4980950671546859 0.0588009739136196 
[1, 24, 48], [24, 5, 1], [1, 20, 20], [30, 30, 30], [1, 2], 20, 0.001, 1, False, False 1.3295394818695194 24.66328373631757 2.6497349466430777 0.05448553707652199 0.8615120554941003 0.18020258139258208 
[1, 24, 48], [24, 15, 1], [1, 10, 10], [20, 20, 20], [0, 1, 2], 5, 0.001, 1, False, False 1.327414552919153 26.63882427433511 2.870151548849931 0.054862062947604616 1.6776186368290336 0.27659751578056735 
[1, 24, 48], [24, 10, 1], [1, 5, 5], [20, 20, 20], [0, 1, 2], 20, 0.001, 1, False, False 1.145999048382941 21.49638450497726 2.2074770419373215 0.05110093684004218 1.1906515305333534 0.06048493958227273 
[1, 24, 48], [24, 10, 1], [1, 5, 5], [30, 30, 30], [1, 2], 5, 0.001, 1, False, False 1.4353191633605296 30.256858419134833 3.3259784616036026 0.19771465171809166 6.605139845846338 0.7274762845029628 
[1, 24, 48], [24, 10, 1], [1, 10, 10], [20, 20, 20], [0, 1, 2], 10, 0.001, 1, False, False 1.1811684344084592 22.513604327978555 2.3351051478235285 0.01699227544558211 0.4430835901661693 0.05348002096397215 
[1, 24, 48], [24, 15, 1], [1, 5, 5], [10, 10, 10], [0, 1, 2], 10, 0.001, 1, False, False 1.249092693899379 24.576802331421902 2.5611508369063745 0.039600742326046746 1.5941077436818991 0.11483304972671839 
[1, 24, 48], [24, 15, 1], [1, 10, 10], [20, 20, 20], [0, 1, 2], 1, 0.001, 1, False, False 2.468621346078537 60.861131700111116 8.441706675043044 0.01794086556185946 0.1407700306091548 0.1041114252213968 
[1, 24, 48], [24, 1, 1], [1, 5, 5], [40, 40, 40], [1, 2], 20, 0.001, 1, False, False 1.2489272664283853 24.091920783601314 2.4839422367827866 0.06406060468034008 2.1788697795980014 0.10679259889868137 
[1, 24, 48], [24, 10, 1], [1, 10, 10], [10, 10, 10], [0, 1, 2], 5, 0.001, 1, False, False 1.292865296929247 26.242239361132686 2.6764809174054354 0.09049099975111646 2.876739193404424 0.44821618277019715 
[1, 24, 48], [24, 5, 1], [1, 20, 20], [40, 40, 40], [1, 2], 1, 0.001, 1, False, False 2.3793742767017747 58.26345059408133 7.896114714758248 0.08014514715977666 1.7909503964041809 0.5406691733520848 
[1, 24, 48], [24, 15, 1], [1, 5, 5], [20, 20, 20], [0, 1, 2], 10, 0.001, 1, False, False 1.2004620432129338 22.663568399582093 2.379146033468263 0.011290960150460846 0.4552638439212516 0.09071895000069985 
[1, 24, 48], [24, 5, 1], [1, 5, 5], [20, 20, 20], [0, 1, 2], 1, 0.001, 1, False, False 2.466754381234448 60.77223712007688 8.46217966492572 0.018503267084668314 0.5963556085340673 0.11664171281295896 
[1, 24, 48], [24, 15, 1], [1, 5, 5], [20, 20, 20], [0, 1, 2], 20, 0.001, 1, False, False 1.267255441211509 23.184617537530922 2.4927477328762335 0.016281223592323785 0.694527130149459 0.06272636741533072 
[1, 24, 48], [24, 10, 1], [1, 5, 5], [10, 10, 10], [0, 1, 2], 20, 0.001, 1, False, False 1.2185567177987349 22.846355013909378 2.3438152416988665 0.020445377210147147 0.3117513696449418 0.10795125914946771 
[1, 24, 48], [24, 15, 5], [1, 10, 10], [20, 20, 20], [0, 1, 2], 20, 0.001, 1, False, False 1.3082782777060793 24.695179059782944 2.7186356709805377 0.04740527527154632 1.180478161223535 0.04244831307166646 
[1, 24, 48], [24, 15, 1], [1, 5, 5], [30, 30, 30], [1, 2], 20, 0.001, 1, False, False 1.2128766265352844 23.811872195825924 2.300895098714405 0.035203427876552305 0.9672265185183889 0.14994416035986377 
[1, 24, 48], [24, 5, 1], [1, 10, 10], [20, 20, 20], [0, 1, 2], 20, 0.001, 1, False, False 1.2538892070642087 23.63687785494599 2.3529043135749794 0.06949838364459472 1.2580810633912662 0.15848849599216652 
[1, 24, 48], [24, 10, 1], [1, 20, 20], [30, 30, 30], [1, 2], 20, 0.001, 1, False, False 1.3474504480535094 25.25725590441324 2.7366905402071864 0.02631993720795878 1.3080439278855416 0.06330137278942857 
[1, 24, 48], [24, 15, 1], [1, 10, 10], [10, 10, 10], [0, 1, 2], 1, 0.001, 1, False, False 2.447352022636268 59.66491171303857 8.208233951520276 0.027012939325822372 0.7373875836533385 0.15394764611689626 
[1, 24, 48], [24, 10, 1], [1, 5, 5], [40, 40, 40], [1, 2], 10, 0.001, 1, False, False 1.2396865141767732 24.41276894916407 2.4233532143622507 0.020354880199905393 1.3698332346202609 0.030744554252036146 
[1, 24, 48], [24, 1, 1], [1, 20, 20], [30, 30, 30], [1, 2], 1, 0.001, 1, False, False 2.364072066911117 58.0283994795877 7.758405796027547 0.11618085594207234 2.980108342291192 0.6349882066983012 
[1, 24, 48], [24, 5, 1], [1, 10, 10], [10, 10, 10], [0, 1, 2], 20, 0.001, 1, False, False 1.3200703810934944 24.793065509649704 2.583749690239749 0.08675993306908503 1.7315613967199508 0.2965324747698348 
[1, 24, 48], [24, 15, 15], [1, 5, 5], [30, 30, 30], [1, 2], 5, 0.001, 1, False, False 1.3490615439911686 27.594575615212097 3.0647079440060065 0.04184076185713547 0.3949248594413085 0.20988833735889492 
[1, 24, 48], [24, 1, 1], [1, 5, 5], [30, 30, 30], [1, 2], 20, 0.001, 1, False, False 1.3228135878323684 23.790409929410856 2.5917247782885013 0.07300346715446013 0.7843662561351578 0.19161080197603222 
[1, 24, 48], [24, 10, 1], [1, 20, 20], [40, 40, 40], [1, 2], 20, 0.001, 1, False, False 1.4201169288182562 25.629928274006755 3.0250328613678015 0.08257952328538934 1.3422600780888931 0.2399224493941871 
[1, 24, 48], [24, 15, 5], [1, 10, 10], [10, 10, 10], [0, 1, 2], 20, 0.001, 1, False, False 1.3408579982092812 24.604008044455796 2.7173133145097137 0.04860654946299146 0.9503549625024612 0.138608101724669 
[1, 24, 48], [24, 15, 1], [1, 5, 5], [40, 40, 40], [1, 2], 1, 0.001, 1, False, False 2.477045407891273 60.56748951085702 8.444347962266614 0.018883820594268384 0.2841138805742421 0.14905269822782824 
[1, 24, 48], [24, 15, 1], [1, 20, 20], [40, 40, 40], [1, 2], 5, 0.001, 1, False, False 1.2443984168547173 24.739966310285833 2.55602404248776 0.04219800051819047 0.9352208277346594 0.17367798886721225 
[1, 24, 48], [24, 10, 1], [1, 20, 20], [40, 40, 40], [1, 2], 1, 0.001, 1, False, False 2.276173055772152 55.936286621658034 7.325028032245498 0.0715433905042196 1.7952262992299421 0.40782032133579754 
[1, 24, 48], [24, 15, 1], [1, 10, 10], [10, 10, 10], [0, 1, 2], 1, 0.001, 1, False, False 2.4170511879785748 59.41505694096586 8.138635132181562 0.04353578187943262 0.807277382394733 0.2584526908811663 
[1, 24, 48], [24, 10, 1], [1, 5, 5], [20, 20, 20], [0, 1, 2], 1, 0.001, 1, False, False 2.514860514675578 61.09345878796301 8.628713135374241 0.006161530457992799 0.5155186280523615 0.08788786606391215 
[1, 24, 48], [24, 1, 1], [1, 5, 5], [40, 40, 40], [1, 2], 1, 0.001, 1, False, False 2.445664825656072 60.19839822803104 8.26814614567045 0.08065814285984683 1.7599892610287364 0.545615860225104 
[1, 24, 48], [24, 15, 10], [1, 5, 5], [30, 30, 30], [1, 2], 1, 0.001, 1, False, False 2.5206523559987546 61.55809298609916 8.72250036035387 0.023600828784726347 0.33817895901126394 0.14937567891655476 
[1, 24, 48], [24, 15, 5], [1, 5, 5], [10, 10, 10], [0, 1, 2], 1, 0.001, 1, False, False 2.4712591327036972 60.436036885126015 8.432650657525485 0.05948519308742261 1.5369557324731342 0.3830219545645468 
[1, 24, 48], [24, 5, 1], [1, 5, 5], [10, 10, 10], [0, 1, 2], 1, 0.001, 1, False, False 2.476131894991354 60.76084096432422 8.461360306052947 0.021370777413451163 0.2422391187107126 0.0954658384255551 
[1, 24, 48], [24, 15, 15], [1, 10, 10], [10, 10, 10], [0, 1, 2], 20, 0.001, 1, False, False 1.229021774372086 22.842725838699675 2.5040806450668796 0.007149782694439079 0.872671125724293 0.10416313748206397 
[1, 24, 48], [24, 15, 10], [1, 20, 20], [30, 30, 30], [1, 2], 10, 0.001, 1, False, False 1.2424693129680775 24.28780289222355 2.5201963687284823 0.021052370723986163 0.36621605117802797 0.09791707894322772 
[1, 24, 48], [24, 15, 5], [1, 10, 10], [20, 20, 20], [0, 1, 2], 1, 0.001, 1, False, False 2.436741896704943 60.1590747058319 8.25562811372325 0.05015877959443647 1.0219498465065335 0.2749772034708092 
[1, 24, 48], [24, 15, 15], [1, 5, 5], [20, 20, 20], [0, 1, 2], 5, 0.001, 1, False, False 1.7043787260367365 37.80280746648666 4.521563843679342 0.2892008852927121 8.859322916504292 1.1997121315343129 
[1, 24, 48], [24, 15, 10], [1, 5, 5], [40, 40, 40], [1, 2], 5, 0.001, 1, False, False 1.4103916448472 29.50404629720858 3.3398332971441493 0.055162584197620844 2.31743728898122 0.3453690220297162 
[1, 24, 48], [24, 5, 1], [1, 20, 20], [40, 40, 40], [1, 2], 5, 0.001, 1, False, False 1.2551584485435376 24.341814578698436 2.4829973228722455 0.03976274678100987 0.34341191251531555 0.1171052836671437 
[1, 24, 48], [24, 15, 5], [1, 20, 20], [30, 30, 30], [1, 2], 20, 0.001, 1, False, False 1.259792977211031 23.8862974588678 2.598286439708606 0.11654162736446196 2.3574122676089644 0.398555030149818 
[1, 24, 48], [24, 1, 1], [1, 20, 20], [30, 30, 30], [1, 2], 5, 0.001, 1, False, False 1.2681328892293904 25.497241991767766 2.473788110443879 0.014460506222885713 0.14202341433222115 0.06518120966970745 
[1, 24, 48], [24, 15, 1], [1, 5, 5], [40, 40, 40], [1, 2], 20, 0.001, 1, False, False 1.2084988901115679 22.962195518605355 2.365776705107639 0.03270959911866175 1.3437686233578936 0.11489129041091424 
[1, 24, 48], [24, 5, 1], [1, 5, 5], [30, 30, 30], [1, 2], 20, 0.001, 1, False, False 1.1995185224718796 22.914274369503715 2.251805771885478 0.042824511738460656 1.3178510440019946 0.162759595845755 
[1, 24, 48], [24, 15, 10], [1, 20, 20], [40, 40, 40], [1, 2], 20, 0.001, 1, False, False 1.4168922768164152 26.474144931451615 3.14970026182059 0.03368809081087887 0.10904348177330171 0.09177931760617308 
[1, 24, 48], [24, 15, 5], [1, 20, 20], [40, 40, 40], [1, 2], 1, 0.001, 1, False, False 2.2928949428515306 56.578121303868784 7.439147694504939 0.16022212622127677 3.8533456182178263 0.8501278605691506 
[1, 24, 48], [24, 15, 15], [1, 20, 20], [40, 40, 40], [1, 2], 20, 0.001, 1, False, False 1.385878135115598 26.205311209529285 2.942854039419877 0.028330128656502477 1.0067564726550762 0.11841045412394219 
[1, 24, 48], [24, 15, 1], [1, 5, 5], [40, 40, 40], [1, 2], 5, 0.001, 1, False, False 1.3223754520631499 27.326023584763607 3.005955498493336 0.07238822206797221 2.2929310697880076 0.17214208635685002 
[1, 24, 48], [24, 15, 1], [1, 5, 5], [30, 30, 30], [1, 2], 1, 0.001, 1, False, False 2.462001423799881 60.28664286389682 8.392963263745164 0.020257043683311323 0.3890247751391003 0.12574239558558667 
[1, 24, 48], [24, 15, 1], [1, 20, 20], [30, 30, 30], [1, 2], 1, 0.001, 1, False, False 2.397331262241911 59.10367260862549 8.139188318628426 0.00781583554721512 0.1468866373925332 0.03871162618429444 
[1, 24, 48], [24, 15, 1], [1, 10, 10], [20, 20, 20], [0, 1, 2], 5, 0.001, 1, False, False 1.2716374800471522 25.760262951263798 2.765778517539406 0.022087051663925394 0.48004693466866266 0.04170348798832159 
[1, 24, 48], [24, 1, 1], [1, 20, 20], [40, 40, 40], [1, 2], 10, 0.001, 1, False, False 1.3087432225321043 24.75318512929648 2.565074978489705 0.018829646286059973 0.24468434152321253 0.018721218346025068 
[1, 24, 48], [24, 5, 1], [1, 5, 5], [20, 20, 20], [0, 1, 2], 5, 0.001, 1, False, False 1.846381100719036 42.54319675004222 5.061901166849592 0.33165838253623875 9.320697082533588 1.6224446370147352 
[1, 24, 48], [24, 15, 10], [1, 5, 5], [30, 30, 30], [1, 2], 5, 0.001, 1, False, False 1.4448689034484605 31.27366155354525 3.373366441626388 0.12551137594870754 3.8430248730184613 0.5125375751566783 
[1, 24, 48], [24, 15, 1], [1, 10, 10], [10, 10, 10], [0, 1, 2], 5, 0.001, 1, False, False 1.4054390382125146 29.649976844607476 3.4008090537242524 0.0908649314973501 4.036501681391997 0.4556294969679457 
[1, 24, 48], [24, 10, 1], [1, 5, 5], [30, 30, 30], [1, 2], 10, 0.001, 1, False, False 1.2715918536798132 23.90092561957256 2.6496980493603552 0.010120154863832546 1.0345344850715243 0.06390965067087703 
[1, 24, 48], [24, 15, 5], [1, 5, 5], [10, 10, 10], [0, 1, 2], 5, 0.001, 1, False, False 1.9571489923219714 46.09154204548323 5.528558619406823 0.2506309172826637 6.600818171611618 1.4135905313768817 
[1, 24, 48], [24, 15, 15], [1, 20, 20], [30, 30, 30], [1, 2], 20, 0.001, 1, False, False 1.3337705149867187 24.265473593727588 2.7854469038901564 0.12205032396939904 1.583749610434649 0.3979543251846103 
[1, 24, 48], [24, 15, 5], [1, 5, 5], [40, 40, 40], [1, 2], 20, 0.001, 1, False, False 1.2232509906921119 22.193045022933727 2.4870806068314955 0.024363519285378853 0.57395182090269 0.08059158573114164 
[1, 24, 48], [24, 15, 1], [1, 10, 10], [20, 20, 20], [0, 1, 2], 10, 0.001, 1, False, False 1.1911940505055505 24.095772943298467 2.32973082904082 0.042983748418108335 1.2955606304724554 0.0856320794459764 
[1, 24, 48], [24, 15, 1], [1, 5, 5], [10, 10, 10], [0, 1, 2], 10, 0.001, 1, False, False 1.2166802508066652 22.663290527436658 2.4600447605105944 0.010072243516819988 1.0725445426335523 0.1040078415473514 
[1, 24, 48], [24, 15, 5], [1, 20, 20], [40, 40, 40], [1, 2], 5, 0.001, 1, False, False 1.275134727222569 24.553374738872137 2.6945185675225534 0.03585717937466606 0.4861936539017269 0.11129761172602932 
[1, 24, 48], [24, 15, 15], [1, 5, 5], [30, 30, 30], [1, 2], 10, 0.001, 1, False, False 1.2159442927515893 22.85859951476901 2.5627393501371256 0.09102150493726587 2.8536673834256105 0.23050002960337018 
[1, 24, 48], [24, 10, 1], [1, 10, 10], [10, 10, 10], [0, 1, 2], 10, 0.001, 1, False, False 1.1794620394672233 22.00044346814141 2.361097365597504 0.020832049690392204 1.4083513311263554 0.04994595971234876 
[1, 24, 48], [24, 15, 5], [1, 20, 20], [30, 30, 30], [1, 2], 1, 0.001, 1, False, False 2.317228921847763 56.54071151034456 7.530226340165409 0.09431438171425553 2.386858677038265 0.43414670817909784 
[1, 24, 48], [24, 15, 15], [1, 20, 20], [40, 40, 40], [1, 2], 1, 0.001, 1, False, False 2.2557893304499217 55.3910561538392 7.173621595029733 0.06567746691683943 1.4479987346600673 0.4801199029435161 
[1, 24, 48], [24, 15, 1], [1, 20, 20], [40, 40, 40], [1, 2], 10, 0.001, 1, False, False 1.2007513133239829 23.441656045794222 2.3353506931449046 0.035567677590154445 0.6738860959725556 0.10638806453975458 
[1, 24, 48], [24, 15, 15], [1, 5, 5], [40, 40, 40], [1, 2], 20, 0.001, 1, False, False 1.274407740470229 24.774288367671385 2.601483072087168 0.10040978802993016 2.37620388212413 0.3132345483840491 
[1, 24, 48], [24, 15, 1], [1, 20, 20], [30, 30, 30], [1, 2], 5, 0.001, 1, False, False 1.2211167597608574 24.137044710597653 2.4579272686167637 0.013919209110486691 0.5446347989796839 0.08952903021846159 
[1, 24, 48], [24, 15, 10], [1, 5, 5], [40, 40, 40], [1, 2], 10, 0.001, 1, False, False 1.2105681692250074 23.132189870278385 2.4862936890394596 0.040544493624976016 1.1256679020814397 0.1642024208547729 
[1, 24, 48], [24, 15, 5], [1, 5, 5], [30, 30, 30], [1, 2], 20, 0.001, 1, False, False 1.2632266744557354 22.92826424000771 2.5923508478369026 0.08110992143374339 0.8547142582646908 0.23805094470625612 
[1, 24, 48], [24, 15, 15], [1, 20, 20], [30, 30, 30], [1, 2], 1, 0.001, 1, False, False 2.2104696962085586 53.546319845804874 6.961390480045481 0.020628257485417644 0.9760948723762187 0.18338682654688143 
[1, 24, 48], [24, 15, 5], [1, 5, 5], [40, 40, 40], [1, 2], 1, 0.001, 1, False, False 2.5043315706360674 61.18872763846631 8.636988486539506 0.022479553961182612 0.27043390194463907 0.11804457344879815 
[1, 24, 48], [24, 15, 15], [1, 20, 20], [40, 40, 40], [1, 2], 5, 0.001, 1, False, False 1.264319432799325 25.094075659959447 2.69232652329285 0.03217950972271466 1.394290023980416 0.18098214631120557 
[1, 24, 48], [24, 15, 5], [1, 20, 20], [30, 30, 30], [1, 2], 5, 0.001, 1, False, False 1.2544693383526195 24.482351003418454 2.6334189636041234 0.05799053242073077 1.5128350883034098 0.196822626604963 
[1, 24, 48], [24, 10, 1], [1, 5, 5], [40, 40, 40], [1, 2], 20, 0.001, 1, False, False 1.2998242375337414 24.915948914291032 2.5729844673317666 0.03876049893078253 1.1876069595468497 0.09777484397079661 
[1, 24, 48], [24, 15, 5], [1, 20, 20], [40, 40, 40], [1, 2], 10, 0.001, 1, False, False 1.2617259147266546 24.007042956420168 2.5236246570008665 0.030458796465349887 0.7294150953480755 0.08937243848755502 
[1, 24, 48], [24, 15, 10], [1, 20, 20], [30, 30, 30], [1, 2], 20, 0.001, 1, False, False 1.3110317621500818 25.099857571577513 2.6619016491075325 0.10518879479382282 1.4463617134040865 0.35688093886195343 
[1, 24, 48], [24, 15, 1], [1, 20, 20], [30, 30, 30], [1, 2], 10, 0.001, 1, False, False 1.266053721425986 24.085177497718107 2.5543608989931874 0.07296711381619371 0.46407450653365145 0.1954256835413374 
[1, 24, 48], [24, 10, 1], [1, 10, 10], [20, 20, 20], [0, 1, 2], 20, 0.001, 1, False, False 1.2160858090966942 22.699772604091994 2.3369405604680984 0.04344037633705631 0.706484646438807 0.1483615090241283 
[1, 24, 48], [24, 15, 1], [1, 5, 5], [10, 10, 10], [0, 1, 2], 20, 0.001, 1, False, False 1.2134847904452022 23.237357508774235 2.3792267559976708 0.02171356585473509 0.8048601211052839 0.0912418236362382 
[1, 24, 48], [24, 15, 1], [1, 5, 5], [20, 20, 20], [0, 1, 2], 20, 0.001, 1, False, False 1.1637254890399402 21.751837628658333 2.272900061634146 0.036400939585191736 0.8448905902379232 0.06951297784841408 
[1, 24, 48], [24, 15, 15], [1, 5, 5], [30, 30, 30], [1, 2], 20, 0.001, 1, False, False 1.244888705674007 22.884616735818028 2.540757700236668 0.11087170473009286 2.418180637751995 0.31697391049981893 
[1, 24, 48], [24, 15, 1], [1, 20, 20], [40, 40, 40], [1, 2], 20, 0.001, 1, False, False 1.3419737790142088 25.63851034802794 2.789296745744219 0.07993827265155569 1.2982137286902025 0.23660830552569637 
