layers lag time_steps epochs l2 learning_rate mean_mae                         mean_mape mean_mse std mae std_mape std_mse 
[5], 1, 1, 1, 0.001, 0.05, 1, False 4.386256136772809 42.02235458447902 26.71604187796717 0.8805233208939086 8.743756772144943 8.12749445675248 
[5], 12, 1, 1, 0.001, 0.05, 1, False 4.703111069428699 45.425720652155825 32.29764059080103 1.5314683693208084 14.770524932332886 15.848017298616309 
[5], 1, 15, 5, 0.001, 0.05, 1, False 1.998305257382216 19.817175344679537 5.569839165106948 0.16535614123369483 1.3148168477028561 1.0235381575366287 
[5], 24, 1, 1, 0.001, 0.05, 1, False 3.216308699520649 30.819829853665794 16.9424291090812 0.5052229578353737 4.499610425862986 5.8915431844147 
[5], 1, 1, 5, 0.001, 0.05, 1, False 4.808334800987331 46.626166427876434 28.86468541861497 0.2807349493555564 3.2332180654933 2.26416218933728 
[10], 1, 1, 1, 0.001, 0.05, 1, False 5.085672765169982 48.96325096406655 33.723056280932404 0.648126381849516 7.176082634814995 6.600511810491187 
[5], 12, 1, 5, 0.001, 0.05, 1, False 4.796223714423401 46.24131205054203 44.15363818445325 2.3991958615536912 22.760703526825832 41.97671849305218 
[5], 36, 1, 1, 0.001, 0.05, 1, False 3.056052299699297 29.059817584606023 14.611074222205486 0.11696840589289563 1.039370436228128 1.2052026168746177 
[10], 12, 1, 1, 0.001, 0.05, 1, False 4.216763229944087 40.39839217261127 25.84977013179719 0.8595863532050688 7.678149369182524 8.502707179080213 
[5], 12, 15, 5, 0.001, 0.05, 1, False 1.6504109644227556 16.717132151297545 4.248001838694677 0.05635751240784756 0.15807815813169832 0.19057241546072712 
