layers lag time_steps epochs l2 learning_rate mean_mae                         mean_mape mean_mse std mae std_mape std_mse 
[15], 24, 1, 1, 0.001, 0.05, 1, False 2.3391679119361846 46.43605559799416 8.830144973583852 0.8236067983233217 17.083868795188202 6.41605702852475 
[15], 36, 1, 1, 0.001, 0.05, 1, False 1.783896356624448 33.61159310153744 4.492885858842765 0.32796855631783983 3.8901104274352636 1.7041276061755601 
[10], 1, 1, 1, 0.001, 0.05, 1, False 4.182894578827891 72.26169426830343 22.389626924154012 0.08279372213363716 0.6402413111409581 0.8855942117727118 
[10], 12, 1, 1, 0.001, 0.05, 1, False 3.788104823010293 71.21641131414837 18.370246859321238 0.44981185663705664 3.8549103986003876 4.4483853429386695 
[10], 24, 1, 1, 0.001, 0.05, 1, False 2.514209432829995 46.73727474846823 9.632665608733925 0.6517617615701303 13.656846425226023 4.397690500191053 
[15], 1, 1, 1, 0.001, 0.05, 1, False 4.361780737938051 73.15170019680052 24.364005110094286 0.23204728521239235 0.8308270272374355 2.4393270647535648 
[15], 12, 1, 1, 0.001, 0.05, 1, False 3.4010155425958892 67.77934648545708 14.825778060596846 0.16210712977557035 1.9299978158116873 2.207631949825176 
[10], 36, 1, 1, 0.001, 0.05, 1, False 2.1211260283141637 38.76509728076616 6.163023622711919 0.2190733068117313 2.9061637484164162 1.7648594917593365 
[5], 1, 1, 1, 0.001, 0.05, 1, False 4.0647523801704795 71.3642678937545 22.014383325803163 0.7687393798380591 3.3795261409346904 7.873682943964153 
[5], 36, 1, 1, 0.001, 0.05, 1, False 2.1815394400946655 44.00837772193361 6.927672803673226 0.2981592589838047 7.767681440720251 1.3057492371038983 
[5], 24, 1, 1, 0.001, 0.05, 1, False 2.1636268982749987 42.56066056607662 6.7613310669931685 0.48451470912577616 12.06297118033402 2.931398599256536 
[20], 12, 1, 1, 0.001, 0.05, 1, False 3.871701768802531 70.88251255121237 19.472130262624916 0.3515054708016028 3.266872013697952 3.4152001199525768 
[20], 1, 1, 1, 0.001, 0.05, 1, False 4.60942860763451 73.53095264197447 26.99643771093764 0.1492911224306275 0.4776600055504813 1.6551593088989107 
[20], 24, 1, 1, 0.001, 0.05, 1, False 1.6478498231274663 31.06286607412565 3.677451075249447 0.30599751247934776 5.649117897567207 1.1492444395381352 
[5], 12, 1, 1, 0.001, 0.05, 1, False 3.478532826470176 68.67126915880397 15.559618900961004 0.44423376651237606 4.392026232780088 4.025967530933413 
[20], 36, 1, 1, 0.001, 0.05, 1, False 1.5451419147550718 30.282959480334167 3.4091021389715106 0.1916895520312014 0.8734799966419252 0.885052958542759 
[15], 36, 15, 5, 0.001, 0.05, 1, False 1.4512768711998232 31.74186984061106 3.1799079824670358 0.052884915737859146 1.3303732836282054 0.09239717446850355 
[15], 24, 1, 5, 0.001, 0.05, 1, False 1.5380597040919521 26.2387525965767 3.530602371116256 0.1712178816261589 2.0147500680921704 0.9193859261180314 
[15], 36, 1, 5, 0.001, 0.05, 1, False 1.8971225905611557 33.64959737943541 5.612943142247599 0.1017975290383716 1.8534276442801438 0.6765091776863886 
[15], 24, 15, 5, 0.001, 0.05, 1, False 1.3497237783477265 28.79733077316061 2.7520533437041803 0.034208366597517595 0.7880186554299718 0.08800881679412835 
[15], 12, 15, 5, 0.001, 0.05, 1, False 1.821097823987819 43.66780708338569 4.485620265498607 0.27518123759959356 8.86503381698955 1.2907536032765843 
[20], 12, 1, 5, 0.001, 0.05, 1, False 2.693096145182089 62.2518186815115 9.854821777589676 0.30280610431190325 3.678435095081841 2.2392539586017355 
[15], 1, 1, 5, 0.001, 0.05, 1, False 3.477935537356125 68.91042812080427 16.553101806251423 0.3794312203116377 2.407637529185308 2.857748085661743 
[10], 36, 1, 5, 0.001, 0.05, 1, False 1.4548572455136177 26.940446735927637 3.287079763397271 0.25268111862058285 2.9006541401076973 1.0174945835658185 
[20], 1, 1, 5, 0.001, 0.05, 1, False 2.553981897983425 58.13791775813342 9.238742587307982 0.2169097742220395 3.606349093047452 1.6750038309758615 
[10], 1, 1, 5, 0.001, 0.05, 1, False 3.9149560295511043 71.55322155596302 20.367011005452884 0.5128956447244244 2.92756485064885 4.369605627574065 
[15], 12, 1, 5, 0.001, 0.05, 1, False 3.0278178279977985 67.93618478367937 12.837211930769064 0.5324451376443247 8.557912078293137 4.512145442817477 
[20], 24, 1, 5, 0.001, 0.05, 1, False 1.3156251642577075 24.16371526766038 2.5613946951677313 0.12581117450359697 0.8493100544310931 0.43424902030563983 
[20], 24, 15, 5, 0.001, 0.05, 1, False 1.3599780678128204 29.811942170794893 2.7825962607685697 0.0027579233532474086 0.369708627564158 0.07463599711548011 
[30], 12, 1, 1, 0.001, 0.05, 1, False 3.2139794912370334 68.15295088840314 13.402556315167141 0.627452748040559 4.345197170045511 5.598022671000482 
[30], 1, 1, 1, 0.001, 0.05, 1, False 4.37196649802176 72.44120186122267 24.411996414441898 0.1597665614014108 0.5374893661871928 1.6920612514327973 
[15], 24, 5, 10, 0.001, 0.05, 1, False 1.3012144695105101 26.3992098186981 2.5775996757113684 0.026107480816907433 0.7028887770798056 0.11371927199937508 
[5], 1, 1, 5, 0.001, 0.05, 1, False 3.846646976619269 71.36071487820874 19.738929762879835 0.4321259753929735 1.59285722226679 3.824565591214038 
[15], 1, 15, 5, 0.001, 0.05, 1, False 2.3399643477259415 55.716923909007 7.205389351560445 0.04514542869885446 1.3366960136208779 0.2631462411313576 
[10], 36, 15, 5, 0.001, 0.05, 1, False 1.3744223767512098 28.753216682230242 2.9315428378736237 0.051026966296853486 1.359229748914287 0.13326904087197142 
[10], 24, 15, 5, 0.001, 0.05, 1, False 1.3651403622701765 28.50879251708878 2.7858298781121262 0.03615828476913968 1.4578099016028314 0.07553844251379838 
[15], 36, 5, 10, 0.001, 0.05, 1, False 1.439327757947009 29.619889459450306 3.1931165203941307 0.03354776000586407 1.4306922273641234 0.15685426288416562 
[5], 36, 15, 5, 0.001, 0.05, 1, False 1.5102186964445368 30.034266873955527 3.472084531390562 0.06854233670868161 2.3151847815775723 0.1359274009374056 
[10], 12, 1, 5, 0.001, 0.05, 1, False 3.6769548467473623 73.0915560405549 17.19843375876655 0.6041390141281707 4.062469313119966 5.181993981647652 
[15], 24, 10, 1, 0.001, 0.05, 1, False 1.6300088962574524 38.205634788384295 3.9142187789067138 0.14160206408194356 4.671105585541362 0.7425588009872256 
[5], 24, 1, 5, 0.001, 0.05, 1, False 1.5608019708552294 26.82492149632928 3.9179629828681954 0.23268001664606341 3.49578761709099 1.2177180885716383 
[20], 1, 5, 10, 0.001, 0.05, 1, False 2.2959955874002644 57.95103169599657 6.9744031102227595 0.02565432644444769 0.08907696400186642 0.044146983595611755 
[10], 24, 1, 5, 0.001, 0.05, 1, False 1.650391633850005 28.71524324719387 4.153610390545904 0.20855163871420887 3.6518496208504043 1.248522924785772 
[5], 36, 1, 5, 0.001, 0.05, 1, False 1.6905598768942849 30.137570077682554 4.318895670652052 0.37815771932404624 6.159801522750434 1.982573861583423 
[15], 1, 5, 10, 0.001, 0.05, 1, False 2.3027262411218277 57.96854279842183 6.953747122501668 0.0225655606971749 0.19055652189838193 0.0624645080303813 
[10], 1, 15, 5, 0.001, 0.05, 1, False 2.517823896588137 58.97234688719157 8.542083664939488 0.02959179122044311 0.13937293010634172 0.19555022775122624 
[20], 24, 5, 10, 0.001, 0.05, 1, False 1.3201316339722664 26.583292967823244 2.6322012856344514 0.05418829143668916 2.426851388123879 0.17581990906202685 
[15], 36, 10, 1, 0.001, 0.05, 1, False 1.478310794045252 33.327713050290924 3.5262109223566838 0.07761299470724868 1.8428687215356239 0.40791958812665186 
[5], 12, 1, 5, 0.001, 0.05, 1, False 3.104664228114093 67.42415626029768 12.557775826482045 0.212066022009565 4.213788288225164 1.527682663448003 
[10], 12, 15, 5, 0.001, 0.05, 1, False 2.1200352033876158 51.74270997302089 5.975051504024539 0.15899594535112171 4.078988977156719 0.8904717449833103 
[10], 36, 5, 10, 0.001, 0.05, 1, False 1.426019193932276 28.80516296105803 3.196419357570511 0.024267013660640893 1.5578241080282582 0.27027541960343077 
[20], 36, 1, 5, 0.001, 0.05, 1, False 1.262810566800612 24.40788338360368 2.567969774146809 0.26014865098396084 3.6431897795015558 0.9483304253558471 
[15], 12, 5, 10, 0.001, 0.05, 1, False 1.7958975634572132 44.48851323783244 4.699312978574821 0.05866701000722198 1.4919106202925838 0.3003129029634402 
[5], 24, 15, 5, 0.001, 0.05, 1, False 1.4358310130700744 32.29934059641463 3.1600424414721613 0.08324807805552999 3.0820713080945867 0.3181394612227676 
[5], 1, 15, 5, 0.001, 0.05, 1, False 2.6342563357204205 61.17917679611662 9.343262455378222 0.021444364694198574 0.1586727783117815 0.09442251740816529 
[20], 1, 10, 1, 0.001, 0.05, 1, False 2.6958755737377533 60.5846607963845 9.82384032453796 0.12545633995262678 1.7725689178096111 0.7238103869844806 
[10], 24, 5, 10, 0.001, 0.05, 1, False 1.4023374394272212 28.373780930929385 2.9067029787905 0.0630723000447186 2.300011911707184 0.2453007830635653 
[20], 1, 15, 5, 0.001, 0.05, 1, False 2.22341937718706 53.514454810771575 6.509229560233876 0.027361930040772347 1.1275895688939035 0.1250172055553552 
[30], 12, 1, 5, 0.001, 0.05, 1, False 2.328313201498585 57.55215054525056 7.453028433091201 0.05863218986358143 0.8287536683495127 0.5519008542922835 
[15], 1, 10, 1, 0.001, 0.05, 1, False 2.7838824461938607 61.83193545378114 10.391094093806558 0.061353071645121375 0.4749880244830382 0.380842834268038 
[30], 1, 1, 5, 0.001, 0.05, 1, False 2.381573345960567 55.294529943266234 7.767311445661831 0.08563529675857122 1.5923591333742924 0.6881685389136345 
[20], 24, 10, 1, 0.001, 0.05, 1, False 1.4641129539417175 31.27321183769192 3.298720047516619 0.04401040738491865 0.4558647100013988 0.04407037415082045 
[30], 1, 15, 5, 0.001, 0.05, 1, False 2.2089675581289665 53.85555740667427 6.244211978996835 0.012944658445474978 0.5143226038126466 0.06136860450351445 
[30], 12, 15, 5, 0.001, 0.05, 1, False 1.4648649833406566 31.932079925539437 3.203895783951415 0.052801310758230045 1.7105966887496988 0.14927301112992308 
[5], 1, 5, 10, 0.001, 0.05, 1, False 2.474003377467118 59.2364180557002 8.143407875875475 0.0980999179135347 0.7836942262077825 0.6456462046385988 
[10], 36, 10, 1, 0.001, 0.05, 1, False 1.6750072665202123 38.703614494849745 4.507504769457346 0.0519972664500465 1.1017705383652112 0.37617396137276193 
[20], 12, 15, 5, 0.001, 0.05, 1, False 1.4766656152007205 34.21662145829803 3.2531127425541886 0.06690814565278647 2.077994998069218 0.2779891901671768 
[15], 24, 1, 10, 0.001, 0.05, 1, False 1.5094824333830426 25.734890089979924 3.613265597288368 0.2599007686065833 3.0027630465537105 1.506413574887551 
[10], 1, 5, 10, 0.001, 0.05, 1, False 2.3409139179521135 58.89627401862197 7.1412219884685735 0.0444309320219777 0.8106941474187485 0.0812076958052646 
[15], 12, 10, 1, 0.001, 0.05, 1, False 2.2816287926087777 57.32598038900048 7.386270069122926 0.049968866991892374 0.4615148337657617 0.24747447065602413 
[15], 36, 1, 10, 0.001, 0.05, 1, False 1.487793349105589 27.205375791998193 3.4990115005678386 0.1392620074858758 1.6348072948775678 0.7975415907116523 
[30], 24, 1, 1, 0.001, 0.05, 1, False 1.9260343947708698 34.18064292877207 5.537793253397603 0.18730551520565553 3.7694290352607114 1.5065565024793055 
[10], 24, 10, 1, 0.001, 0.05, 1, False 1.5311635838373114 33.80353504046872 3.61738651759964 0.08098423859295527 1.829063157262128 0.5021811609035217 
[20], 36, 15, 5, 0.001, 0.05, 1, False 1.417319355732589 30.562455723623795 3.0437443389212144 0.0044103912829230206 1.3089336038434163 0.08613148852550108 
[5], 1, 10, 1, 0.001, 0.05, 1, False 2.621293292491248 61.835682343676474 9.322174492368296 0.021680423061826885 0.2729260146764122 0.0677818111105282 
[15], 24, 5, 1, 0.001, 0.05, 1, False 1.5651069335432517 34.97918431902435 3.427975538375776 0.08665139850037219 3.3369329660184195 0.585717137341879 
[15], 24, 10, 5, 0.001, 0.05, 1, False 1.4262081789749639 31.042269135285675 3.0896803817099023 0.013055291814470436 0.7850591741133447 0.07597397346209306 
[20], 12, 1, 10, 0.001, 0.05, 1, False 2.42505261946849 58.08861403479261 8.255428052249888 0.042370794010172234 0.7678741514982053 0.5339198972966963 
[20], 24, 1, 10, 0.001, 0.05, 1, False 1.4321408177467274 24.488982333321555 2.9776420321267465 0.15802546830575362 2.3134599991344067 0.6716224489850916 
[15], 36, 15, 10, 0.001, 0.05, 1, False 1.3116790489914516 26.328586568718986 2.6902428985620817 0.06609211772576525 1.4869449848136176 0.17068530149048972 
[20], 1, 1, 10, 0.001, 0.05, 1, False 2.0381635527505915 50.196651797908174 5.4232227324967965 0.04329303740663029 0.6237707466567749 0.2546462282246158 
[10], 1, 10, 1, 0.001, 0.05, 1, False 2.7006116664002615 61.5012625129813 9.862608067679796 0.0585884313802253 0.7037644949341081 0.37167452306127063 
[30], 1, 5, 10, 0.001, 0.05, 1, False 2.2812366373905983 57.68422202909597 6.880797204117699 0.022184626869220125 0.14150088200580924 0.012640325326714297 
[15], 36, 10, 5, 0.001, 0.05, 1, False 1.4060289843352856 28.664228807083862 3.0194905356767516 0.028245983453357628 0.5296624930650901 0.11684903434984398 
[15], 36, 5, 1, 0.001, 0.05, 1, False 1.430993231392845 30.51871104917277 3.187277174982094 0.09086932037977287 2.0236233493868245 0.13599553879740406 
[30], 12, 5, 10, 0.001, 0.05, 1, False 1.7245207144430392 41.865507322513885 4.28734659450669 0.012776526912046794 0.06145000635323975 0.03618135115056565 
[15], 24, 15, 10, 0.001, 0.05, 1, False 1.3982972839088352 29.216499047432347 2.970828548011245 0.01752361807582546 0.8683064287579546 0.11798313032351494 
[5], 24, 5, 10, 0.001, 0.05, 1, False 1.340172073058784 27.068160652065952 2.60466254028669 0.05141455438908992 1.4979355884384065 0.16359342410264532 
[15], 12, 15, 10, 0.001, 0.05, 1, False 1.5481206625631012 35.36405729855616 3.422620139129608 0.13791571268593228 4.177943839347049 0.6651667076835345 
[5], 36, 5, 10, 0.001, 0.05, 1, False 1.3165708080658483 25.390187013560737 2.5885723475718994 0.03546472750830528 1.628059182190687 0.16117921293577814 
[30], 1, 10, 1, 0.001, 0.05, 1, False 2.6549487987567706 60.52929748150343 9.444083459990074 0.04814670237131088 0.40139597459718923 0.37528012016791495 
[15], 1, 1, 10, 0.001, 0.05, 1, False 2.265218127580981 53.86636684194408 6.733229131496782 0.14736945938959564 2.337598470332796 1.1598777840643137 
[5], 12, 5, 10, 0.001, 0.05, 1, False 2.096638248709065 51.630628034367106 5.958500458872872 0.08942007232079088 3.226966009671173 0.33117322665045384 
[10], 36, 1, 10, 0.001, 0.05, 1, False 1.6174482189118864 27.644626408817302 3.9798846702050756 0.2979409068080681 3.2870853137998153 1.3684789813375582 
[15], 36, 20, 1, 0.001, 0.05, 1, False 1.507876848684693 34.07251253009634 3.5583609180296136 0.05388731401601076 1.5319493062353315 0.18886050906187338 
[10], 12, 5, 10, 0.001, 0.05, 1, False 1.8320518085698565 45.002150489722474 4.9577325101172995 0.029462445184105807 0.3444888686259987 0.1914895773941882 
[15], 12, 1, 10, 0.001, 0.05, 1, False 2.659538951452339 62.434449837255535 10.020732682012001 0.23591282252340157 4.428835431508259 2.3737923447232867 
[30], 12, 10, 1, 0.001, 0.05, 1, False 2.2125371795941007 55.39661649380528 6.799493008022126 0.16889435666597277 2.765968774388815 0.7262673276068271 
[20], 24, 15, 10, 0.001, 0.05, 1, False 1.3709448429928335 28.536802976215615 2.839413618812019 0.021554940094577 0.7027102870439914 0.06526444097253173 
[20], 12, 5, 1, 0.001, 0.05, 1, False 2.32314616366531 57.64001826275867 7.237847458912838 0.09137710040872124 2.1550934607207273 0.38069354736649025 
[20], 1, 5, 1, 0.001, 0.05, 1, False 2.8116211597083347 61.27748287653812 10.689566306010533 0.05572779613014024 0.46831421114464866 0.47436657723067477 
[20], 1, 10, 5, 0.001, 0.05, 1, False 2.392584605973766 59.55065002130744 7.079248859292387 0.013676952865539297 0.18373513964403262 0.03223533658790974 
[20], 24, 5, 1, 0.001, 0.05, 1, False 1.4372988688794 29.85619362430334 3.1375866481244348 0.038067096198835776 1.3611951759470475 0.08540767252735558 
[20], 24, 10, 5, 0.001, 0.05, 1, False 1.3918089281595145 30.68428692845653 2.940762949369845 0.001998378860145609 0.41278797053422617 0.09214805024367276 
[15], 24, 20, 1, 0.001, 0.05, 1, False 1.5271968181969393 35.770595904262045 3.635454817680877 0.049985829313629944 2.1568710338460657 0.30476768681480976 
[10], 1, 1, 10, 0.001, 0.05, 1, False 2.852683464960298 61.97672534405492 11.498357891016797 0.458452359462589 4.9817180277667985 3.3661344724867557 
[30], 36, 1, 1, 0.001, 0.05, 1, False 1.5899752594978998 29.33491404051576 3.7528081963957973 0.18782182281772808 1.8989383044665893 0.6851052713749888 
[5], 1, 1, 10, 0.001, 0.05, 1, False 4.872101780579908 76.3434386948608 30.497420773534614 0.6973487453215282 1.8050228128807422 7.888350962384088 
[15], 12, 20, 1, 0.001, 0.05, 1, False 2.3431287981673243 59.59056595513414 7.288335553886753 0.12987794850130183 1.1975762656517872 0.8080201298349953 
[15], 1, 10, 5, 0.001, 0.05, 1, False 2.413661036043669 59.07114247023298 7.327955681014039 0.026442117277513066 0.6235335958729601 0.20622176412752583 
[15], 1, 5, 1, 0.001, 0.05, 1, False 2.850425311236608 61.70686487392362 10.839305870169275 0.07851804754811115 0.5561318420675468 0.6937377763634407 
[10], 36, 5, 1, 0.001, 0.05, 1, False 1.7525908919534199 38.34188916076868 4.902033105772211 0.3131363611871317 9.003607344936967 1.4637124306148135 
[5], 36, 10, 1, 0.001, 0.05, 1, False 2.045106627019467 45.746842233054274 5.92230046548298 0.2838562329718665 8.235200089251267 1.1306005006174296 
[5], 24, 10, 1, 0.001, 0.05, 1, False 1.6686602563907702 38.71961410232797 4.672551690288823 0.1951131863999989 5.936181077244655 0.7691216971790439 
[10], 36, 10, 5, 0.001, 0.05, 1, False 1.3784730952060613 28.52814565360019 2.9309502168006936 0.040830489465301247 1.8756603605724163 0.20937089428701822 
[15], 12, 5, 1, 0.001, 0.05, 1, False 2.50964657081705 59.80124723097364 8.338363778390871 0.003288775071922677 1.089007547209622 0.2573174483744521 
[5], 12, 10, 1, 0.001, 0.05, 1, False 2.5297402868323307 62.20368455300653 8.733208003333557 0.054307933123911654 1.723827102511768 0.9066552098970923 
[10], 12, 10, 1, 0.001, 0.05, 1, False 2.36886537677298 59.448145447702416 7.897949716457514 0.07296702279599232 0.8132092865791718 0.5497238517311733 
[20], 24, 20, 1, 0.001, 0.05, 1, False 1.6358830087576752 38.56440215817548 3.7254999377665086 0.02734218155223751 1.7241616115091998 0.07050133718681333 
[15], 12, 10, 5, 0.001, 0.05, 1, False 1.791032554347206 44.6930649891639 4.64919812657758 0.06573077205947156 1.4659995221017954 0.21596037284537337 
[30], 24, 1, 5, 0.001, 0.05, 1, False 1.3520825421161675 24.05183057493329 2.6134291747845553 0.14565958475329682 2.1994310105986763 0.5770111620153331 
[5], 1, 5, 1, 0.001, 0.05, 1, False 2.71512563329328 61.39262136898912 10.080976395268499 0.1613049078242358 1.1392226200226654 1.2543417715430691 
[20], 36, 5, 10, 0.001, 0.05, 1, False 1.4156342719957509 29.31942641851285 3.0446873250753925 0.029861013645608437 1.1906227992196623 0.08134464302875323 
[15], 24, 5, 5, 0.001, 0.05, 1, False 1.3779337971919665 27.521451457930734 2.8946552376628087 0.04308577391360046 2.0798240062262603 0.23007737543665774 
[30], 12, 1, 10, 0.001, 0.05, 1, False 1.9578137761706282 49.25849309808596 5.214966123285026 0.16466060000661414 3.170660605111649 0.834049125050596 
[10], 24, 10, 5, 0.001, 0.05, 1, False 1.415607034753042 29.71057999540801 2.9652698402636495 0.06406039941781162 1.9692936410982091 0.24460413895466665 
[10], 1, 5, 1, 0.001, 0.05, 1, False 2.7316853476653775 61.510863563748764 10.029953996125206 0.06035861349613655 0.5131247357911719 0.4292353553417968 
[30], 1, 1, 10, 0.001, 0.05, 1, False 2.0130099747847354 53.196831025648265 5.5262331259219515 0.015430454901068438 1.4839002333467408 0.27587406634364064 
[15], 36, 5, 5, 0.001, 0.05, 1, False 1.5237314638371269 31.720057382170836 3.529289833930521 0.0877508963262401 4.195292112041746 0.31046313357257405 
[30], 36, 1, 5, 0.001, 0.05, 1, False 1.6232995734791513 29.974079682062865 4.114876117528378 0.013310118097257463 0.4115579620256442 0.0867870503532292 
[15], 1, 15, 10, 0.001, 0.05, 1, False 2.3092707388378955 55.61320138041696 6.701933427042367 0.07477416884137356 2.3823643847603098 0.25894465590716487 
[10], 36, 15, 10, 0.001, 0.05, 1, False 1.4278665187302977 28.690358263049138 3.0923434935944596 0.007641236497035559 0.8172413620842398 0.09727625857644083 
[20], 36, 10, 1, 0.001, 0.05, 1, False 1.418898051214853 30.286404094440716 3.1956604075373254 0.1188912115778947 3.0467592264644767 0.3540949567414107 
[30], 12, 5, 1, 0.001, 0.05, 1, False 2.2227180694298885 55.188334971763936 6.697305472870558 0.113698536893482 1.1676502100805675 0.4172839535014817 
[10], 24, 15, 10, 0.001, 0.05, 1, False 1.3941372685168905 29.44042113043154 2.9541505978526605 0.030592874655652882 0.9658910991024605 0.17346084485898786 
[30], 1, 5, 1, 0.001, 0.05, 1, False 2.7449287258950927 60.68898121635706 10.037402795233525 0.0826682876618131 0.6195429092398945 0.5737948306961224 
[30], 1, 10, 5, 0.001, 0.05, 1, False 2.392204875461067 59.72090582445812 7.048225529217633 0.010570495029229094 0.4503579010273895 0.023845968114081555 
[10], 1, 10, 5, 0.001, 0.05, 1, False 2.4383489855806584 58.79238645420648 7.58777629452582 0.03078824038979599 0.44387026474964153 0.32456418240630985 
[5], 1, 10, 5, 0.001, 0.05, 1, False 2.570075414219389 60.50980090622027 8.633940116224192 0.1437206846623105 1.3754115413172885 1.2019462863509263 
[20], 1, 5, 5, 0.001, 0.05, 1, False 2.3742927114444754 58.65244392479122 7.5815887005950735 0.09518097836171548 0.4932458969731612 0.5153515796287733 
[30], 24, 15, 5, 0.001, 0.05, 1, False 1.3911990825224805 30.346287829654443 2.9564757956669987 0.020647315108715487 0.6010827026391016 0.10992145658692536 
[20], 12, 5, 5, 0.001, 0.05, 1, False 1.8093533190363953 43.93307683493379 4.79330571852006 0.028668730547251275 0.9920426255640524 0.13517002559648106 
[5], 36, 1, 10, 0.001, 0.05, 1, False 1.509720748897504 28.113380672435905 3.512592725510265 0.19102610942624085 3.882100643074994 0.8466747106891206 
[20], 24, 5, 5, 0.001, 0.05, 1, False 1.3703703196960744 28.356922303754256 2.882620193120745 0.0556488849097881 2.1483738576883105 0.2447941925928048 
[10], 12, 1, 10, 0.001, 0.05, 1, False 2.948990118280657 64.1943619808422 12.899976692679823 1.134107782887643 15.33951941837264 8.907651771859182 
[15], 36, 20, 5, 0.001, 0.05, 1, False 1.3864340829145576 29.48055172376692 2.873261046495262 0.032329386558161095 0.6622792002499738 0.05263260412872036 
[5], 24, 1, 10, 0.001, 0.05, 1, False 1.5162016523191362 27.70790838217978 3.154430765172938 0.13877811261400466 1.728936903664571 0.6880120498936109 
[20], 36, 1, 10, 0.001, 0.05, 1, False 1.6438595221515884 28.186131458356524 4.225352648104285 0.1645557807068319 1.968877125231481 0.8361621480353275 
[15], 1, 20, 1, 0.001, 0.05, 1, False 2.564864543935767 60.92617894058329 8.941754928454353 0.06191417906582712 1.0662545360840643 0.3453347677770608 
[30], 12, 10, 5, 0.001, 0.05, 1, False 1.5980544515816426 39.573197440830064 3.8204966764987205 0.041801628887920855 1.797158565154755 0.1964723417896114 
[10], 24, 1, 10, 0.001, 0.05, 1, False 1.8346678403206171 29.675897330249075 5.010439824017744 0.2701663604506576 3.8065203841222868 1.4958785695100982 
[15], 24, 10, 10, 0.001, 0.05, 1, False 1.307566303321747 26.07726713585016 2.5881965931973467 0.011386266844963135 0.19254167655024465 0.08637768017236458 
[10], 36, 20, 1, 0.001, 0.05, 1, False 1.7279807421689233 41.745127900571326 4.20804422146394 0.1975113631253785 4.130250356035225 0.9408359068150375 
[5], 12, 1, 10, 0.001, 0.05, 1, False 2.694602918882716 63.518535589045975 9.571648205360813 0.4621702695066052 8.855120567966106 3.5258048727559355 
[30], 12, 15, 10, 0.001, 0.05, 1, False 1.2899805410213219 25.651278783401413 2.5482627823766038 0.03488945397993433 1.3244907312472378 0.21804586642782453 
[30], 1, 15, 10, 0.001, 0.05, 1, False 2.278268839767272 54.83487634980708 6.465355885682101 0.03748896398955351 1.0890343330161782 0.14165033200154217 
[15], 24, 20, 5, 0.001, 0.05, 1, False 1.3876035838180947 29.997725365273286 2.994958061174616 0.017234837758114983 1.1711977370093383 0.02570698287288865 
[10], 24, 20, 1, 0.001, 0.05, 1, False 1.6018276785258891 37.81976227377335 3.8010180187705545 0.0886427089761084 3.8517651736388436 0.33527485832102194 
[15], 36, 10, 10, 0.001, 0.05, 1, False 1.4224840498908804 28.31172719587468 3.0315793210581603 0.03638175207392528 0.5413436256722776 0.15130527540860528 
[30], 24, 5, 10, 0.001, 0.05, 1, False 1.355079103971797 27.67964934921365 2.7844992220317413 0.002972649245970477 0.1364298098601407 0.005459637276990841 
[15], 12, 20, 5, 0.001, 0.05, 1, False 1.627425778163942 38.31148363291658 3.711008094653311 0.24960619004951906 8.717078509541887 0.9139851285766672 
[15], 1, 5, 5, 0.001, 0.05, 1, False 2.4550832325696117 58.687642835776664 8.016183212677964 0.09189586746432597 0.7417857939041149 0.5942478884424024 
[10], 36, 5, 5, 0.001, 0.05, 1, False 1.5046814975225267 30.14614792514146 3.3325409241679833 0.027231620257957962 2.0077951790070463 0.15126321634390566 
[15], 12, 5, 5, 0.001, 0.05, 1, False 1.9766319827211127 48.531399387186745 5.420208105301708 0.11345834248589388 2.7420171853368704 0.4925535845455327 
[5], 36, 5, 1, 0.001, 0.05, 1, False 1.9895623777165181 44.8045133461857 5.950321323638715 0.04377950483936634 6.599406867569227 0.7229527231754009 
[20], 36, 5, 1, 0.001, 0.05, 1, False 1.5615117930393252 32.728208906659404 3.8324354077979534 0.06024215207550442 0.8426580827870126 0.06263080941418711 
[20], 24, 20, 5, 0.001, 0.05, 1, False 1.3625003967399676 29.633157943315805 2.812094031457743 0.016612505915511687 0.2937959527828697 0.0888887298461963 
[10], 12, 5, 1, 0.001, 0.05, 1, False 2.5765909052315963 61.21655349440989 8.46390170225632 0.07903295873862136 1.0985357588564488 0.42185167230526827 
[5], 36, 15, 10, 0.001, 0.05, 1, False 1.4551643087425166 29.79627145437044 3.1051348268574053 0.05090756112309595 1.3821599954059773 0.14174680981992624 
[15], 24, 15, 1, 0.001, 0.05, 1, False 1.5454856175825828 35.241182878591665 3.3906789212873036 0.040636942982999386 1.0309144260117638 0.09657287200436161 
[5], 24, 5, 1, 0.001, 0.05, 1, False 1.7327454072906188 39.628720917799846 4.708384468085027 0.23658515085729825 7.639074673061059 1.161548789025217 
[30], 12, 20, 1, 0.001, 0.05, 1, False 2.1978170326669457 54.19494795466963 6.329171472374132 0.204236005243836 5.6965076035799855 1.0331446554400907 
[30], 1, 20, 1, 0.001, 0.05, 1, False 2.5744845016893962 60.39402466440942 8.90758329763766 0.041258010174725364 0.5225782432195324 0.22546946482435665 
[20], 1, 10, 10, 0.001, 0.05, 1, False 2.436761006926773 59.56380547297889 7.19635403659444 0.006060504758205985 0.20889140611535428 0.0394741506946399 
[10], 24, 5, 1, 0.001, 0.05, 1, False 1.4217283030971888 30.017166464662456 3.3085833227922383 0.10162402740815846 3.7791840237481265 0.2966665144359253 
[15], 36, 15, 1, 0.001, 0.05, 1, False 1.5668861151224487 36.42343617955587 3.7789304403016977 0.1022353231664818 3.6755978601851282 0.44778137057457507 
[30], 24, 10, 1, 0.001, 0.05, 1, False 1.396440974381511 30.31860773473693 3.1200568504141066 0.06465789189874016 2.3223343956873324 0.22070113928896487 
[20], 24, 10, 10, 0.001, 0.05, 1, False 1.345268894052478 28.007651478922085 2.7854786618729945 0.012747416883457765 0.664694722101751 0.027415542986756518 
[5], 12, 5, 1, 0.001, 0.05, 1, False 2.5487756545000053 61.22493978434704 8.892759605852124 0.12456343691704067 1.0760522496041585 0.7339979625084012 
[30], 36, 5, 10, 0.001, 0.05, 1, False 1.3822772987911272 27.673816427300647 2.9369613182985312 0.011250122761643706 0.4095730513477331 0.004385310036348837 
[5], 1, 5, 5, 0.001, 0.05, 1, False 2.789452178234718 61.93063133482997 10.502347966128466 0.056045495591654976 0.7650843346998842 0.5154136212717101 
[10], 1, 5, 5, 0.001, 0.05, 1, False 2.5636364800924505 60.115864386224125 8.772589956847314 0.10600203752760369 1.0231706083066212 0.6945563659119952 
[30], 12, 5, 5, 0.001, 0.05, 1, False 1.6413041309022383 40.02412600813491 4.117950598135763 0.023267387770299113 2.1361837977312432 0.23741577406630127 
[5], 36, 10, 5, 0.001, 0.05, 1, False 1.412970148547794 30.34004383272966 3.024886116694608 0.018623632942949636 0.7828814660338784 0.18057504342084593 
[30], 36, 1, 10, 0.001, 0.05, 1, False 1.654265699404533 31.282415912877827 4.321727458246909 0.03725994961654594 0.716853911164961 0.2037085967582144 
[10], 12, 10, 5, 0.001, 0.05, 1, False 2.010619137829377 49.67950910934787 5.672354295410408 0.17262423849442102 4.710388240181716 0.7186751457881507 
[5], 24, 10, 5, 0.001, 0.05, 1, False 1.3650422531145594 30.07295441285092 2.7760064487090492 0.019911518253498624 0.19373729249139743 0.12186638266098428 
[30], 36, 10, 1, 0.001, 0.05, 1, False 1.4196639275971663 29.430093270418904 3.24165365706704 0.018549128561792257 1.5728852164593294 0.1331594144740147 
[5], 36, 20, 1, 0.001, 0.05, 1, False 2.038971365253545 49.81287011137295 5.840982163715509 0.2364074262397876 6.998665942287766 1.562429616657099 
[10], 1, 15, 10, 0.001, 0.05, 1, False 2.235119962657768 52.41595767480007 6.530628127764481 0.07841786971834981 2.1900959028293863 0.3172642146787144 
[30], 1, 5, 5, 0.001, 0.05, 1, False 2.318266825188227 58.05528301730939 7.324914584441324 0.0516118899448824 0.03602014482172537 0.2166365858380987 
[5], 12, 10, 5, 0.001, 0.05, 1, False 2.192570264637471 53.59789321958042 6.380773102682245 0.09398802915892086 2.24089294082583 0.3746900558336823 
[20], 1, 15, 1, 0.001, 0.05, 1, False 2.7585778194376167 61.80486965506651 10.052235400321111 0.022128465503544074 0.05394270659623559 0.1393856350884921 
[20], 36, 15, 10, 0.001, 0.05, 1, False 1.394735096781342 28.4548115096306 2.9512311676936096 0.021774621679763993 0.9549053410092587 0.0685726547242905 
[20], 24, 15, 1, 0.001, 0.05, 1, False 1.5362272930503995 34.7365775639803 3.4680294457229137 0.05940660051239925 2.6596194768332566 0.2853711076390727 
[10], 12, 15, 10, 0.001, 0.05, 1, False 1.7132540100495575 40.180602060356044 4.1880350814265475 0.2910524471201877 10.889766536133763 1.2556530368745156 
[20], 36, 10, 5, 0.001, 0.05, 1, False 1.3940786705697301 29.195588136846343 2.940144421093395 0.045249403406070435 1.2543472540063008 0.10822776624129361 
[30], 36, 5, 1, 0.001, 0.05, 1, False 1.4970710180596347 31.184183652234623 3.487276430686832 0.0940240877351916 1.5735545370118147 0.3860402562404845 
[20], 1, 15, 10, 0.001, 0.05, 1, False 2.251752754452604 53.88153359961666 6.388038967852534 0.021041913616217076 0.37799217193565754 0.07578555382402982 
[5], 24, 15, 10, 0.001, 0.05, 1, False 1.35487356963395 27.921501473578484 2.8460664038535026 0.07922284278126113 2.011828062127366 0.2951361246839556 
[5], 12, 15, 5, 0.001, 0.05, 1, False 2.288291558281829 57.315947557972976 6.855627405178275 0.1324728480664613 3.839380099029212 0.6745895041210423 
[5], 1, 15, 10, 0.001, 0.05, 1, False 2.635111462317959 60.54575022110016 9.231131025750715 0.15013569393693443 2.2848052997935597 1.180740275613483 
[30], 36, 15, 5, 0.001, 0.05, 1, False 1.365492270221175 28.89438441628998 2.849965062417871 0.04345875235353385 1.307590944718064 0.1452978648512775 
[10], 1, 20, 1, 0.001, 0.05, 1, False 2.705143324168468 62.286301634445984 9.717808283118629 0.051256714987543486 0.4687705125048094 0.32512926417553706 
[20], 36, 20, 1, 0.001, 0.05, 1, False 1.5246434519412342 33.9258276874392 3.458211564239081 0.07804979304502005 2.94040229736696 0.29423420425345503 
[15], 1, 10, 10, 0.001, 0.05, 1, False 2.42878522100617 59.238619744713866 7.199953523408927 0.011863757419248798 0.5087943021451976 0.07582175027684766 
[30], 24, 1, 10, 0.001, 0.05, 1, False 1.4574885265763715 25.43432114675352 2.9676000080558285 0.04256674839356275 0.8027070093493923 0.1846788921078637 
[10], 36, 10, 10, 0.001, 0.05, 1, False 1.4360489033473038 28.799752223295982 3.055116832878855 0.09301482918293165 2.703183826304848 0.2466673349628897 
[10], 12, 20, 1, 0.001, 0.05, 1, False 2.438971441328802 59.307887592151104 7.883804445672777 0.07673657180757727 1.270415308371953 0.7056354161170582 
[15], 1, 20, 5, 0.001, 0.05, 1, False 2.3700122126205656 56.11010497284119 7.527466585681509 0.1513332214562525 2.970776507375056 1.1171834676411116 
[10], 36, 20, 5, 0.001, 0.05, 1, False 1.4993778734433432 31.700847855123357 3.3831609851708015 0.02542305739945431 0.579119150788434 0.11178097831945068 
[10], 24, 20, 5, 0.001, 0.05, 1, False 1.322569792783233 27.593733958784213 2.687494563937481 0.03785982059872021 1.1691287835081987 0.22876780235104283 
[20], 12, 15, 10, 0.001, 0.05, 1, False 1.3667159474109887 28.052041689921214 2.7480859850479824 0.05169726210324764 2.892225509037002 0.08120558222410408 
[15], 12, 10, 10, 0.001, 0.05, 1, False 1.7426249064988009 42.61656069471065 4.445092591539311 0.04605539203679423 1.471258019070027 0.3595944026108451 
[10], 24, 10, 10, 0.001, 0.05, 1, False 1.382958924335738 29.09964408230695 2.9758331434551533 0.05720925147153598 2.1511764726510902 0.2266344362811109 
[20], 36, 5, 5, 0.001, 0.05, 1, False 1.428095735764752 29.583348266533097 3.062797067112333 0.0063312960709604295 0.5700437835824949 0.019393841977543035 
[30], 36, 10, 5, 0.001, 0.05, 1, False 1.2997846140250289 27.072135011842906 2.698339891060943 0.021347162059784843 0.6429760207917858 0.04383496842618808 
[20], 1, 20, 1, 0.001, 0.05, 1, False 2.6943552282880305 61.78118915301477 9.664549589593117 0.10793213351966428 0.36979289056405457 0.5979965237050204 
[15], 1, 15, 1, 0.001, 0.05, 1, False 2.7365292208407213 61.16022926474071 9.985521569951004 0.13026102176107102 1.1155130509085438 0.8096799521483528 
[30], 24, 5, 1, 0.001, 0.05, 1, False 1.4187820941692706 28.93555493003109 2.9643880785859484 0.009648269311683298 1.0710813324949273 0.12328901067767273 
[5], 24, 20, 1, 0.001, 0.05, 1, False 2.191841995550527 53.579062284239654 6.813005653459161 0.09320426458897108 3.5648692299590534 0.619130104092288 
[5], 1, 20, 1, 0.001, 0.05, 1, False 2.6043077238869885 62.479310089050934 9.206172275808024 0.07264759585283417 0.49305364325157863 0.3988187049563213 
[10], 36, 15, 1, 0.001, 0.05, 1, False 1.673282722204372 39.1525381623129 4.4319173745051055 0.04433015272361595 2.1059177998022065 0.43278791197475824 
[30], 12, 20, 5, 0.001, 0.05, 1, False 1.4096900007842732 28.628053416893252 2.9809869866518017 0.10920961492066288 3.165433095069142 0.38447527003284654 
[30], 1, 20, 5, 0.001, 0.05, 1, False 1.769875977729896 41.61324297448106 4.079258873984901 0.057529932629321795 1.5644471659292074 0.2976314000416724 
[30], 1, 10, 10, 0.001, 0.05, 1, False 2.417761406533558 59.73360208309369 7.121289537464217 0.008843461003460439 0.1895234827540513 0.04330307919691012 
[5], 36, 5, 5, 0.001, 0.05, 1, False 1.381898357529469 27.76892687999505 2.8693002028552446 0.01648128309495248 1.7096575275456567 0.12445545235093962 
[10], 12, 5, 5, 0.001, 0.05, 1, False 2.1725645895943875 53.27803387925169 6.1974103150957705 0.1068746383200419 2.7388386206084325 0.32444194047405656 
[30], 24, 10, 5, 0.001, 0.05, 1, False 1.3769152711559502 29.66687276767436 2.890007894451642 0.06523530796685978 1.9294541424279923 0.22429423995570338 
[15], 12, 15, 1, 0.001, 0.05, 1, False 2.4364536040152114 60.39536998461065 7.721753572391635 0.07501936554442194 0.5024527814417308 0.34649968461459896 
[5], 24, 5, 5, 0.001, 0.05, 1, False 1.35330262541495 27.336974856062692 2.742504123497058 0.03784698039257837 2.2218101890823996 0.059217081517609134 
[10], 24, 15, 1, 0.001, 0.05, 1, False 1.720785509284448 40.96153385149861 4.212190920807362 0.12636466412855737 4.0013978587927745 0.5329224168782812 
[20], 24, 20, 10, 0.001, 0.05, 1, False 1.411346024033372 29.203565021631025 2.9823653023022145 0.035456457359372445 0.9904204214949566 0.12454282941547228 
[10], 24, 5, 5, 0.001, 0.05, 1, False 1.3269546806156913 26.265419989664295 2.52735442056604 0.031882525819156 0.8804084165033129 0.09409767832222651 
[30], 36, 5, 5, 0.001, 0.05, 1, False 1.3720573193221182 28.556958006171058 2.9543458063499304 0.02230357064064101 1.2350968709491597 0.07136404206712905 
[20], 12, 20, 1, 0.001, 0.05, 1, False 2.259125117102155 58.09822595935276 6.6511525443778785 0.0779089823899492 0.9087935869848776 0.5214590663032926 
[5], 12, 5, 5, 0.001, 0.05, 1, False 2.268320892747768 53.46684816327212 7.420991685584216 0.0838859901319243 1.5007157243094789 0.8770705655015039 
[30], 12, 10, 10, 0.001, 0.05, 1, False 1.5621405268363933 37.40410717030528 3.648635272395645 0.04779598531033351 1.9197196734501902 0.233516562919242 
[30], 1, 15, 1, 0.001, 0.05, 1, False 2.6984727857427466 61.17976161324214 9.64861973858997 0.06563493098791387 0.4938979158532767 0.4157617952564225 
[20], 12, 5, 10, 0.001, 0.05, 1, False 1.7230164645895087 41.958016786424274 4.35291816024444 0.02082494994905348 0.8691146673772361 0.1768926384797077 
[15], 36, 20, 10, 0.001, 0.05, 1, False 1.4429356399716602 28.580016035067533 3.138225542261697 0.03460662957463007 1.3742412313451424 0.15830692559725087 
[30], 12, 15, 1, 0.001, 0.05, 1, False 2.233808791347676 55.11744726248268 6.346086104460731 0.08499946360862484 3.324058895511276 0.605234315538496 
[15], 12, 20, 10, 0.001, 0.05, 1, False 1.5399260829909949 32.7829535631112 3.378906449646003 0.12693378128641508 7.092512093126229 0.5390322385182295 
[10], 1, 10, 10, 0.001, 0.05, 1, False 2.463750267325452 58.76007930927094 7.564143631080792 0.028967477801693516 0.7626553052906312 0.19849332347644377 
[15], 24, 20, 10, 0.001, 0.05, 1, False 1.387831953899176 28.525244377165674 2.8543217939722942 0.05048161897983224 1.6011836200281968 0.137933764569907 
[5], 36, 20, 5, 0.001, 0.05, 1, False 1.433139897365537 29.747631288283955 3.324115517734802 0.03232471600420572 1.6356266954640462 0.2576159695643662 
[20], 12, 10, 1, 0.001, 0.05, 1, False 2.3279610431235693 58.12953642053014 7.490991296855229 0.10016188309005916 1.367916164604665 0.5251114539198892 
[5], 1, 10, 10, 0.001, 0.05, 1, False 2.5480273569002754 59.508366480027014 8.438682213830782 0.11582045672021427 1.3319495789646945 1.0362371485458794 
[30], 24, 15, 10, 0.001, 0.05, 1, False 1.372805668282564 29.269324795969524 2.7852751265476736 0.006195300885846285 0.5351361027145486 0.02869894641718448 
[10], 1, 20, 5, 0.001, 0.05, 1, False 2.510729459283391 59.23549710443243 8.539361589767 0.051808427989016574 1.124678413902924 0.3070756830403681 
[10], 1, 15, 1, 0.001, 0.05, 1, False 2.5854701594553062 61.26913231927973 9.076260094109458 0.10416848351232047 1.0351398908158318 0.5560549016914351 
[20], 36, 20, 5, 0.001, 0.05, 1, False 1.3569607582219223 28.46440012874039 2.863273210176477 0.048757324822153884 1.6227718405748752 0.11677749051897832 
[5], 1, 15, 1, 0.001, 0.05, 1, False 2.7375633481338073 61.61655570573146 10.04109843022814 0.1680633402883761 0.6117232883112012 0.9962258379759961 
[10], 12, 20, 5, 0.001, 0.05, 1, False 2.226266256871599 55.87741540426233 6.372643017336249 0.013089428386657526 1.4111945738176221 0.12885633831116425 
[30], 24, 20, 1, 0.001, 0.05, 1, False 1.5372912539272674 33.557592471630784 3.485652727392297 0.05875122268487242 1.493760553581852 0.35259945448612484 
[30], 24, 5, 5, 0.001, 0.05, 1, False 1.3267436133249217 26.679594080403334 2.612349062014251 0.051710196512048306 2.2336665542620144 0.2163700732435478 
[30], 36, 10, 10, 0.001, 0.05, 1, False 1.377585950674903 28.211981854493132 2.9544471247889663 0.02972619387474908 0.7973475314643552 0.08483538836980753 
[5], 24, 20, 5, 0.001, 0.05, 1, False 1.4079533946217488 30.483521041213407 3.0759541364591527 0.02929410036222016 1.1215432398962613 0.19070679395753684 
[20], 36, 10, 10, 0.001, 0.05, 1, False 1.4366938833802665 28.964958415803753 3.0968275174630424 0.019786935795935972 1.065637156972029 0.09956683961850728 
[5], 36, 10, 10, 0.001, 0.05, 1, False 1.5697255708622155 32.963067675308594 3.5444065166718346 0.03964723010177139 1.951581202045359 0.25064323165467284 
[10], 12, 10, 10, 0.001, 0.05, 1, False 1.8648029250127298 45.14016514182822 4.808711816024703 0.06385455702250495 2.1665504989118607 0.5124014806096344 
[30], 1, 20, 10, 0.001, 0.05, 1, False 1.8712198052693296 45.006142205446984 4.461472916830657 0.05434086903827357 1.877480210814215 0.2035350023404796 
[15], 1, 20, 10, 0.001, 0.05, 1, False 1.9443761425437749 45.653973873118794 5.009729693009137 0.10941223487161872 3.5759404898106713 0.486194099782982 
[5], 1, 20, 5, 0.001, 0.05, 1, False 2.5791149365060306 61.49835808666566 9.020633988149664 0.06065156547997146 0.8010465622798617 0.34177719989507677 
[5], 24, 10, 10, 0.001, 0.05, 1, False 1.344222060225352 27.841475276177665 2.809229122601353 0.051075099325475874 1.6126628619007568 0.08431288641397808 
[30], 36, 15, 1, 0.001, 0.05, 1, False 1.50351917659174 33.09624519893169 3.592746874667221 0.02440320371224869 1.5782009824139855 0.1114299978840139 
[20], 1, 20, 5, 0.001, 0.05, 1, False 1.811309799532993 42.91298946199245 4.3785361911496645 0.09583839135781015 2.8864956928004215 0.38200493520441886 
[10], 36, 20, 10, 0.001, 0.05, 1, False 1.420556258008367 28.297061975991074 3.0079369021457105 0.09836217040431287 2.6975955970070546 0.3770005120458515 
[10], 24, 20, 10, 0.001, 0.05, 1, False 1.406820726477438 29.805665025307487 2.875389511103545 0.031746512089747055 0.8224573069867493 0.10456258454469068 
[20], 36, 15, 1, 0.001, 0.05, 1, False 1.4438237565569583 31.256974133387512 3.475062888695941 0.05808468865894862 2.9227066567019535 0.21346398938315064 
[30], 12, 20, 10, 0.001, 0.05, 1, False 1.3359015982529083 27.79242960649056 2.7909632461931673 0.10622232386789073 4.824374648737072 0.2943678990020388 
[5], 12, 10, 10, 0.001, 0.05, 1, False 2.059234174461691 49.91668525860925 5.848144070990021 0.2221397577985504 6.696193335859452 0.9556751146090628 
[5], 36, 15, 1, 0.001, 0.05, 1, False 1.980658967906816 46.287759423571735 5.611657595436701 0.32079254354214143 8.70771305310303 1.930404827308851 
[10], 12, 15, 1, 0.001, 0.05, 1, False 2.5407182593381523 61.75593199299408 8.231652615210866 0.15228381442985295 1.377280676782756 0.8625527277328693 
[20], 12, 20, 5, 0.001, 0.05, 1, False 1.5321615193315126 34.71093804890463 3.2325524533520054 0.13586735087690074 3.941562977361726 0.40074205995503503 
[5], 24, 15, 1, 0.001, 0.05, 1, False 2.324346104029704 55.722173273913505 7.295243085281654 0.30118983018051954 5.876782423630529 1.8155161140054248 
[20], 12, 10, 5, 0.001, 0.05, 1, False 1.6513837570428025 41.13955897575253 4.0587817612108745 0.06211472314104706 0.9719511534006617 0.27233119627369595 
[5], 12, 15, 10, 0.001, 0.05, 1, False 2.1996340495534246 54.388808727716736 6.544562560762894 0.16259471870452405 2.68904213178096 0.5118785687853872 
[30], 36, 15, 10, 0.001, 0.05, 1, False 1.33527982449504 27.37898432531635 2.7540497507123347 0.02725334021327146 0.7633651758811884 0.14844597611090238 
[5], 12, 15, 1, 0.001, 0.05, 1, False 2.417063964282473 59.32542123370658 7.832360563494251 0.10353127677263096 1.4805203231431805 0.8563681605483493 
[5], 12, 20, 1, 0.001, 0.05, 1, False 2.360946582278444 58.28698802813739 7.714482958255478 0.2064890586307285 5.552551435976344 1.3662110555315692 
[30], 24, 10, 10, 0.001, 0.05, 1, False 1.3590879174777204 28.691092531346836 2.831338419426753 0.026663227530368858 1.038067782089262 0.07678634388760062 
[30], 24, 20, 5, 0.001, 0.05, 1, False 1.3931942496138314 30.222374464294344 2.9690882013363797 0.02575496746231118 0.49978078795688796 0.08348977881067439 
[30], 36, 20, 1, 0.001, 0.05, 1, False 1.5228957927647844 32.9833273277271 3.577209083051084 0.040878374153645265 0.612552182509614 0.3012238994377314 
[30], 24, 15, 1, 0.001, 0.05, 1, False 1.5758614089339973 35.379295824112425 3.5996466348131384 0.06645305044094668 2.2662172718079923 0.0684344590101738 
[5], 24, 20, 10, 0.001, 0.05, 1, False 1.3746459844901608 28.795680459896474 2.71065987025627 0.03422052353815999 1.7455380645659129 0.06914129187274966 
[5], 36, 20, 10, 0.001, 0.05, 1, False 1.3986277409311798 28.24616116705711 2.9666343054731676 0.03683638265935151 2.1917686996871155 0.2233893003191698 
[10], 1, 20, 10, 0.001, 0.05, 1, False 2.1745832692521314 51.644447461311245 6.27718847404865 0.08120456828056774 1.6809629979244192 0.30400584334210207 
[10], 12, 20, 10, 0.001, 0.05, 1, False 2.114558399406572 51.71732057059083 5.843177230796319 0.09300106185077471 2.734185816216621 0.6540809896679459 
[20], 36, 20, 10, 0.001, 0.05, 1, False 1.356785402617728 27.708197363293277 2.8720801043096427 0.024851352212640232 0.6746524604243131 0.0615010748355152 
[5], 12, 20, 5, 0.001, 0.05, 1, False 2.4049012406384223 60.12042575827764 7.28420341352192 0.07278728765662526 1.5797787640972343 0.3647249987947562 
[30], 36, 20, 5, 0.001, 0.05, 1, False 1.3715306943696406 29.213126278036423 2.8924052938048077 0.03438012765185327 1.059102458763487 0.09926464157344224 
[20], 12, 10, 10, 0.001, 0.05, 1, False 1.6859281520428206 41.93583689131095 4.267316925038236 0.013941517944281452 0.341092031382784 0.0984383279612706 
[5], 1, 20, 10, 0.001, 0.05, 1, False 2.527518716933965 58.46070092851202 8.536393842383058 0.18538891839160615 3.8657826758259572 1.3459381411594105 
[20], 1, 20, 10, 0.001, 0.05, 1, False 2.078967571199906 49.79340372497341 5.538156643126253 0.17628623271387317 4.501368762592127 0.7703687112363664 
[20], 12, 15, 1, 0.001, 0.05, 1, False 2.3316809517296933 58.721800189209546 7.274554865727001 0.040003696219668664 0.9627638135477231 0.2464664555354142 
[30], 24, 20, 10, 0.001, 0.05, 1, False 1.3420453367927285 28.312289035463863 2.717987491513052 0.03993938460481065 1.1204626361281613 0.12345777213655837 
[20], 12, 20, 10, 0.001, 0.05, 1, False 1.361160285163809 27.907273028927065 2.8150795304306055 0.015534670897553237 0.9571901475025467 0.16418479928060137 
[5], 12, 20, 10, 0.001, 0.05, 1, False 2.224388563701952 55.12886985209722 6.554788161822376 0.1175716723614745 2.4483275079401436 0.5735057910436517 
[30], 36, 20, 10, 0.001, 0.05, 1, False 1.3500029579977746 27.827746892682587 2.9042501025774166 0.025582335999342128 0.8765983604264259 0.11334573972864621 
