layers lag time_steps epochs l2 learning_rate mean_mae                         mean_mape mean_mse std mae std_mape std_mse 
[5], 24, 1, 1, 0.001, 0.05, 1, False 3.858186016033438 35.65192600450104 25.694665376186055 1.0975401610624196 11.305303678250668 14.339077286386066 
[10], 12, 1, 1, 0.001, 0.05, 1, False 6.887543280903439 61.55585353667086 70.40420495775595 1.8168805802304997 17.776272972923234 34.144387981872846 
[15], 24, 1, 1, 0.001, 0.05, 1, False 4.7912169520118 43.50435316222729 40.46252067030116 0.9187941377562728 7.921392620145201 14.672544598944881 
[15], 36, 1, 1, 0.001, 0.05, 1, False 3.167097332438938 28.77453691016511 14.881946455214573 0.39014353076097685 3.764047205959704 5.015145341006428 
[15], 1, 1, 1, 0.001, 0.05, 1, False 6.028333318395609 54.389053650725714 43.345340247155804 0.1826037413645567 1.7935558062252213 2.227350739600331 
[20], 1, 1, 1, 0.001, 0.05, 1, False 6.683469237126755 60.53847775583525 51.91274790711657 0.3776023438486096 3.4799191192956305 5.22619060924338 
[15], 12, 1, 1, 0.001, 0.05, 1, False 6.0262343340167455 54.160039345846464 60.31034310504771 0.5658433293725518 4.594525758646877 5.9492567529138505 
[10], 36, 1, 1, 0.001, 0.05, 1, False 5.1003787290983995 47.129581632909826 41.75269265065276 0.7196231605481271 6.120948837519436 13.279794849007803 
[10], 1, 1, 1, 0.001, 0.05, 1, False 5.986119791228945 53.9009015094679 43.42153597569234 0.6350974295064743 6.029986619354505 7.684610253475314 
[10], 24, 1, 1, 0.001, 0.05, 1, False 3.7744059468550546 34.07642315895793 27.028926449499796 1.0275001274547317 10.684492928451876 13.697582815908175 
[5], 36, 1, 1, 0.001, 0.05, 1, False 2.571240430670205 22.991908705823985 11.510194021212818 0.2376649670645634 1.345888097738236 2.6598558843773805 
[30], 24, 1, 1, 0.001, 0.05, 1, False 3.901327418661849 36.068297342248634 27.240730101465157 0.4645232943870683 4.95603877945882 5.903388241353687 
[30], 36, 1, 1, 0.001, 0.05, 1, False 4.663699720794965 43.768329574762 30.14088663583212 0.7504226053753918 7.34767031742878 7.443715267298199 
[20], 24, 1, 1, 0.001, 0.05, 1, False 4.14310615999124 37.906058519776785 29.859340262371173 0.4617317318893073 5.602624313758575 6.916098697091758 
[30], 1, 1, 1, 0.001, 0.05, 1, False 6.116452575250771 55.13942989551074 44.44297285196287 0.18342089021493224 1.775865288436578 2.3351132662326135 
[30], 12, 1, 1, 0.001, 0.05, 1, False 7.1148223631858984 64.92005532390662 80.32773638806181 1.686188470517839 15.623199223445182 29.37633753640983 
[20], 12, 1, 1, 0.001, 0.05, 1, False 6.181970335754428 55.27640712169347 63.97402736874739 1.0837057972429518 10.533415555696216 16.40441016247572 
[20], 36, 1, 1, 0.001, 0.05, 1, False 3.7303884779741234 33.96532049249527 20.89208480239775 0.35383482233849134 4.141971670130505 2.324841875882536 
[5], 12, 1, 1, 0.001, 0.05, 1, False 5.412187542956047 48.022252832725485 53.40799799152401 1.8159428597263956 18.226506906544223 34.89881471096035 
[5], 1, 1, 1, 0.001, 0.05, 1, False 5.598604036883141 49.939167729764854 38.81257503775967 0.742757812982141 7.397830725471338 8.320044534170536 
[10], 24, 1, 5, 0.001, 0.05, 1, False 4.577906658872963 43.20058504130023 35.16103203753724 0.0464185153223258 0.30352142773309326 0.26576935949506175 
[5], 24, 1, 5, 0.001, 0.05, 1, False 4.025188069581485 38.10537061234663 28.885637858493357 0.7695375551398304 7.502548516166909 10.236206400788385 
[10], 24, 15, 5, 0.001, 0.05, 1, False 3.02661850621441 28.545735602138958 12.414079066856928 0.12510954311103925 1.6318892135998586 1.124931599659637 
[10], 12, 1, 5, 0.001, 0.05, 1, False 9.094119133797143 84.09131477764862 105.95373093140972 2.293674944267383 20.268210998147303 38.21837232364595 
[30], 12, 15, 5, 0.001, 0.05, 1, False 2.9294562752669058 25.466264632345908 15.082262724452514 0.058396670161365384 0.7005034074713968 0.6611274167137325 
[30], 24, 1, 5, 0.001, 0.05, 1, False 4.818488962537203 45.97990829560141 37.33479377516974 0.8344853678977657 8.009408974746545 11.8138936575718 
[30], 36, 15, 5, 0.001, 0.05, 1, False 2.971743697348845 27.93141666805767 10.984273607055973 0.1489111743331615 0.9212131437297724 0.8996518227315705 
[5], 12, 15, 5, 0.001, 0.05, 1, False 3.4582027555891766 30.82267834408303 20.49320979686648 0.09811623213113667 0.3652587633586536 1.4941856261056976 
[30], 36, 1, 5, 0.001, 0.05, 1, False 4.213328224393814 39.944311807807956 24.325876029530875 0.25093374294519494 2.81459784167753 3.063127491822283 
[30], 24, 15, 5, 0.001, 0.05, 1, False 3.423411444740163 31.83802446404435 13.707483135529225 0.0956841186733671 1.0046586146515757 0.7963217291881011 
[5], 24, 15, 5, 0.001, 0.05, 1, False 2.8730330130257813 26.993348096388132 13.41941691464603 0.18272230818949728 2.5522556741644666 2.7176092643212146 
[10], 1, 15, 5, 0.001, 0.05, 1, False 4.75532954360048 40.564733772303725 36.74100587717416 0.1892192330170001 2.123531938082768 1.7295280052681763 
[10], 12, 15, 5, 0.001, 0.05, 1, False 2.9980493661878564 27.41995325748893 16.16923934398808 0.22965851627333736 0.8113558385772843 3.267430252672383 
[15], 36, 1, 5, 0.001, 0.05, 1, False 5.5104730800572455 51.5326479524828 43.96797183573357 1.6213658287050925 15.094375395528951 23.658978330796227 
[15], 24, 1, 5, 0.001, 0.05, 1, False 5.063893044042118 47.787301244881576 43.97132109982493 1.2257269155767068 12.180183768586407 18.01423876338509 
[15], 1, 1, 5, 0.001, 0.05, 1, False 2.7287383364789464 23.559554318948415 11.103924223545583 0.24469764079648343 1.8563026516786616 2.1909300680457284 
[15], 24, 15, 5, 0.001, 0.05, 1, False 3.1156940564927136 29.66042079570339 12.073515207068679 0.12812046048126152 1.1567173565614532 0.817102223426965 
[20], 1, 1, 5, 0.001, 0.05, 1, False 2.3136494747466516 20.78960888993787 8.466493087093914 0.6600629293424299 4.9244241103656705 4.9676668968316875 
[10], 36, 1, 5, 0.001, 0.05, 1, False 3.9816216184161566 36.94542978623934 23.102134179014172 0.7706900085739935 8.157425650878135 10.141600640055822 
[15], 1, 15, 5, 0.001, 0.05, 1, False 4.883827530430562 41.88063274819831 37.545197925212655 0.05765360747497133 0.7628780101181166 1.0634413624567018 
[15], 12, 1, 5, 0.001, 0.05, 1, False 8.028285826493004 75.03714096216969 95.88758787769541 0.185701545032287 2.5845438246827777 4.715200676431399 
[15], 36, 15, 5, 0.001, 0.05, 1, False 3.2175307980048715 30.72206141802489 12.511635715505411 0.32874011034384143 3.3600960091967256 2.1071544436681635 
[10], 24, 5, 10, 0.001, 0.05, 1, False 3.255689455554993 28.658604144431255 15.868589778400908 0.1485316715935396 1.5208979645785548 0.9617626268965809 
[10], 1, 1, 5, 0.001, 0.05, 1, False 2.8589209306053824 25.0642838863066 12.886615289419732 0.9463307039870905 7.396870483585324 7.352462934009324 
[20], 1, 15, 5, 0.001, 0.05, 1, False 4.847712939198095 41.53469489817882 36.92307083559681 0.07438658812275004 0.5797015484385651 1.7165893233031295 
[30], 1, 1, 5, 0.001, 0.05, 1, False 3.0049602700466362 26.436423819114196 12.71178724330189 0.5904254871093138 4.617446172605852 4.909815123940697 
[20], 24, 1, 5, 0.001, 0.05, 1, False 4.538503147108713 43.27021502873426 31.706148233902848 0.20055295391875452 1.2444465586253632 4.327738570550691 
[30], 12, 1, 5, 0.001, 0.05, 1, False 5.893435396813935 54.989562098214215 56.29071975472502 0.5690593035285602 5.381307086434316 8.924661896384382 
[5], 36, 1, 5, 0.001, 0.05, 1, False 4.19083562701837 38.22608331477031 27.904348643673256 0.8982618153808163 8.437598596309062 11.489236688298487 
[15], 12, 15, 5, 0.001, 0.05, 1, False 3.0314774506311455 27.358685456019188 16.414471505087242 0.16222598836909652 0.8629459875236706 2.1517114974354095 
[20], 12, 1, 5, 0.001, 0.05, 1, False 7.25976879449725 68.8606965576746 87.01286918231652 0.6697851357592337 5.857919216092748 21.514321110214873 
[10], 36, 15, 5, 0.001, 0.05, 1, False 2.8595655312761665 28.216925655902937 10.135666162865986 0.36081349482542624 3.505700317778515 2.133618881444901 
[20], 36, 1, 5, 0.001, 0.05, 1, False 6.005126858693958 56.91056806963267 50.573260009035 0.568745886304685 4.977222304069309 8.445450341308279 
[5], 1, 1, 5, 0.001, 0.05, 1, False 6.545508169679454 58.57969047055547 50.46717192510666 0.7871143393776674 7.659661980157115 10.167626871356331 
[5], 12, 1, 5, 0.001, 0.05, 1, False 5.566726602013957 52.04397953387208 51.55734909620552 0.9484972191215155 10.25654524548355 19.977674109392606 
[20], 24, 15, 5, 0.001, 0.05, 1, False 3.046009106264899 28.320585687657683 12.0857859552854 0.08075362158016815 0.9919710736324578 0.36598715347327304 
[20], 12, 15, 5, 0.001, 0.05, 1, False 3.0644520822050123 27.39363950110479 16.365327335231722 0.04890647961661889 0.17024162356542966 0.7529136801379516 
[30], 1, 15, 5, 0.001, 0.05, 1, False 4.819725959627303 41.08840812430341 37.168324032829126 0.04127290178817198 0.49990458324103443 0.4574351667541024 
[20], 36, 15, 5, 0.001, 0.05, 1, False 3.08097098528718 28.457610807072626 12.076413526425432 0.02597128773266478 0.3142360998478617 0.46755909884375285 
[10], 24, 10, 1, 0.001, 0.05, 1, False 2.9389265311881907 28.252379224585084 14.15680578654567 0.16699432964898267 1.5843625045378378 1.3725622842413847 
[5], 36, 15, 5, 0.001, 0.05, 1, False 2.521785635825385 25.9073289272778 9.338094552901875 0.0957719959755182 0.6803062662352863 0.7087864796953348 
[30], 36, 5, 10, 0.001, 0.05, 1, False 2.8237466086426544 26.662741627261997 9.929476348716037 0.09702983830056036 0.4501741466386685 0.668365874174449 
[30], 24, 5, 10, 0.001, 0.05, 1, False 3.5579063089598946 31.22007740782925 17.370764521650198 0.027195277638337692 0.1439763511362599 0.3026380764897178 
[5], 12, 5, 10, 0.001, 0.05, 1, False 4.002198112509386 34.52660964076014 25.86271523403749 0.15139789447722013 1.221851352586677 2.8783738675362502 
[5], 1, 15, 5, 0.001, 0.05, 1, False 4.5859067901279085 40.84072370020804 30.88798927480634 0.12159262714054336 0.6702731823860256 3.9693889460318585 
[5], 24, 5, 10, 0.001, 0.05, 1, False 2.972035786392237 26.695459621708764 13.962676325757778 0.15216293167710715 1.6827934211884477 1.8735927599312967 
[10], 12, 5, 10, 0.001, 0.05, 1, False 4.447419070711153 38.26679884510643 31.097229369674164 0.5136960006197111 3.711610625245746 7.971643517489793 
[10], 1, 5, 10, 0.001, 0.05, 1, False 4.268494526945331 40.78018502294288 22.271331916337925 0.09834907341316412 2.3493316680123923 0.43470725092920426 
[15], 12, 5, 10, 0.001, 0.05, 1, False 4.043613035107653 34.44723095070665 26.93689559628866 0.40608136149769497 3.4886936672101045 4.762733707185411 
[10], 36, 5, 10, 0.001, 0.05, 1, False 2.638001402457142 23.931103365390015 9.252446212281015 0.4167245446262841 3.9572089502501173 2.5113803608449716 
[20], 1, 5, 10, 0.001, 0.05, 1, False 4.285437635760065 42.21091218213034 21.9338258582071 0.03165951467652171 1.0808848461992449 0.40107191999660985 
[15], 24, 5, 10, 0.001, 0.05, 1, False 3.276260939757858 29.03318638254511 15.137245315203224 0.09491579869003902 1.26540632352362 0.3105821874797821 
[30], 36, 10, 1, 0.001, 0.05, 1, False 2.6518501559617342 27.6311438728245 9.160422787845711 0.01887644826113112 0.23049227180776075 0.22660491464352303 
[5], 12, 10, 1, 0.001, 0.05, 1, False 3.7669110402637336 35.59303815919383 22.018006661870317 0.11120105539186932 1.7605243448900938 1.6828937829022235 
[30], 24, 10, 1, 0.001, 0.05, 1, False 3.215438511195007 31.273316612492724 14.65014316363535 0.16777719700932645 2.7076093095985723 0.5411036731240226 
[5], 24, 10, 1, 0.001, 0.05, 1, False 2.8114841036981453 26.909584335708093 13.84973647817654 0.08568813976647231 1.8519812725987552 1.774468317642264 
[15], 36, 5, 10, 0.001, 0.05, 1, False 3.00242788684382 27.230772374577835 11.378530129293674 0.13277452109926216 0.6781675345363493 1.125041071152586 
[15], 1, 5, 10, 0.001, 0.05, 1, False 4.403860199596319 43.18420537036764 23.10142051942231 0.05632400029723656 0.815194384037643 0.786616332225355 
[10], 12, 10, 1, 0.001, 0.05, 1, False 3.8022332297569075 35.35700415864602 22.03290703317508 0.13788273434922357 2.4765615325580446 1.4816373651264791 
[10], 1, 10, 1, 0.001, 0.05, 1, False 3.7900972082797026 37.054888045968944 17.783735575068494 0.16805930202366084 1.1353251523542744 1.4656265776268598 
[10], 36, 10, 1, 0.001, 0.05, 1, False 2.598860531941885 26.51207185082207 9.950552779630057 0.1831433863087321 2.527528059691311 0.7254698949161889 
[15], 12, 10, 1, 0.001, 0.05, 1, False 3.5699376844697532 32.82741218035941 21.029804688044702 0.19479489656241591 1.2603721043143414 2.946225658858745 
[20], 1, 10, 1, 0.001, 0.05, 1, False 3.943899518334204 37.88855343017105 19.099959510882744 0.1336036398502779 1.9509289446846054 0.9760136033975302 
[20], 12, 5, 10, 0.001, 0.05, 1, False 4.253079278163475 36.11995107739528 27.96011300755906 0.1683722397278634 1.965116994799917 2.3184266176926718 
[10], 24, 1, 10, 0.001, 0.05, 1, False 6.202017990631241 59.54374891822099 62.36207166283942 0.9854959030977166 8.84012137880453 16.059797966062426 
[20], 36, 5, 10, 0.001, 0.05, 1, False 3.019644374214113 27.22924610856981 11.498246540424923 0.05817181299363205 0.6078736158152456 0.43051455189999516 
[15], 24, 10, 1, 0.001, 0.05, 1, False 3.0158404419543565 28.804213334342915 14.049785178566134 0.04523902437113885 0.511896663921675 0.7379679875782207 
[30], 1, 5, 10, 0.001, 0.05, 1, False 4.292602646419849 41.466707815476575 22.190567575610263 0.03827983455603434 0.4871062708668766 0.6531472997648959 
[5], 24, 1, 10, 0.001, 0.05, 1, False 5.268241576994426 50.55766822276957 44.47228421493358 0.7531167858184673 6.897965373049944 11.135325754373245 
[15], 36, 10, 1, 0.001, 0.05, 1, False 2.5671611510527637 26.484697622676318 9.155155721155081 0.2503369398770675 3.0445522122454824 1.4159623339809033 
[30], 12, 5, 10, 0.001, 0.05, 1, False 4.049042523093521 33.954746376252494 26.138050164381458 0.2062417464540691 1.65779732503265 3.0688045254103686 
[15], 1, 10, 1, 0.001, 0.05, 1, False 3.891477237717698 38.23210553007038 18.54987067716632 0.13737635015299887 1.3091874471411273 1.1876595191816703 
[20], 24, 5, 10, 0.001, 0.05, 1, False 3.3208643913303537 29.31106174128965 15.353566413335372 0.26402707655607627 1.8037600320561067 2.5048329288463744 
[30], 24, 1, 10, 0.001, 0.05, 1, False 4.505282602626379 42.695696271607744 31.41973516327231 0.4172993625509627 4.559502104573838 6.123399067277754 
[10], 24, 5, 1, 0.001, 0.05, 1, False 2.7656863595255547 25.923109008473286 11.867853732228568 0.14321127508227105 1.318837127153563 1.2975275982496963 
[30], 36, 1, 10, 0.001, 0.05, 1, False 3.9644300713221097 37.65349746256668 21.325571827176706 0.2804110440639226 2.8457737966906316 2.4502295227368123 
[5], 36, 5, 10, 0.001, 0.05, 1, False 2.5407567208391373 23.53369644444876 9.34319811160376 0.30174187030758165 2.5901839465405487 2.00698027446162 
[10], 24, 10, 5, 0.001, 0.05, 1, False 3.1377108526795556 28.893235902093522 13.913273903015968 0.11093778328638781 0.6958128332010536 1.1276700108501723 
[20], 12, 10, 1, 0.001, 0.05, 1, False 3.7396290830026078 33.50869304529051 23.410376936509692 0.11026815122806034 1.0253798815999475 1.8210810449126167 
[5], 1, 5, 10, 0.001, 0.05, 1, False 4.3379040292705655 42.354812396255674 22.261542603429817 0.12364494322328684 1.307919957852036 1.1850848890919345 
[20], 36, 10, 1, 0.001, 0.05, 1, False 2.65520331894772 26.70153957511575 9.559780330638779 0.1421685874727016 1.195431726520831 0.5451758952390773 
[5], 24, 5, 1, 0.001, 0.05, 1, False 2.413461082677047 22.94777984722256 10.64848672930698 0.03410416891236388 0.48736175991744884 1.1085923522687047 
[30], 1, 10, 1, 0.001, 0.05, 1, False 3.9630551610004017 38.72537345299161 19.333796566061736 0.06318849366735671 0.7470252692739826 0.6949627746137226 
[10], 12, 1, 10, 0.001, 0.05, 1, False 5.34136581750397 48.05497873047261 51.55888011545304 1.3893155543290838 13.021876895372829 23.176468323865173 
[20], 24, 10, 1, 0.001, 0.05, 1, False 3.064102082913397 28.95393596290685 14.827791677045811 0.18802349020881748 1.0363897999051386 1.1974033083353577 
[30], 12, 10, 1, 0.001, 0.05, 1, False 3.44023422529852 31.456272088085466 19.70716083241145 0.03489068039752505 0.4632781430702075 1.19012793666115 
[5], 36, 10, 1, 0.001, 0.05, 1, False 2.4804046285649144 25.68583132543061 9.386944605165917 0.14367784847351656 1.4398377128231454 0.7117467235518373 
[30], 24, 5, 1, 0.001, 0.05, 1, False 2.8588067654175346 27.10623195094524 12.279702304003008 0.11201391911690622 1.0659646618640046 1.352747070947059 
[5], 1, 10, 1, 0.001, 0.05, 1, False 3.564521158459011 35.075756972871545 16.004716368375842 0.060298505840244175 0.3442749385518832 0.47191471581952704 
[30], 36, 15, 10, 0.001, 0.05, 1, False 2.8634135238377865 26.84215345272571 10.161540516269453 0.0864263758239813 0.7840124241467896 0.4939447385613069 
[30], 36, 5, 1, 0.001, 0.05, 1, False 2.942182254073797 30.103967167073407 10.93192807848837 0.026680390305712523 1.2067858210195865 0.3409963809075921 
[30], 24, 15, 10, 0.001, 0.05, 1, False 3.3262702992427413 31.00713535107896 13.106308326353586 0.12109494824701302 1.2290071103004052 0.7481271088542868 
[30], 12, 15, 10, 0.001, 0.05, 1, False 3.036058645695448 26.240072881102595 16.093895520153 0.1142072934381621 0.9778097349220288 1.2661942284964223 
[30], 24, 10, 5, 0.001, 0.05, 1, False 3.442446156380767 30.686370334086124 15.676216820996279 0.0385073021970388 0.4278218157106976 0.7673473267956034 
[30], 36, 10, 5, 0.001, 0.05, 1, False 3.031487994520339 28.434663270600158 11.32659514430108 0.09916020132071564 0.8981902516580291 0.3305506637653053 
[15], 1, 1, 10, 0.001, 0.05, 1, False 2.3328483691197586 22.225305916657945 8.317003930110467 0.11228879410039092 0.2521792333742773 0.5847054054831803 
[5], 12, 10, 5, 0.001, 0.05, 1, False 3.3439735734386855 31.057620760919473 18.87295045320529 0.09456648843394683 0.7649587816299079 0.2989955227947105 
[15], 24, 1, 10, 0.001, 0.05, 1, False 4.6852938163016615 45.70796902748133 37.44632401043978 0.1514917931431204 2.17827513595404 2.4624184641721802 
[10], 36, 1, 10, 0.001, 0.05, 1, False 4.343501889263064 41.8645337879195 26.292751678003285 0.09554771086109276 1.1727246852033995 2.2954284562086023 
[5], 24, 10, 5, 0.001, 0.05, 1, False 2.761127109825612 27.004765377726827 11.943328849604784 0.0988189798628799 1.6493547586728428 0.9514197117833592 
[15], 36, 1, 10, 0.001, 0.05, 1, False 3.9664085557197093 38.19092021823275 23.427640255266436 0.4899646406348892 4.965594073362727 6.915054941909327 
[10], 12, 5, 1, 0.001, 0.05, 1, False 4.18385785078561 36.586324565274964 28.506434863791537 0.3684287403294391 1.8822249305461403 5.343685965409916 
[20], 1, 1, 10, 0.001, 0.05, 1, False 2.6388784169943795 25.924810762980783 10.215292642093855 0.052011361093995054 0.7294757869296 0.557818583220129 
[15], 12, 1, 10, 0.001, 0.05, 1, False 7.294263887808484 68.49626393676907 83.82913301119736 0.5245469740055073 5.532688318782967 15.799297580091222 
[10], 24, 15, 10, 0.001, 0.05, 1, False 2.9050837752409286 26.720837407236242 11.419455147782218 0.2269586890316827 1.930430536880287 1.3716767690927365 
[30], 36, 20, 1, 0.001, 0.05, 1, False 2.678295676344661 27.226359748116725 9.744148976830015 0.12819980543637108 1.789643863943471 0.1566408712923051 
[20], 12, 1, 10, 0.001, 0.05, 1, False 7.137823354486911 67.54611763136501 88.19097027050798 0.7227945863005497 7.208247317481602 19.862528449690043 
[30], 24, 20, 1, 0.001, 0.05, 1, False 3.0362395077736846 29.735410045492866 11.681209935956966 0.10653216768964761 0.9079779738009462 0.8732407330972266 
[30], 12, 20, 1, 0.001, 0.05, 1, False 3.0393627801289163 28.08037106503663 17.004848924777068 0.08647087062672563 0.9532057564170437 0.9413906555768107 
[30], 1, 1, 10, 0.001, 0.05, 1, False 2.8138076743352474 26.73822633015463 10.618063379350913 0.06883859941175767 0.43490301650652063 0.22848616681938214 
[10], 1, 10, 5, 0.001, 0.05, 1, False 4.86206756396978 44.53909472493291 31.85275246456948 0.02591545942581179 0.8477855353425203 0.9139449496680387 
[10], 12, 10, 5, 0.001, 0.05, 1, False 3.717586855369586 33.06568711367303 23.446851250072967 0.2087609864835383 1.1269627586138151 2.97081025479408 
[30], 12, 1, 10, 0.001, 0.05, 1, False 5.515576002904198 51.499151552720036 49.99371264978197 0.5383854468242119 4.716161595446116 8.91401243920808 
[20], 24, 1, 10, 0.001, 0.05, 1, False 4.512901402801854 42.73608792723277 32.58438080591998 0.20337315295331168 1.5336558326013416 3.999257022026011 
[5], 12, 15, 10, 0.001, 0.05, 1, False 2.794652733879371 26.477755670043027 13.884604517231724 0.21668896576498578 2.971307005856634 1.6516150860384142 
[10], 12, 15, 10, 0.001, 0.05, 1, False 2.981109385292426 26.444469652385425 16.133582269068103 0.021017831635389603 0.4423723960275931 0.5342808973746461 
[5], 24, 15, 10, 0.001, 0.05, 1, False 2.9858427913411076 26.893643325139866 13.70884540008248 0.12762498803224043 1.8928990199840772 1.2009734389558897 
[10], 1, 15, 10, 0.001, 0.05, 1, False 4.6636149378286476 39.122655186969666 35.756292964680426 0.16122259870761674 1.4039407121447753 1.8220744854817474 
[20], 36, 1, 10, 0.001, 0.05, 1, False 4.016535002352343 39.05577991497595 23.5413646187681 0.3325679911625129 3.5820611770775135 3.7491644132741837 
[20], 1, 10, 5, 0.001, 0.05, 1, False 4.884755408132656 44.149445415073664 33.77450184891095 0.05526937088185515 0.13001195888907444 0.805125753226428 
[15], 12, 10, 5, 0.001, 0.05, 1, False 3.485647980558376 31.345687254831613 20.04046854648196 0.09463912559272396 0.7273842735523582 0.6561177369524487 
[10], 36, 10, 5, 0.001, 0.05, 1, False 2.865268504288462 27.95091621725202 11.009135613369862 0.358652479468469 3.2733510511137096 2.00935217817567 
[15], 1, 5, 1, 0.001, 0.05, 1, False 3.956054980266426 36.63218041138524 19.668303149289017 0.03711752680665066 0.4948279250318257 0.2513197267402637 
[10], 1, 1, 10, 0.001, 0.05, 1, False 2.3086297794383164 22.378272960288015 7.607835901872558 0.12319427183118647 1.4847916390287614 0.6776185568808766 
[15], 24, 5, 1, 0.001, 0.05, 1, False 2.873575280268712 26.767886030192244 13.31577733562383 0.1670118469587613 1.2816160251808637 1.5470475032831075 
[10], 24, 20, 1, 0.001, 0.05, 1, False 2.6974040906876326 26.128551698206305 11.39215053698389 0.5138901474895704 4.307174651620052 3.9220157670624207 
[10], 36, 5, 1, 0.001, 0.05, 1, False 2.66773385539375 26.879568058297156 10.12287310681414 0.24692737580350618 1.8586938077848636 1.859916327035758 
[15], 36, 5, 1, 0.001, 0.05, 1, False 2.5883993871372053 26.743361997524946 9.103952753139962 0.23608518953378804 3.097680332007809 1.5914097999219032 
[20], 1, 5, 1, 0.001, 0.05, 1, False 4.068230455375656 37.5485207745646 20.58241759645581 0.01348018450312794 0.42977543136209834 0.24081000036449196 
[10], 24, 5, 5, 0.001, 0.05, 1, False 3.153284817533913 28.426520044233516 13.98995324002408 0.09201638101411828 1.0303057382785745 1.3286999494981862 
[5], 36, 1, 10, 0.001, 0.05, 1, False 3.5913272749856815 32.56180761583044 19.73248134076542 0.3351743371640032 2.6694746492298043 3.7245357750918116 
[15], 1, 10, 5, 0.001, 0.05, 1, False 4.8644428671027224 43.95145389725099 33.44915528057333 0.05322369547336687 0.22402986859855895 1.1837184296430587 
[15], 12, 5, 1, 0.001, 0.05, 1, False 4.638837571304154 40.7146801517952 34.93379134120699 0.5070726203216799 3.7574413562202236 8.048704762275747 
[15], 24, 10, 5, 0.001, 0.05, 1, False 3.3075176597469387 29.744687252231454 14.348301443979159 0.09060285754485385 1.1128002177697047 0.9318138794905507 
[5], 1, 1, 10, 0.001, 0.05, 1, False 4.023726787111135 35.049404541725885 25.363209426646208 1.8180109751623377 16.61224524779995 17.255691124608667 
[20], 12, 5, 1, 0.001, 0.05, 1, False 4.009624297475374 34.23426358758571 26.04728886808668 0.18622167402472936 1.278618334434977 2.517959404006478 
[15], 36, 10, 5, 0.001, 0.05, 1, False 3.0191086956299844 28.489018941912196 11.57863958056299 0.1500114900964397 1.2007366287168721 1.104997429634825 
[30], 1, 5, 1, 0.001, 0.05, 1, False 4.083563850392346 38.318155057828704 20.487123379744137 0.023691021391740497 0.7413573932759986 0.20530214426745394 
[5], 12, 1, 10, 0.001, 0.05, 1, False 7.723129686794493 71.94544337291597 85.55478424221913 1.0121971610575222 10.115388221544823 10.152840992105702 
[5], 24, 5, 5, 0.001, 0.05, 1, False 2.5592231752764856 23.208391816598283 11.368788206046402 0.07463762604891512 0.43903373287733405 0.7996498907195904 
[5], 12, 20, 1, 0.001, 0.05, 1, False 3.303115920115401 30.451955686873152 18.377406305692364 0.3844970297713267 4.1027416637934815 2.4550096967159503 
[5], 24, 20, 1, 0.001, 0.05, 1, False 2.5115510061693693 23.801269904237945 10.51828566494352 0.12405173074398179 0.5918202141802067 1.3862961009399688 
[10], 1, 20, 1, 0.001, 0.05, 1, False 3.879202719081055 37.580358207158845 18.638871840742016 0.28715140523940325 2.342101240998578 2.7467413614226914 
[10], 12, 20, 1, 0.001, 0.05, 1, False 3.236941763555149 29.811068317870603 17.912651208038433 0.3497775198996795 3.3570993674227854 2.5559188889637605 
[15], 1, 15, 10, 0.001, 0.05, 1, False 4.769519833056257 40.0619811829787 36.54689093681412 0.02023427864534027 0.22438230815621787 0.6252903917245578 
[30], 12, 5, 1, 0.001, 0.05, 1, False 3.739259759885156 32.930269534532734 22.15690859519393 0.05423889627673928 1.1328225411285284 1.0416199099016608 
[20], 24, 5, 1, 0.001, 0.05, 1, False 3.272240255152186 29.386667514824467 17.3523191731968 0.40041273529713345 3.2500597825145157 4.0617368460602075 
[20], 36, 5, 1, 0.001, 0.05, 1, False 2.997032110869057 29.18089548292095 11.735273252827474 0.1376038242806936 0.19216237333891356 1.2821902319346459 
[15], 24, 15, 10, 0.001, 0.05, 1, False 3.2185564899127246 30.342721268128226 13.02738050859937 0.03545008647142859 0.9957336089823633 0.691965063547232 
[30], 36, 5, 5, 0.001, 0.05, 1, False 2.8955679994731867 26.615841169280014 10.416992288161794 0.07441295674730253 0.7471643709285749 0.3591487231093016 
[30], 24, 5, 5, 0.001, 0.05, 1, False 3.4364421963553746 29.736654812686183 16.87799466752482 0.08686354001066014 0.9363074296986449 0.7152451289502797 
[15], 36, 15, 10, 0.001, 0.05, 1, False 2.9090166360381313 27.295023492906648 11.055921719086115 0.2192327420579358 1.5915198919101992 1.8233027211045962 
[20], 12, 10, 5, 0.001, 0.05, 1, False 3.674938534407153 32.37100108296477 21.89658393745884 0.06334620468166004 0.23554637855025737 1.1704773162628659 
[10], 1, 5, 1, 0.001, 0.05, 1, False 3.9613152708547816 35.847978141633234 20.04381005677416 0.060443075304500576 0.3251252525166677 0.5817403913425877 
[20], 1, 15, 10, 0.001, 0.05, 1, False 4.762050816628875 39.91902505941246 36.658568783570416 0.029015014360358565 0.19781370683928756 1.2583126017637594 
[20], 36, 10, 5, 0.001, 0.05, 1, False 2.8636992602712588 27.00912427681733 10.761484586474767 0.3050071994361907 2.6957894368046054 2.2774545874852894 
[30], 1, 10, 5, 0.001, 0.05, 1, False 4.861217990924639 43.804777119785086 33.73016882308 0.09102354477979828 0.4962602070434204 1.0508499928816997 
[10], 36, 15, 10, 0.001, 0.05, 1, False 3.0226845287303963 28.4695378191045 11.699860305779751 0.1438446799251853 1.63136846978118 0.6926078258087578 
[5], 36, 5, 1, 0.001, 0.05, 1, False 2.1430009748993655 22.595703571097307 6.727560703595663 0.2476977075657205 1.2834387284524098 1.4176880985838873 
[15], 12, 15, 10, 0.001, 0.05, 1, False 3.103195214516449 26.766421595003973 17.372996641479045 0.1332281791694449 1.3986536065132507 0.8327572540098831 
[5], 1, 5, 1, 0.001, 0.05, 1, False 3.5563219107721977 32.511205022354794 16.84865388736868 0.2188163016561223 1.4296009529585867 1.8405582914546548 
[5], 12, 5, 1, 0.001, 0.05, 1, False 4.009175244180693 36.88622981068903 24.62613105815166 0.06568824066645573 1.6185322825692567 1.1638535302027169 
[20], 24, 10, 5, 0.001, 0.05, 1, False 3.3785013236243415 31.22578084920072 14.025610210480664 0.14638049233507106 2.365179884770701 0.9167413827195704 
[30], 12, 10, 5, 0.001, 0.05, 1, False 3.6263012082626425 30.740535240943142 22.237777734044894 0.005189785599954475 0.061736523598920325 0.24286716429947383 
[15], 1, 20, 1, 0.001, 0.05, 1, False 3.9058746216749705 37.61923001679116 18.796914834990602 0.028951531451096885 0.549837998620929 0.1714194234251047 
[5], 36, 10, 5, 0.001, 0.05, 1, False 2.3009770819986315 24.269462904022003 7.912371394504338 0.10230676947463603 1.2081839817461342 0.7044592117251708 
[15], 24, 20, 1, 0.001, 0.05, 1, False 2.9680985324705644 28.274542107134565 12.91407225784885 0.17319690763170895 1.935583743390501 2.4504752505371163 
[20], 12, 15, 10, 0.001, 0.05, 1, False 3.1218336494018644 27.039049564673387 17.26136188445975 0.07311085556674027 0.34014948029903974 0.7117488583425553 
[15], 36, 20, 1, 0.001, 0.05, 1, False 2.6795450705551995 27.806904295402873 9.817675746479651 0.07017284801408996 0.7232524450969673 0.7518302014239192 
[5], 1, 10, 5, 0.001, 0.05, 1, False 3.9369365582794504 37.03496087110991 19.770122787873674 0.2741467250142698 1.495647897267787 3.012148174829562 
[20], 36, 15, 10, 0.001, 0.05, 1, False 2.9811496699366855 27.6045774493449 11.164938386950782 0.19300872612727965 1.2407052042883158 1.604431747992577 
[20], 1, 20, 1, 0.001, 0.05, 1, False 4.582952516822627 42.37558486284855 26.317869142714784 0.10008201680235058 0.5963335878120002 1.58268695490024 
[10], 12, 5, 5, 0.001, 0.05, 1, False 4.5465570468261545 39.51320364165756 32.40611859986903 0.3304903637232536 3.172350840671373 5.97485567782013 
[20], 24, 15, 10, 0.001, 0.05, 1, False 3.198013058998104 29.303712086108145 12.689731008699313 0.21873554287482866 1.5971939616941806 1.5305777180001172 
[30], 12, 20, 5, 0.001, 0.05, 1, False 3.2629075659369975 28.385009518017995 19.423453843622877 0.05840754375537652 0.45554595041588736 0.5826021460317776 
[30], 1, 15, 10, 0.001, 0.05, 1, False 4.77434530164529 40.15573649373045 36.29159172993267 0.04564611508195142 0.46295302771140584 0.2401023847985957 
[30], 36, 20, 5, 0.001, 0.05, 1, False 2.8429138750389775 26.85676724588153 10.43236150260715 0.14417458484326234 0.9217455173621958 0.7812109515290381 
[10], 36, 20, 1, 0.001, 0.05, 1, False 2.3720788455947686 24.96151698434605 8.467087909439472 0.17890288605117963 1.922466989200286 1.0948364281348637 
[30], 24, 20, 5, 0.001, 0.05, 1, False 3.1063073627961177 29.334752524372963 11.598484338490778 0.07425119222168713 0.6995870479695434 0.3989311209231664 
[15], 12, 20, 1, 0.001, 0.05, 1, False 3.344075862187203 30.911019122866737 19.797679419319973 0.11651814540185568 1.1109550855323775 1.3965501049268125 
[5], 1, 15, 10, 0.001, 0.05, 1, False 4.476957698031846 37.91548061108745 33.071589312084775 0.26735494285379935 2.351160703464117 2.35336314883795 
[5], 36, 15, 10, 0.001, 0.05, 1, False 2.834069386924859 27.804817577118527 10.864340648956832 0.029403153825174576 0.7682017924990955 0.6273795123575191 
[15], 24, 5, 5, 0.001, 0.05, 1, False 3.1609115860804375 28.023956903900253 14.240688462881502 0.2581231731079092 1.6942082414799908 2.5257055194262725 
[15], 1, 5, 5, 0.001, 0.05, 1, False 4.127184278414481 41.53069630534085 20.313856499288374 0.054077924317374335 0.6039899809052303 0.5102314463680288 
[30], 24, 10, 10, 0.001, 0.05, 1, False 3.6160267408212854 32.524045869394655 16.712929768491 0.06795895484634713 1.1235278197358745 0.6058948583191432 
[20], 12, 20, 1, 0.001, 0.05, 1, False 3.017077458315288 28.2486467772514 16.90221143035991 0.09652221682534269 0.3261391049093743 1.1207810613977347 
[10], 24, 20, 5, 0.001, 0.05, 1, False 2.8514757587332973 26.85802294356309 11.499265799961018 0.03182376302904504 0.22078471251764756 0.5266909924034613 
[10], 24, 10, 10, 0.001, 0.05, 1, False 3.175061467938401 28.310877377158047 14.306285389078473 0.22244150712152214 1.723545094915401 2.2587636827322624 
[30], 36, 10, 10, 0.001, 0.05, 1, False 2.87846207253428 26.75787538671789 10.42468578081867 0.2549477506564032 2.1073078344502276 1.9261971994409657 
[20], 36, 20, 1, 0.001, 0.05, 1, False 2.6692577753285014 27.299580483436714 9.359883774622146 0.1698428435093472 2.260636351527466 0.9813043231475302 
[10], 36, 5, 5, 0.001, 0.05, 1, False 2.79504315180842 25.535934259573597 11.061423887391749 0.11459785734487428 1.369211088658062 0.5488241249284882 
[20], 24, 20, 1, 0.001, 0.05, 1, False 2.814083224286636 27.747376045361353 12.799166432445164 0.19013337666798608 1.7242828199484317 1.587459533926076 
[20], 1, 5, 5, 0.001, 0.05, 1, False 4.316964102439858 43.61110484664596 21.99081878004655 0.13432004945533446 2.32158131234544 1.1442232021445045 
[30], 1, 20, 1, 0.001, 0.05, 1, False 4.363643092261974 40.65276881462867 23.92734287071946 0.08193012284214221 0.5352170909561914 1.0833041534886503 
[15], 12, 5, 5, 0.001, 0.05, 1, False 4.491948181328674 39.2189314342813 31.4731214951176 0.286064310182649 2.9967192046063857 3.8547316628046633 
[15], 36, 5, 5, 0.001, 0.05, 1, False 2.741484591489037 25.69133718772144 9.65650116903022 0.06007928554694496 0.6996066987469576 0.47524623759741275 
[5], 1, 20, 1, 0.001, 0.05, 1, False 3.668589789365177 35.89073523060351 17.407826473770093 0.5211292510627769 3.7791556082951194 4.262866054232291 
[5], 24, 20, 5, 0.001, 0.05, 1, False 2.832733648832612 26.784236382882693 12.558353726444578 0.31685919781664384 2.647812357240592 2.2698908830510907 
[5], 12, 20, 5, 0.001, 0.05, 1, False 3.4643688595301856 30.851598943104204 21.546204619109748 0.3121945995839785 2.860832135636615 3.124284063092627 
[5], 24, 10, 10, 0.001, 0.05, 1, False 2.7982326711562497 25.926955769866936 11.775038342022308 0.2048902019836305 2.1060376857042 0.8190125929844754 
[20], 12, 5, 5, 0.001, 0.05, 1, False 4.594167023374595 39.57526217306645 32.58727892591083 0.3082962413520221 2.707664169504778 5.352721478743338 
[30], 1, 5, 5, 0.001, 0.05, 1, False 4.29804381650907 43.01247480700243 21.84342378383052 0.06179694947175844 1.0665042408604004 0.5361850667908266 
[5], 36, 20, 1, 0.001, 0.05, 1, False 2.574823989615673 26.225482170259898 10.46659797451181 0.17509575938085872 1.8457950862930201 1.511348298770705 
[5], 12, 10, 10, 0.001, 0.05, 1, False 3.810880585011372 32.842932874824406 24.850698700208017 0.4457331348696769 3.5918281165758645 4.0820337669244795 
[10], 24, 15, 1, 0.001, 0.05, 1, False 2.8560682330970413 26.94865134065746 13.024411673599154 0.17411152524478898 1.1276716087552558 1.6475170507616446 
[30], 24, 15, 1, 0.001, 0.05, 1, False 3.534717960890245 34.888626932473336 15.98555738099335 0.3244642159588734 2.575673495675695 2.6720122161595232 
[30], 12, 5, 5, 0.001, 0.05, 1, False 4.129150765458191 35.12411324679087 27.458680611588495 0.17108338294518327 1.3464960854276136 2.4874725414666448 
[20], 24, 5, 5, 0.001, 0.05, 1, False 3.2762744222319236 28.431352766431814 15.98119662900023 0.14150543963615245 1.1127332660136198 1.648191328276512 
[20], 36, 5, 5, 0.001, 0.05, 1, False 3.177790136766378 29.58077052872167 12.58850679969754 0.15552653810407252 1.0881545417669045 1.2261110630429857 
[30], 36, 15, 1, 0.001, 0.05, 1, False 2.7652400840694713 28.43538656615492 9.603038511832702 0.24332580677967794 2.836342578610443 1.592475114921778 
[10], 12, 20, 5, 0.001, 0.05, 1, False 3.0730062522615 27.271291715709044 17.48011286544175 0.1697761368426144 1.4518090682725304 2.019656305452545 
[10], 1, 20, 5, 0.001, 0.05, 1, False 4.94086542804898 42.1047032915005 36.39530596112824 0.1618119111530004 1.3287433953103613 1.3621377256137306 
[10], 1, 5, 5, 0.001, 0.05, 1, False 4.197471098456947 41.112541989814666 21.140579147437148 0.12728747693061143 2.5208451794194535 1.1285036409821971 
[5], 36, 5, 5, 0.001, 0.05, 1, False 2.602229547176373 26.121982561246146 9.854360922793042 0.07054780185887444 0.6688392241010432 0.9197780082722439 
[5], 1, 5, 5, 0.001, 0.05, 1, False 4.048133819101862 37.36247679144509 20.55568773950483 0.30355936900909425 2.5369024439663788 2.5409114394362073 
[5], 12, 5, 5, 0.001, 0.05, 1, False 4.294945658921024 37.63130913036227 32.27023101770941 0.4804322529671737 2.9754229031557737 10.212517723280977 
[10], 1, 10, 10, 0.001, 0.05, 1, False 4.8082891936689895 43.50855398176552 33.90919323243321 0.10397957152501294 1.964401961211026 0.49106277139123483 
[5], 24, 15, 1, 0.001, 0.05, 1, False 2.472658028743334 23.679203128326108 10.371320937750395 0.10035926086151403 0.8450184383227228 0.930589567230437 
[10], 12, 10, 10, 0.001, 0.05, 1, False 3.519005882119139 30.04307496396687 21.98276342048406 0.057711903543743934 0.3655461204851026 1.8133060844069215 
[5], 12, 15, 1, 0.001, 0.05, 1, False 3.7203260883516465 35.48685554249143 19.482819958445422 0.28510488710662696 3.0478493092654406 2.569110046089892 
[15], 1, 20, 5, 0.001, 0.05, 1, False 4.572059219385739 38.90353212757424 33.13968478444883 0.1854500285100294 1.6904782082119914 2.513754621020912 
[10], 36, 10, 10, 0.001, 0.05, 1, False 2.9424558500931774 27.49675129755651 11.204699712971829 0.17915867804850322 1.2675983272738445 1.4121528472608025 
[15], 24, 20, 5, 0.001, 0.05, 1, False 2.8265150726703863 26.450981043196904 10.317348773617653 0.02663960450387018 0.9079202841045325 0.29703636743864237 
[15], 12, 10, 10, 0.001, 0.05, 1, False 3.664213221899614 31.096558123527075 23.370571366084857 0.12245103219236614 0.9655741885349526 1.9377849900413204 
[20], 1, 20, 5, 0.001, 0.05, 1, False 4.588264067412389 39.0400203936267 33.19278797173461 0.069255169534623 0.5384245823270701 1.161288053373896 
[15], 36, 20, 5, 0.001, 0.05, 1, False 2.800720598183021 26.528004145765454 10.169411210587434 0.08804721246349172 0.49948557388053066 0.8642692249770836 
[20], 1, 10, 10, 0.001, 0.05, 1, False 4.807475883248089 41.68599351449108 34.889800425598786 0.045891691651148245 0.5016403540707782 0.5956804306705755 
[10], 1, 15, 1, 0.001, 0.05, 1, False 3.622374269062723 35.515356501940694 16.29703861552974 0.044912226714017775 0.4368282947365362 0.4352468490935297 
[15], 24, 10, 10, 0.001, 0.05, 1, False 3.245622354111186 29.399156101217944 13.728329012990836 0.11050694732208352 1.2021019800660133 1.0680688582252291 
[15], 12, 20, 5, 0.001, 0.05, 1, False 3.0521297097964974 27.069605788038178 17.128766602805882 0.18838599799572087 1.6850057421121583 1.8904024474411254 
[10], 12, 15, 1, 0.001, 0.05, 1, False 3.6837726260466446 33.83030961438841 22.20279879521591 0.1486735485889253 1.6855899847195381 0.845312758113827 
[10], 36, 20, 5, 0.001, 0.05, 1, False 2.8230140104406964 27.512119121472736 10.664428672353994 0.23100046875054567 1.9807647290676043 1.608488245777974 
[15], 1, 10, 10, 0.001, 0.05, 1, False 4.868765978539295 43.381857158511885 34.93902931478693 0.07447051616810489 0.7819450226035313 1.4006039795296465 
[15], 36, 10, 10, 0.001, 0.05, 1, False 2.8788937136530883 26.352887282764026 10.612375457947921 0.13892674708384614 0.9744269429895763 1.0129214847278079 
[30], 12, 20, 10, 0.001, 0.05, 1, False 3.2485899841723356 27.663139248175067 18.869031926766997 0.09989912135535997 0.9341614803980637 0.7341844832726214 
[10], 36, 15, 1, 0.001, 0.05, 1, False 2.7069716011898386 27.73529414704606 10.750259433000336 0.3315090633544889 3.0191972929912447 1.8814064979078986 
[20], 12, 20, 5, 0.001, 0.05, 1, False 3.286004803098601 29.180346328094945 18.70713465624938 0.05376319396432057 0.39708097054483144 0.28829043907869484 
[15], 12, 15, 1, 0.001, 0.05, 1, False 3.7376865454259582 34.27891885394528 22.804571120270158 0.10577459963361563 0.7242524217863978 1.1329763266507011 
[20], 36, 20, 5, 0.001, 0.05, 1, False 3.043744860175584 28.685670713093966 11.772128612563131 0.21659983889126727 1.331385084820098 1.617237050255815 
[20], 24, 20, 5, 0.001, 0.05, 1, False 3.024690532701573 28.10368093611147 11.38711646034846 0.021145306155780162 0.5934617871015063 0.2598181194165559 
[20], 12, 10, 10, 0.001, 0.05, 1, False 3.5308650730212263 29.82646612946512 21.050961204290353 0.0884759080456764 0.8624489435171484 1.3870103423234756 
[20], 1, 15, 1, 0.001, 0.05, 1, False 4.236438084918039 40.26254565879787 22.29503939741684 0.06252284563500185 0.7756148437421367 0.701391823263013 
[15], 24, 15, 1, 0.001, 0.05, 1, False 2.928666770327147 28.967826312890747 13.282311224125896 0.30410211552012106 2.467221429054712 1.9582087310127374 
[30], 1, 20, 5, 0.001, 0.05, 1, False 4.553182248036481 38.79768870772057 31.957545960966325 0.09050990972343763 0.8052811931905837 0.8564112938477055 
[5], 1, 20, 5, 0.001, 0.05, 1, False 4.304527362749947 38.834513168050584 26.470330728768925 0.5885916635737338 2.9713421689620714 8.066547069566003 
[30], 36, 20, 10, 0.001, 0.05, 1, False 3.01009963395212 28.119689707188552 11.136752476734626 0.10368860451178043 0.5266954901400399 1.0296967985507173 
[20], 36, 10, 10, 0.001, 0.05, 1, False 3.0153535861452982 27.742281805697548 11.53024965302758 0.05630887701078219 0.8201071367588438 0.16433061294173887 
[30], 1, 10, 10, 0.001, 0.05, 1, False 4.83342667175112 42.45172151023607 34.612706247395 0.027178790674247548 0.8217407917429256 0.5510401462776092 
[30], 24, 20, 10, 0.001, 0.05, 1, False 3.10673977808544 28.803234707675895 11.78975487786436 0.1204439580348406 1.5366315943348463 0.5075836541377297 
[5], 36, 20, 5, 0.001, 0.05, 1, False 2.4888759193010634 25.348487211196417 8.389587255276057 0.19619643799007033 1.1956904043603878 1.0343334889066589 
[15], 36, 15, 1, 0.001, 0.05, 1, False 2.4694233091824036 27.248767902528268 8.492625007864708 0.0666953146724381 1.4400549625228656 0.251164323964861 
[15], 1, 15, 1, 0.001, 0.05, 1, False 4.217054936048335 40.39072546085703 22.091244272484428 0.29773948806541595 2.267495395679008 3.2296598914822705 
[20], 24, 10, 10, 0.001, 0.05, 1, False 3.36089661890227 30.42451137819698 14.432845813748933 0.05743325109290728 0.7879768610938811 0.20779757168498245 
[5], 36, 10, 10, 0.001, 0.05, 1, False 2.7777413225491294 26.802883374924505 9.715830330195763 0.19658976809706172 1.2758587143969018 1.0875870861692387 
[20], 12, 15, 1, 0.001, 0.05, 1, False 3.310926550471535 30.73895793285126 19.245770803578086 0.13802971198742806 1.2885893098993553 1.4178322882085568 
[30], 12, 10, 10, 0.001, 0.05, 1, False 3.339410723197378 28.891160403342596 18.04610938632337 0.06398646407795429 0.26262541979573517 0.9568128267006072 
[10], 24, 20, 10, 0.001, 0.05, 1, False 2.6681981279721696 24.65697957339897 9.72925856031119 0.06107350728972834 0.5148053516924129 0.2063727515179609 
[20], 36, 15, 1, 0.001, 0.05, 1, False 2.8758873925716792 30.039206263762882 10.890684394261617 0.20956470949036665 2.7532336917932874 0.9744364976686285 
[30], 1, 15, 1, 0.001, 0.05, 1, False 4.428418499907411 41.60211857088504 24.847282311773913 0.15719845185487943 1.218792175835129 1.8937997785421217 
[20], 24, 15, 1, 0.001, 0.05, 1, False 3.060948110275247 29.08744311234963 13.828572092307667 0.1989300873693222 1.8385017723446069 1.8019045568212138 
[5], 1, 10, 10, 0.001, 0.05, 1, False 4.708809321470284 42.97657120057082 33.01183053463179 0.283745943218306 3.5480983317184847 1.7423678373574667 
[5], 12, 20, 10, 0.001, 0.05, 1, False 3.5604100512306176 30.783382087553118 23.74609628457763 0.4529562348872787 3.345212245665833 7.55149798839437 
[5], 36, 15, 1, 0.001, 0.05, 1, False 2.539637451011826 26.222724167451407 10.22903576340852 0.41212505143638656 2.4518901770803896 3.1862976659087145 
[30], 12, 15, 1, 0.001, 0.05, 1, False 3.1166444562410045 28.797656765279026 17.199616459843224 0.2180858169233722 1.8037030532568525 2.1873874487648384 
[5], 24, 20, 10, 0.001, 0.05, 1, False 3.0255884330236813 27.35948477384936 13.590645025827342 0.1983691218287577 1.116765043571857 3.0180134833923886 
[5], 1, 15, 1, 0.001, 0.05, 1, False 3.299193434410349 33.62432721592481 14.00406612113762 0.13169569270906867 1.0555988785611203 0.7867120157401939 
[10], 12, 20, 10, 0.001, 0.05, 1, False 3.518827834342504 29.563366741156287 23.305881279912594 0.2840157505172316 2.068054145283745 3.023236870372759 
[10], 1, 20, 10, 0.001, 0.05, 1, False 4.403532073370837 37.36873513816047 31.01513849946905 0.2053846159150059 1.5371330329322415 2.6273435301879924 
[30], 1, 20, 10, 0.001, 0.05, 1, False 4.5774155777396155 38.97054924656589 31.08306378462834 0.021118629769171962 0.28162757051404985 0.14246787022635496 
[20], 36, 20, 10, 0.001, 0.05, 1, False 3.0184672664747474 27.2945897746547 12.174700203454243 0.16094835914329236 1.0481926269440438 1.7128229358745035 
[20], 12, 20, 10, 0.001, 0.05, 1, False 3.2038271703274446 27.65310381715572 17.513456431001533 0.15209907810064158 1.5770960923001611 0.5271697870040595 
[20], 24, 20, 10, 0.001, 0.05, 1, False 3.0295924565892807 28.23891921026204 11.508111350337925 0.1484280829651272 1.113040041147841 1.0462004678675823 
[15], 1, 20, 10, 0.001, 0.05, 1, False 4.32216046029288 36.53264433724982 30.213007998821823 0.33824683018153445 2.831029716415789 3.5611602490073646 
[5], 36, 20, 10, 0.001, 0.05, 1, False 2.458422609246164 23.752476811838097 8.111011935161669 0.15509690054761538 1.4192969132392095 1.0192417553237147 
[15], 24, 20, 10, 0.001, 0.05, 1, False 3.062077657278213 28.762123173436574 11.560397565327444 0.2764098509904991 2.8967978549409077 1.9378233174358148 
[20], 1, 20, 10, 0.001, 0.05, 1, False 4.526819212165559 38.223873894612126 32.16455726503336 0.08181825852106678 0.8188176571905187 0.39379266886276965 
[5], 1, 20, 10, 0.001, 0.05, 1, False 4.490021968001707 37.67508428134426 33.823566221859856 0.23837584035568227 1.8455420425649665 3.282411231684369 
[15], 36, 20, 10, 0.001, 0.05, 1, False 2.9392272249829996 27.386380617710177 11.011423817014949 0.029703578763331535 0.07588526891594687 0.4336427300469728 
[10], 36, 20, 10, 0.001, 0.05, 1, False 2.6670582134518086 25.200255737870688 9.230207087552628 0.16363157527626077 1.3039310793570371 1.064861326407333 
[15], 12, 20, 10, 0.001, 0.05, 1, False 3.263189459540365 27.681654942570503 19.520016639862423 0.05600860599214288 0.44613150124246004 1.0437081088269986 
