lags time_steps dense_nodes lstm_nodes processed scales                        epochs l2 learning_rate mean_mae mean_mape mean_mse                         std mae std_mape std_mse 
[1, 24], [24, 5], [1, 5], [20, 20], [0, 1], 1, 0.001, 1, False, False 2.5088610740171533 34.93467058255973 8.4930648153528 0.029837848966622713 0.45791861172284937 0.19360625725573363 
[1, 24], [24, 1], [1, 5], [10, 10], [0, 1], 1, 0.001, 1, False, False 2.509627952785404 35.34168895978956 8.399959351469997 0.021698966224647166 0.29880742189768694 0.12618730170725653 
[1, 24], [24, 5], [1, 10], [10, 10], [0, 1], 5, 0.001, 1, False, False 2.115179084682906 30.517138976116865 6.092136218515779 0.23406304489518964 2.683573328345551 1.493189301744632 
[1, 24], [24, 1], [1, 5], [20, 20], [0, 1], 5, 0.001, 1, False, False 2.1475727053152194 31.147633717897623 6.1474107927495645 0.15788081320276243 1.940370216911404 1.0014356479010884 
[1, 24], [24, 15], [1, 10], [20, 20], [0, 1], 1, 0.001, 1, False, False 2.5153967341891046 35.05260808282959 8.529308041013147 0.011375680465197853 0.40290353567170756 0.042212951792194336 
[1, 24], [24, 10], [1, 10], [10, 10], [0, 1], 1, 0.001, 1, False, False 2.5009823252757393 35.00921727805579 8.41351429949443 0.023431938690011037 0.28930588530890755 0.16515302716773753 
[1, 24], [24, 1], [1, 5], [10, 10], [0, 1], 5, 0.001, 1, False, False 2.3544160124328406 33.538348678809776 7.50476188966159 0.13084260833031033 1.4829390677244243 0.7912720239407142 
[1, 24], [24, 5], [1, 5], [20, 20], [0, 1], 5, 0.001, 1, False, False 2.0400228489328316 29.858941131043377 5.735849249891481 0.3453595818218698 4.017833956042275 1.958163151400004 
[1, 24], [24, 5], [1, 5], [10, 10], [1], 1, 0.001, 1, False, False 2.5215175056899035 35.375048446540255 8.502228337977117 0.020927053416032036 0.2885494147079059 0.14892129506439272 
[1, 24], [24, 10], [1, 5], [20, 20], [1], 1, 0.001, 1, False, False 2.5333746561297663 35.5943352176393 8.53136367412437 0.03776813796479576 0.2875489068289145 0.3211970075769676 
[1, 24], [24, 1], [1, 10], [10, 10], [0, 1], 10, 0.001, 1, False, False 1.6434681879977386 26.42574128552171 3.390700359352346 0.13322004135132026 1.955923915242351 0.49160658596627876 
[1, 24], [24, 5], [1, 5], [20, 20], [1], 5, 0.001, 1, False, False 1.9527457544649092 28.070636825218504 5.169601620879021 0.18881429808088288 3.1209227696246304 0.9442551440301745 
[1, 24], [24, 5], [1, 5], [10, 10], [1], 5, 0.001, 1, False, False 2.308959987097316 32.25500830321943 7.371031762241053 0.15415786082088143 1.6758903745623472 0.9514891256287824 
[1, 24], [24, 10], [1, 5], [20, 20], [1], 5, 0.001, 1, False, False 1.7455707392206898 26.172388715626866 3.904426492185351 0.08901477433277655 0.9784378835752595 0.45741132863343253 
[1, 24], [24, 10], [1, 10], [20, 20], [0, 1], 5, 0.001, 1, False, False 1.6217261731072712 24.5749240387452 3.253400318943054 0.09364407141396039 1.2039852253859635 0.4625351609592693 
[1, 24], [24, 15], [1, 10], [10, 10], [1], 1, 0.001, 1, False, False 2.480096364352438 34.67250870507149 8.289952951325203 0.06744868159557658 0.7805236294113357 0.4170668955827323 
[1, 24], [24, 10], [1, 10], [10, 10], [1], 5, 0.001, 1, False, False 2.116919477670281 30.768811861486427 5.860905305377162 0.048023481423242476 0.7225617987275841 0.13566082038250035 
[1, 24], [24, 5], [1, 10], [10, 10], [1], 10, 0.001, 1, False, False 1.5363581673966518 24.644839970254377 3.059327461431216 0.014723448234538864 0.3594575013078474 0.13086198291099288 
[1, 24], [24, 15], [1, 10], [20, 20], [0, 1], 5, 0.001, 1, False, False 1.6432081995186987 24.9829766047946 3.39472583224279 0.06817840875832462 0.9507542354205641 0.369969548870961 
[1, 24], [24, 10], [1, 10], [10, 10], [0, 1], 5, 0.001, 1, False, False 1.9503654099724912 28.982610519951873 5.085937553467249 0.3203598715487529 3.6737554738343854 1.9048983224270841 
[1, 24], [24, 5], [1, 10], [20, 20], [0, 1], 10, 0.001, 1, False, False 1.5355689892890279 24.857190998817625 3.052281226402187 0.03937346835529119 0.534725164590137 0.04573716732808614 
[1, 24], [24, 10], [1, 10], [20, 20], [1], 10, 0.001, 1, False, False 1.4113528469922365 22.761189500896066 2.775787568971756 0.045158067125806715 0.8564219159130126 0.10704984340570976 
[1, 24], [24, 15], [1, 10], [20, 20], [1], 5, 0.001, 1, False, False 1.6393813367795065 24.51139490015232 3.4585614739772197 0.21697869289981875 2.621350813733046 1.0661594545698372 
[1, 24], [24, 5], [1, 5], [20, 20], [1], 10, 0.001, 1, False, False 1.6244157372801393 24.921967821615723 3.2308713081249447 0.11943081902600623 1.486374964309971 0.5162468726522507 
[1, 24], [24, 5], [1, 10], [10, 10], [0, 1], 10, 0.001, 1, False, False 1.4608896273981642 23.342091634500502 2.798393163662801 0.10063104396289503 1.5271580943116942 0.23740514495231857 
[1, 24], [24, 1], [1, 5], [20, 20], [0, 1], 10, 0.001, 1, False, False 1.6084158511349453 25.797395201640835 3.2577863904885813 0.041537778615027436 0.7709836727383609 0.19722430578776373 
[1, 24], [24, 15], [1, 10], [10, 10], [1], 5, 0.001, 1, False, False 1.9029003876778814 27.921561660333534 4.753589273330835 0.1014757649023085 1.40463792200954 0.6342525430135915 
[1, 24], [24, 1], [1, 5], [10, 10], [0, 1], 10, 0.001, 1, False, False 1.8572991603502518 28.811336592577888 4.2452098627770445 0.09839097210604758 1.0621397091443185 0.47792124697180405 
[1, 24], [24, 5], [1, 5], [10, 10], [1], 10, 0.001, 1, False, False 1.6781959332801681 25.67450858630801 3.6261411090377216 0.25019655282154174 2.747344113127809 0.9831832563108677 
[1, 24], [24, 10], [1, 5], [20, 20], [1], 10, 0.001, 1, False, False 1.5352609527055865 24.75676335399146 3.2651358323880277 0.05826634681196389 1.0531486812830289 0.2573886575821182 
[1, 24], [24, 5], [1, 5], [20, 20], [0, 1], 10, 0.001, 1, False, False 1.5925115824297624 24.76411191711574 3.3915438550550725 0.06426602920298104 1.4115210393273574 0.37020352736159823 
[1, 24], [24, 1], [1, 10], [20, 20], [1], 1, 0.001, 1, False, False 2.4754824476661508 34.41902912689395 8.334770639091966 0.05439654975865719 1.0781410196695154 0.2393544302570288 
[1, 24], [24, 5], [1, 10], [20, 20], [1], 20, 0.001, 1, False, False 1.371139060209195 21.843867934254344 2.5319294347146233 0.03507052479035422 0.5668897300307809 0.16517928661020329 
[1, 24], [24, 10], [1, 10], [10, 10], [1], 10, 0.001, 1, False, False 1.4570255264915806 23.63691794847844 2.969747680432945 0.1283265736550977 2.2618280486258264 0.5033562230312268 
[1, 24], [24, 1], [1, 5], [10, 10], [1], 10, 0.001, 1, False, False 1.6271139250309383 25.436359937690327 3.2554637266741273 0.07148472448757305 1.1302943836653072 0.39740152660167566 
[1, 24], [24, 10], [1, 5], [10, 10], [1], 1, 0.001, 1, False, False 2.496997569059884 35.17544959015257 8.342599177774373 0.03333974848312285 0.19200644571387182 0.297475827034351 
[1, 24], [24, 1], [1, 10], [20, 20], [0, 1], 20, 0.001, 1, False, False 1.445915763494041 23.782707017065672 2.8396720407753784 0.009851156223425235 0.239003825455137 0.04068234120225291 
[1, 24], [24, 1], [1, 10], [20, 20], [1], 5, 0.001, 1, False, False 2.0412395694741496 29.94982709277038 5.4958036680418045 0.26888593453059195 3.0183599500711757 1.5440298393917906 
[1, 24, 48], [24, 1, 1], [1, 10, 10], [10, 10, 10], [0, 1, 2], 1, 0.001, 1, False, False 2.463968337189268 34.68529866875944 8.126941893032111 0.03284134804458557 0.5066202438003018 0.214914524021439 
[1, 24], [24, 15], [1, 5], [10, 10], [0, 1], 10, 0.001, 1, False, False 1.4709155260688733 22.711800605286744 2.5767225596126817 0.017481604831965068 0.15003017521893747 0.06572307925794155 
[1, 24], [24, 5], [1, 5], [10, 10], [0, 1], 1, 0.001, 1, False, False 2.522203403380182 35.49102931098907 8.481098861543371 0.006981727304607935 0.06844211369572063 0.06973817413169685 
[1, 24], [24, 10], [1, 5], [10, 10], [1], 5, 0.001, 1, False, False 2.1940899389209574 31.73905303292098 6.385850498348998 0.08266355157630999 0.7520276881852946 0.7168775422998998 
[1, 24], [24, 1], [1, 10], [20, 20], [1], 10, 0.001, 1, False, False 1.5102047840754196 24.497609428695757 3.1041531357828593 0.04330589264614527 0.7000615898863903 0.21867752870407545 
[1, 24], [24, 1], [1, 5], [20, 20], [1], 20, 0.001, 1, False, False 1.4174459870490768 23.502007769638805 2.791497640019512 0.02784666369245302 0.3879057812383274 0.14397733876099306 
[1, 24, 48], [24, 10, 1], [1, 5, 5], [10, 10, 10], [0, 1, 2], 1, 0.001, 1, False, False 2.4371766828828387 34.252951626575964 8.018963053256128 0.005367660601413702 0.08709031285193347 0.056752567784263845 
[1, 24, 48], [24, 5, 1], [1, 10, 10], [20, 20, 20], [0, 1, 2], 1, 0.001, 1, False, False 2.4699057752887406 34.65886667860804 8.205447403872938 0.034554573688363927 0.39876513668331803 0.2345331487423522 
[1, 24, 48], [24, 15, 1], [1, 5, 5], [20, 20, 20], [0, 1, 2], 1, 0.001, 1, False, False 2.4115712175766624 33.71175515824401 7.92863564910795 0.10962031187677293 1.4764547650917825 0.5922847595793148 
[1, 24, 48], [24, 15, 5], [1, 10, 10], [10, 10, 10], [0, 1, 2], 1, 0.001, 1, False, False 2.390083265194186 33.64908618576747 7.754256850143322 0.06763214419082601 0.9631396233189881 0.3789777989099689 
[1, 24], [24, 1], [1, 10], [10, 10], [1], 1, 0.001, 1, False, False 2.5279452784193883 35.53297675174082 8.509753502254846 0.011061831809549396 0.23154460365797197 0.05141285994724258 
[1, 24], [24, 5], [1, 10], [10, 10], [1], 20, 0.001, 1, False, False 1.5045282082425224 24.134625082632212 2.994268844764225 0.08864887759992923 1.360268463725625 0.3162054328673554 
[1, 24], [24, 15], [1, 10], [20, 20], [1], 10, 0.001, 1, False, False 1.4444363652004142 23.037270911809475 2.8082348194445523 0.07004771329159805 1.2129650812926949 0.19997232901815518 
[1, 24], [24, 5], [1, 10], [20, 20], [1], 1, 0.001, 1, False, False 2.4667865111871996 34.302778523473314 8.212562427531516 0.021037410203606118 0.4440521277179807 0.10786270950240721 
[1, 24], [24, 15], [1, 10], [10, 10], [1], 10, 0.001, 1, False, False 1.4806949064411503 23.68061387079787 2.8864638031848133 0.08310844719535343 1.1536672465427074 0.2371217487662898 
[1, 24], [24, 10], [1, 5], [10, 10], [0, 1], 20, 0.001, 1, False, False 1.3522540977155721 21.941626364464877 2.5803186303560888 0.03942376790367306 0.5655404792315684 0.11533010924798585 
[1, 24], [24, 1], [1, 10], [10, 10], [1], 5, 0.001, 1, False, False 2.29743596944544 32.92068277912386 7.172359824832385 0.15308335991480948 2.0464652930882883 0.911473730910437 
[1, 24], [24, 1], [1, 5], [10, 10], [1], 20, 0.001, 1, False, False 1.5514378148924424 25.029018106762972 3.2182698890162578 0.06365024621224494 0.7404800231743073 0.21701209842245292 
[1, 24], [24, 5], [1, 5], [10, 10], [0, 1], 5, 0.001, 1, False, False 2.049723475343651 30.180604205699893 5.7245425627546105 0.11697816044412156 1.2902842317953975 0.5883324272114722 
[1, 24], [24, 10], [1, 10], [20, 20], [1], 20, 0.001, 1, False, False 1.408145967705382 22.768355148052702 2.683957409583177 0.03642218673373414 0.6054011604899265 0.13432737033151607 
[1, 24, 48], [24, 1, 1], [1, 10, 10], [20, 20, 20], [0, 1, 2], 5, 0.001, 1, False, False 1.489304950391805 23.830570565525395 2.8468599911621943 0.1426221250653544 1.7150762855586772 0.503287483518004 
[1, 24], [24, 1], [1, 5], [20, 20], [1], 1, 0.001, 1, False, False 2.4689702008057526 34.63637588734631 8.239762392012244 0.06634041112269166 0.7825396131990711 0.4018783751495171 
[1, 24], [24, 10], [1, 5], [20, 20], [0, 1], 1, 0.001, 1, False, False 2.517887097431553 34.937510179586894 8.610088532869538 0.02961579498325137 0.6708885880483839 0.08755493040385513 
[1, 24], [24, 15], [1, 5], [10, 10], [1], 1, 0.001, 1, False, False 2.5197590992406567 35.2872540532987 8.469613045429746 0.03072514384241666 0.44163171348000474 0.1445528568587139 
[1, 24], [24, 10], [1, 10], [20, 20], [0, 1], 10, 0.001, 1, False, False 1.4205651138115816 23.05835809992723 2.7433327482351806 0.058363196872058806 0.7609949871452741 0.08327257471273118 
[1, 24], [24, 15], [1, 5], [10, 10], [1], 20, 0.001, 1, False, False 1.475581338532545 23.897629221252895 2.868638136953208 0.08903024806530555 1.558366250662666 0.2859861847872779 
[1, 24], [24, 5], [1, 5], [20, 20], [1], 20, 0.001, 1, False, False 1.51067735210613 24.433450724894637 2.976410267564941 0.0547401177790526 0.9030477662150533 0.21029944519176746 
[1, 24, 48], [24, 15, 15], [1, 10, 10], [20, 20, 20], [0, 1, 2], 1, 0.001, 1, False, False 2.4581263506302125 34.331069782402636 8.188992918360043 0.0048644937137019475 0.03065054605037394 0.008008101775385267 
[1, 24], [24, 15], [1, 5], [20, 20], [1], 1, 0.001, 1, False, False 2.4981358817882007 34.80032087098897 8.409060523992911 0.0314041526404936 0.6306233042233756 0.14989723478068215 
[1, 24], [24, 5], [1, 10], [20, 20], [1], 5, 0.001, 1, False, False 1.7355171202785442 26.17280448550486 3.923895778194133 0.22583790877775795 2.6273845651980294 1.3226296736301844 
[1, 24], [24, 5], [1, 10], [10, 10], [1], 1, 0.001, 1, False, False 2.4932331027808012 34.91410034337436 8.32672769827681 0.054844953064401264 0.43587427993801314 0.4093600718246608 
[1, 24], [24, 10], [1, 5], [10, 10], [1], 10, 0.001, 1, False, False 1.7677132041366015 26.36398071486306 4.242287512493185 0.35069943582663715 4.702474429721181 1.9300291353957966 
[1, 24], [24, 5], [1, 5], [10, 10], [1], 20, 0.001, 1, False, False 1.5162962518632417 24.374859705085726 3.012245951613504 0.08103187756244026 1.2060524572633688 0.22929196750828124 
[1, 24, 48], [24, 1, 1], [1, 10, 10], [10, 10, 10], [0, 1, 2], 5, 0.001, 1, False, False 1.8939541698054032 28.17751118006679 4.7806143453946595 0.4345336376020796 5.240620699714149 2.523424926624163 
[1, 24], [24, 1], [1, 5], [20, 20], [1], 5, 0.001, 1, False, False 2.176246867797993 31.6887869973467 6.300559383197027 0.19347453746621826 2.457247884797658 1.2269796454806516 
[1, 24], [24, 1], [1, 10], [10, 10], [1], 10, 0.001, 1, False, False 1.5276902443832823 24.813109083277112 3.053420504090765 0.04068644120557349 0.6014520878073412 0.08629749173250735 
[1, 24], [24, 10], [1, 10], [10, 10], [1], 20, 0.001, 1, False, False 1.3741182678551584 21.824674607483995 2.559513659535992 0.06933118000819237 0.8967444881346194 0.10672129054217501 
[1, 24], [24, 5], [1, 5], [20, 20], [1], 1, 0.001, 1, False, False 2.486450485995522 34.54686258870393 8.377542523239848 0.028500817200935974 0.5707116592047825 0.12800647218936 
[1, 24], [24, 15], [1, 10], [20, 20], [0, 1], 10, 0.001, 1, False, False 1.5071036826957156 24.22946894924388 3.0100811836156898 0.029933702183238972 0.4220542369595201 0.09218518302757163 
[1, 24], [24, 10], [1, 10], [10, 10], [0, 1], 10, 0.001, 1, False, False 1.506072701872499 24.308034557013116 2.9237355522875674 0.07087234385728208 1.1157209932654373 0.2526635873944775 
[1, 24], [24, 1], [1, 10], [20, 20], [1], 20, 0.001, 1, False, False 1.40659536956637 22.964226042204107 2.77590707533848 0.030381059381944152 0.43211335334041834 0.14593215943039484 
[1, 24], [24, 10], [1, 10], [20, 20], [1], 1, 0.001, 1, False, False 2.454445284605026 34.34574710631082 8.197780890874855 0.02277561260961792 0.657506835005185 0.029278497663889496 
[1, 24], [24, 15], [1, 5], [10, 10], [1], 5, 0.001, 1, False, False 2.0341563518400547 29.437984045398483 5.528974625470717 0.1745803540619241 2.2451804692593034 1.0753027354909093 
[1, 24], [24, 10], [1, 5], [20, 20], [1], 20, 0.001, 1, False, False 1.4105803846761036 22.744311739796174 2.7703468218199396 0.0169751807431173 0.30907260226550526 0.06365103435009145 
[1, 24], [24, 10], [1, 10], [10, 10], [1], 1, 0.001, 1, False, False 2.4569743658105536 34.584600518205995 8.135895283636648 0.03752924683837415 0.35998082984598045 0.2814605257165831 
[1, 24], [24, 1], [1, 10], [10, 10], [0, 1], 20, 0.001, 1, False, False 1.552803624697306 25.497681955702493 3.25467077414498 0.08340503658735969 1.3598923805946224 0.3632260475801522 
[1, 24], [24, 5], [1, 10], [10, 10], [1], 5, 0.001, 1, False, False 1.7814244205201113 26.534355460937686 4.073415561863832 0.1900313815563404 2.3748385264623333 0.9919947616249442 
[1, 24], [24, 15], [1, 5], [20, 20], [1], 5, 0.001, 1, False, False 1.9546810427749601 28.985039274197305 4.95846453596156 0.1875725854882674 1.8385012452589384 1.2962379015646766 
[1, 24], [24, 1], [1, 10], [20, 20], [0, 1], 1, 0.001, 1, False, False 2.518215815502184 35.31780413949431 8.507734815362221 0.013441791685717094 0.21652265188792358 0.09214671380111063 
[1, 24, 48], [24, 15, 1], [1, 10, 10], [10, 10, 10], [0, 1, 2], 5, 0.001, 1, False, False 1.5051178032877273 23.03404381630317 2.842997511865663 0.0717226000922529 1.2984744921557954 0.24481393211038657 
[1, 24, 48], [24, 15, 5], [1, 10, 10], [20, 20, 20], [0, 1, 2], 5, 0.001, 1, False, False 1.4449638277292258 22.24538969823756 2.5553847213293372 0.07141392429187085 0.6348964257836638 0.09409399579826935 
[1, 24], [24, 1], [1, 5], [20, 20], [1], 10, 0.001, 1, False, False 1.6804781970602498 26.84660770584046 3.5232926580831396 0.047431322645789795 1.0178810296817689 0.16224027958786943 
[1, 24], [24, 15], [1, 5], [20, 20], [0, 1], 20, 0.001, 1, False, False 1.4270070075712826 23.188355802377355 2.7763503124344435 0.07602708407034964 1.0174382234815618 0.15431126535774303 
[1, 24, 48], [24, 10, 1], [1, 5, 5], [20, 20, 20], [0, 1, 2], 5, 0.001, 1, False, False 1.861221431554468 28.467313211327323 4.541451724209308 0.24400897451610323 2.539615215634836 1.273220319414255 
[1, 24], [24, 10], [1, 10], [20, 20], [1], 5, 0.001, 1, False, False 1.7062858625142663 25.41039188464696 3.5951950048560932 0.22368923714437064 3.1296360002948798 0.9304702555529272 
[1, 24, 48], [24, 5, 1], [1, 5, 5], [10, 10, 10], [0, 1, 2], 5, 0.001, 1, False, False 1.858546230914416 27.72472097151211 4.345256446103346 0.12288628276004138 1.6478402577379063 0.7851596612372795 
[1, 24], [24, 10], [1, 5], [20, 20], [0, 1], 5, 0.001, 1, False, False 2.0969217704402077 30.625235478223875 5.6244446075737455 0.0892007218354456 1.1113037813522095 0.6819792120549655 
[1, 24], [24, 15], [1, 10], [10, 10], [0, 1], 1, 0.001, 1, False, False 2.4925795016465364 34.9145414545055 8.335755911224155 0.02498615293301344 0.39303483135000666 0.15396530565274272 
[1, 24], [24, 5], [1, 10], [20, 20], [1], 10, 0.001, 1, False, False 1.5215203675131006 24.519978190382215 2.9773093642182005 0.06353316858438855 0.9707984727093436 0.1908108880163925 
[1, 24, 48], [24, 15, 15], [1, 5, 5], [10, 10, 10], [0, 1, 2], 5, 0.001, 1, False, False 1.582943730939318 23.737527213364373 3.063786924775645 0.06765839543506609 1.0877795740280258 0.3232662197289967 
[1, 24, 48], [24, 10, 1], [1, 5, 5], [10, 10, 10], [0, 1, 2], 5, 0.001, 1, False, False 1.9858887797152558 29.334471255468355 4.980061787247316 0.10188608958089596 0.969011563275347 0.8124380152581054 
[1, 24, 48], [24, 15, 1], [1, 5, 5], [20, 20, 20], [0, 1, 2], 5, 0.001, 1, False, False 1.8177786577079031 26.67936349864939 4.131969427949989 0.20264518461397757 2.400028632262999 0.9306661519697835 
[1, 24, 48], [24, 5, 1], [1, 10, 10], [20, 20, 20], [0, 1, 2], 5, 0.001, 1, False, False 1.5058335835459058 23.539633024621352 2.779245145595127 0.0873728851004366 1.8313589432555188 0.37051042802887807 
[1, 24], [24, 15], [1, 5], [10, 10], [1], 10, 0.001, 1, False, False 1.5599719543699868 24.155668259065564 2.97320138291451 0.020883710232439463 0.9048256620372515 0.1774155356091097 
[1, 24, 48], [24, 15, 5], [1, 10, 10], [10, 10, 10], [0, 1, 2], 5, 0.001, 1, False, False 1.5137800441296017 23.583114042155653 2.7971186722096957 0.0439699671975 0.8495892563139277 0.19842265471164136 
[1, 24, 48], [24, 1, 1], [1, 5, 5], [10, 10, 10], [0, 1, 2], 10, 0.001, 1, False, False 1.538315336461421 24.643681263443582 2.9310441194715495 0.046674765668417884 0.6276796945996901 0.21520583736632645 
[1, 24], [24, 1], [1, 10], [10, 10], [1], 20, 0.001, 1, False, False 1.601785816859316 25.655622377616325 3.3755061300283824 0.04750999383901531 0.6935225347963763 0.15462061414472825 
[1, 24, 48], [24, 1, 1], [1, 5, 5], [10, 10, 10], [1, 2], 1, 0.001, 1, False, False 2.485151544599621 34.97765824190677 8.275945838925216 0.015308021845506694 0.2511975504934338 0.07342101814932513 
[1, 24, 48], [24, 10, 1], [1, 5, 5], [20, 20, 20], [1, 2], 1, 0.001, 1, False, False 2.4968122066722978 34.9580218572396 8.327352491861959 0.007831336333916555 0.12159751726605954 0.08263404980671149 
[1, 24, 48], [24, 15, 5], [1, 5, 5], [10, 10, 10], [0, 1, 2], 10, 0.001, 1, False, False 1.528386451441933 23.99726389136812 2.9023929581496737 0.06603630972005793 0.6356387035072696 0.11488464157899915 
[1, 24], [24, 5], [1, 5], [10, 10], [0, 1], 10, 0.001, 1, False, False 1.5158788449786333 23.506356159726575 2.9393690120703817 0.11986890708955977 1.8055545603722567 0.6764515091058203 
[1, 24], [24, 5], [1, 10], [10, 10], [0, 1], 20, 0.001, 1, False, False 1.4690024634202323 23.801739293301797 2.855279013045457 0.07819778890124743 1.3160188732470932 0.3010634628142479 
[1, 24], [24, 1], [1, 10], [20, 20], [0, 1], 5, 0.001, 1, False, False 1.995816616272485 29.745607813600117 5.1422431990200455 0.20861013673539414 2.420752704866719 1.2883215782732904 
[1, 24, 48], [24, 15, 15], [1, 10, 10], [20, 20, 20], [0, 1, 2], 5, 0.001, 1, False, False 1.4721361555986936 23.416418652843685 2.871952474672439 0.1392605460135512 2.4943945951645032 0.5151403311290477 
[1, 24], [24, 1], [1, 5], [20, 20], [0, 1], 20, 0.001, 1, False, False 1.4436744802252013 23.780922850736975 2.8343120645935596 0.041927977044238195 0.8799938476728307 0.2625025535527863 
[1, 24], [24, 5], [1, 10], [20, 20], [0, 1], 1, 0.001, 1, False, False 2.4685927034528166 34.55713891185258 8.183403262625331 0.024831312951104748 0.31105931381576163 0.16299524598668452 
[1, 24], [24, 1], [1, 5], [10, 10], [0, 1], 20, 0.001, 1, False, False 1.4367549696178352 23.686950902786425 2.8301110425227205 0.059100480769630676 0.7897321863317371 0.15618768259260285 
[1, 24], [24, 15], [1, 5], [20, 20], [1], 10, 0.001, 1, False, False 1.5962007610886186 25.548653444969272 3.4730004993169357 0.0537408377953102 1.4594969221913656 0.38865304131473677 
[1, 24], [24, 1], [1, 10], [10, 10], [0, 1], 1, 0.001, 1, False, False 2.5183609939283795 35.210624290125445 8.484849430436478 0.032590559348456116 0.5211853952101791 0.23423943017445142 
[1, 24], [24, 5], [1, 5], [20, 20], [0, 1], 20, 0.001, 1, False, False 1.4050851429502174 22.638782086471554 2.723904457164268 0.04896000710969951 0.3944067447034679 0.17301103869713416 
[1, 24], [24, 15], [1, 10], [20, 20], [1], 20, 0.001, 1, False, False 1.3757107949367275 21.983449790139037 2.6315151909250045 0.060350496378810015 1.023695645834022 0.2262395755422794 
[1, 24], [24, 1], [1, 5], [20, 20], [0, 1], 1, 0.001, 1, False, False 2.521612338500994 35.21535510311105 8.574593100906332 0.024286576503130628 0.5056205062069329 0.07615294959769668 
[1, 24, 48], [24, 15, 10], [1, 5, 5], [10, 10, 10], [1, 2], 5, 0.001, 1, False, False 1.787077734536595 26.868083965857704 4.330384559230946 0.19715506070131894 1.9775428013380179 0.9932977666459765 
[1, 24, 48], [24, 1, 1], [1, 5, 5], [20, 20, 20], [1, 2], 5, 0.001, 1, False, False 1.8878191465580907 27.477614714135168 4.762438458946102 0.24304089384844613 3.0143181649703608 1.4241234569059174 
[1, 24], [24, 1], [1, 5], [10, 10], [1], 1, 0.001, 1, False, False 2.5190837812644458 35.254023156507174 8.528246693819176 0.0036273243982167113 0.15023032655910487 0.10812413706083575 
[1, 24], [24, 15], [1, 10], [10, 10], [1], 20, 0.001, 1, False, False 1.405487161240092 22.70906576745084 2.6862826508458126 0.07208834238928824 1.1325474434894 0.15039096669671564 
[1, 24, 48], [24, 10, 1], [1, 5, 5], [20, 20, 20], [1, 2], 5, 0.001, 1, False, False 1.6810442188271775 25.649834426257502 3.450298113309516 0.12374240195960089 1.4771896763644763 0.48582583844811006 
[1, 24], [24, 5], [1, 10], [10, 10], [0, 1], 1, 0.001, 1, False, False 2.523902802003755 35.42377939441011 8.51429752513346 0.027066463104433135 0.47501036130069824 0.15376349802750494 
[1, 24], [24, 5], [1, 10], [20, 20], [0, 1], 20, 0.001, 1, False, False 1.4382817915744255 23.037591326455985 2.8007562654932556 0.05094519644431494 0.7349793920848836 0.1485333920757438 
[1, 24, 48], [24, 15, 5], [1, 5, 5], [10, 10, 10], [1, 2], 1, 0.001, 1, False, False 2.4642909905976715 34.606422541773846 8.19457725744555 0.09275170391441565 1.3324838438972668 0.5235179099234831 
[1, 24, 48], [24, 1, 1], [1, 5, 5], [10, 10, 10], [1, 2], 5, 0.001, 1, False, False 1.801288490604472 26.510764960316166 4.192983350267692 0.2862100519972587 3.5673773647544174 1.343170427898228 
[1, 24], [24, 15], [1, 10], [20, 20], [1], 1, 0.001, 1, False, False 2.4884435302129497 34.79464458966848 8.324946671621191 0.016156885767607695 0.20941200597903872 0.2042555874286994 
[1, 24], [24, 15], [1, 10], [10, 10], [0, 1], 5, 0.001, 1, False, False 2.0262179441474104 28.902444356227793 5.726747667973133 0.2706021869385411 3.3875301303142655 1.3763803424660113 
[1, 24], [24, 10], [1, 5], [10, 10], [1], 20, 0.001, 1, False, False 1.4089888263355805 22.752453261487705 2.7204449634147525 0.04294871176067099 0.6929444397585793 0.053563189320463195 
[1, 24, 48], [24, 15, 1], [1, 10, 10], [20, 20, 20], [0, 1, 2], 10, 0.001, 1, False, False 1.4529143373723388 23.057319248914798 2.708158111354063 0.03113221425083871 0.41681665799901996 0.15952293294815492 
[1, 24], [24, 10], [1, 5], [10, 10], [0, 1], 1, 0.001, 1, False, False 2.5252460999069393 35.4186029900043 8.590298388563527 0.0462632641245305 0.8609780852795341 0.26712079069260813 
[1, 24, 48], [24, 15, 1], [1, 10, 10], [10, 10, 10], [0, 1, 2], 10, 0.001, 1, False, False 1.496174406370631 23.656026532911984 2.7926777455151375 0.024922279012704267 0.38824317342830444 0.06836701168106182 
[1, 24, 48], [24, 5, 1], [1, 5, 5], [20, 20, 20], [0, 1, 2], 10, 0.001, 1, False, False 1.487809379536797 23.75971674025787 2.914303275407 0.08907198436270786 1.5578355203061443 0.25418186892645633 
[1, 24], [24, 1], [1, 5], [10, 10], [1], 5, 0.001, 1, False, False 2.445002336027446 34.59035579310804 8.052575800221215 0.05584263173950235 0.42695090618653125 0.38767778835678696 
[1, 24, 48], [24, 5, 1], [1, 5, 5], [10, 10, 10], [2], 1, 0.001, 1, False, False 2.517454917784091 35.32839941433077 8.469649896304555 0.01888325258325074 0.2263515801000302 0.12791535000103155 
[1, 24, 48], [24, 1, 1], [1, 10, 10], [20, 20, 20], [0, 1, 2], 10, 0.001, 1, False, False 1.5226893203953902 23.63680297720582 2.8578426849302887 0.0964281082125641 1.0712712756285356 0.22061164552567514 
[1, 24, 48], [24, 20, 5], [1, 5, 5], [20, 20, 20], [2], 1, 0.001, 1, False, False 2.5399367655868885 35.64001324092507 8.608675511670482 0.008884876674800089 0.10338835798508086 0.055850006112357624 
[1, 24, 48], [24, 20, 15], [1, 10, 10], [20, 20, 20], [2], 1, 0.001, 1, False, False 2.4092390284494116 33.881691708387315 7.925891586319725 0.11039670051011063 1.1995587791059685 0.6653162394547603 
[1, 24, 48], [24, 20, 10], [1, 10, 10], [10, 10, 10], [2], 1, 0.001, 1, False, False 2.5124323685412056 35.28235603107223 8.428798277932065 0.016223070917641247 0.2672368973669699 0.08361252715971605 
[1, 24], [24, 5], [1, 10], [20, 20], [0, 1], 5, 0.001, 1, False, False 2.002539519689701 29.346508893201957 5.322548652343258 0.3142860997706151 3.461435465458837 1.957135179857378 
[1, 24, 48], [24, 1, 1], [1, 5, 5], [20, 20, 20], [0, 1, 2], 20, 0.001, 1, False, False 1.4262373222245113 22.875622858474173 2.6490028393773533 0.03971424757693403 0.7258455559100763 0.05475516615156028 
[1, 24], [24, 1], [1, 10], [10, 10], [0, 1], 5, 0.001, 1, False, False 2.2013852313160895 32.133890819555084 6.553888671022975 0.14976104442820634 1.5266268968591235 0.8393491367740388 
[1, 24, 48], [24, 5, 1], [1, 5, 5], [10, 10, 10], [1, 2], 10, 0.001, 1, False, False 1.5276363786999827 24.242470311424768 2.901781087100496 0.07286350364397619 1.174807451611993 0.2482721897278112 
[1, 24, 48], [24, 5, 1], [1, 5, 5], [20, 20, 20], [2], 5, 0.001, 1, False, False 2.0340222296891386 29.499490547116675 5.49738590107184 0.06469067954875012 0.6466751795799182 0.5314703654486618 
[1, 24, 48], [24, 20, 5], [1, 10, 10], [10, 10, 10], [2], 5, 0.001, 1, False, False 1.7922168503204983 26.27642159716125 4.307673604970137 0.23671419882712552 2.2902989883029212 1.5051307412147867 
[1, 24, 48], [24, 15, 5], [1, 5, 5], [20, 20, 20], [1, 2], 5, 0.001, 1, False, False 1.630061158648244 24.087548056135585 3.2015889512024938 0.13925446292559154 1.6462234001473077 0.5897755021223285 
[1, 24, 48], [24, 5, 1], [1, 10, 10], [10, 10, 10], [0, 1, 2], 1, 0.001, 1, False, False 2.419327568124842 34.05856675258861 7.93718533307081 0.041461260078296966 0.41051845431866973 0.24679195540381296 
[1, 24, 48], [24, 20, 10], [1, 10, 10], [20, 20, 20], [2], 5, 0.001, 1, False, False 1.5357309564948085 22.332273829234904 3.017126955978528 0.21557652531677782 2.537300522945391 0.9198796789141485 
[1, 24], [24, 10], [1, 5], [20, 20], [0, 1], 10, 0.001, 1, False, False 1.5591529584593247 24.757083386953905 3.224517972738084 0.11824194171853684 1.749912753527667 0.3706736609637545 
[1, 24, 48], [24, 5, 1], [1, 5, 5], [10, 10, 10], [2], 5, 0.001, 1, False, False 2.2300576799445686 31.63763300281683 6.734656833337006 0.3046256216546317 3.9329851459685243 1.9355614743360194 
[1, 24, 48], [24, 20, 5], [1, 5, 5], [20, 20, 20], [2], 5, 0.001, 1, False, False 1.8571273432837596 27.871589045806378 4.227178799913809 0.15087652128586507 1.684129214241537 0.8372322205531302 
[1, 24, 48], [24, 1, 1], [1, 10, 10], [10, 10, 10], [0, 1, 2], 10, 0.001, 1, False, False 1.5155509477964155 24.097980897523374 2.8907315945939582 0.016619788994581653 0.5136848399600801 0.1331832379288492 
[1, 24, 48], [24, 20, 10], [1, 10, 10], [10, 10, 10], [2], 5, 0.001, 1, False, False 1.5709660174670044 22.99041148985279 2.9187244560768657 0.03392106700255243 0.8110114290609721 0.1649526039608958 
[1, 24, 48], [24, 20, 15], [1, 10, 10], [20, 20, 20], [2], 5, 0.001, 1, False, False 1.7250805744418394 25.97488644072919 3.9739308950269927 0.11301491921783526 0.6783449897682228 0.4395182764325721 
[1, 24], [24, 1], [1, 10], [20, 20], [0, 1], 10, 0.001, 1, False, False 1.5422266495724521 24.631627465023683 3.116900111787255 0.07786069918076331 0.6926815662279705 0.14749754156460493 
[1, 24, 48], [24, 15, 5], [1, 5, 5], [10, 10, 10], [1, 2], 5, 0.001, 1, False, False 1.6970738275183574 25.39190171674403 3.531892179688306 0.06605794008493332 1.5320144903687127 0.2739380333392123 
[1, 24], [24, 15], [1, 5], [10, 10], [0, 1], 20, 0.001, 1, False, False 1.4021585054419659 22.59226159479303 2.7188989464423927 0.05513732901091442 0.6764608287078422 0.16362428051311512 
[1, 24, 48], [24, 5, 1], [1, 10, 10], [10, 10, 10], [2], 10, 0.001, 1, False, False 1.6705101736717756 25.663128071100232 3.2994267504255803 0.06150532774833888 1.0243704606466284 0.2418668094901579 
[1, 24, 48], [24, 20, 5], [1, 10, 10], [20, 20, 20], [2], 10, 0.001, 1, False, False 1.5823770306176614 24.415765074108624 3.126533970139112 0.11813903477531508 2.3386138398822336 0.4937712981539639 
[1, 24], [24, 10], [1, 5], [10, 10], [0, 1], 5, 0.001, 1, False, False 2.173299274345239 31.052181759290246 6.239391714654462 0.19715356382995503 2.6372052302996853 1.1628019543593442 
[1, 24], [24, 15], [1, 5], [20, 20], [0, 1], 1, 0.001, 1, False, False 2.4969109190834895 34.866049822114604 8.392961837212615 0.06774291358809748 0.9566327371913967 0.3886465059378343 
[1, 24, 48], [24, 15, 5], [1, 5, 5], [20, 20, 20], [0, 1, 2], 20, 0.001, 1, False, False 1.4589685702213535 22.693311688475944 2.7038441400435254 0.034831891705778883 0.8962844251361879 0.0648118997972116 
[1, 24, 48], [24, 15, 10], [1, 5, 5], [20, 20, 20], [1, 2], 10, 0.001, 1, False, False 1.5151173839138616 23.759643572358343 2.991732765351918 0.051567007167832274 0.8361262765969427 0.24001809827481013 
[1, 24, 48], [24, 20, 15], [1, 5, 5], [10, 10, 10], [2], 10, 0.001, 1, False, False 1.5501993039139998 23.317444582429474 3.0066083962496992 0.11726076386046834 1.579691471303095 0.5101322504533556 
[1, 24, 48], [24, 10, 1], [1, 5, 5], [20, 20, 20], [1, 2], 10, 0.001, 1, False, False 1.4788812600628096 23.158483887410146 2.792081909040313 0.046424085564379915 0.13914199374363984 0.08238412762972744 
[1, 24, 48], [24, 1, 1], [1, 5, 5], [20, 20, 20], [1, 2], 10, 0.001, 1, False, False 1.5288325629852437 23.703273454430477 2.956396103947659 0.09963212943619089 1.3539005237483195 0.38788112759862003 
[1, 24, 48], [24, 15, 10], [1, 5, 5], [10, 10, 10], [1, 2], 10, 0.001, 1, False, False 1.4296427086547572 22.598941157667415 2.606771353122746 0.014763151059641159 0.225718631657185 0.08284450894921236 
[1, 24, 48], [24, 15, 15], [1, 10, 10], [10, 10, 10], [0, 1, 2], 1, 0.001, 1, False, False 2.40466006503061 33.2695004062359 7.9285269515793075 0.10748858571114513 1.8221131067282474 0.5044106160402915 
[1, 24, 48], [24, 5, 1], [1, 5, 5], [20, 20, 20], [1, 2], 20, 0.001, 1, False, False 1.4046930862521687 22.509710122648006 2.6296666682548544 0.020875761876402023 0.6001242658803814 0.13975860117331107 
[1, 24, 48], [24, 15, 15], [1, 5, 5], [20, 20, 20], [0, 1, 2], 10, 0.001, 1, False, False 1.5393123919489209 24.49215654545593 2.9848133572250983 0.09328607574987745 1.3747412347801469 0.33927656192073674 
[1, 24, 48], [24, 5, 1], [1, 5, 5], [20, 20, 20], [2], 10, 0.001, 1, False, False 1.745589490372826 27.150152092680333 3.9167519062598024 0.06945405699631928 0.2918786078499911 0.33332977089498184 
[1, 24, 48], [24, 1, 1], [1, 5, 5], [10, 10, 10], [1, 2], 10, 0.001, 1, False, False 1.5796408294251674 24.956888641890476 3.078429303096731 0.03592207212677261 0.7497123518299281 0.08673321482487224 
[1, 24, 48], [24, 15, 15], [1, 5, 5], [10, 10, 10], [0, 1, 2], 10, 0.001, 1, False, False 1.475367376980958 23.09535561135864 2.8003662890765963 0.02561612001258092 0.13770281467291934 0.07766634603194415 
[1, 24, 48], [24, 20, 5], [1, 10, 10], [10, 10, 10], [2], 10, 0.001, 1, False, False 1.5869424518887645 24.53060066014608 3.102936011079114 0.15973005650906974 2.4706774388942243 0.6477467978260567 
[1, 24, 48], [24, 10, 1], [1, 5, 5], [10, 10, 10], [1, 2], 1, 0.001, 1, False, False 2.4431959270327184 34.657332546786364 7.9969761548252025 0.09576996252726099 1.1771295391887242 0.5500960260254247 
[1, 24, 48], [24, 5, 1], [1, 10, 10], [10, 10, 10], [0, 1, 2], 5, 0.001, 1, False, False 1.6386769361793998 25.349277980826603 3.2495596143200243 0.0648635032530242 0.9259175650885371 0.24217048308985312 
[1, 24, 48], [24, 5, 1], [1, 5, 5], [10, 10, 10], [2], 10, 0.001, 1, False, False 1.7621424257203386 26.793499711622847 3.775767393017229 0.02536848843754442 0.42075979761162047 0.09921788123976007 
[1, 24, 48], [24, 20, 5], [1, 5, 5], [20, 20, 20], [2], 10, 0.001, 1, False, False 1.6313211007250679 25.031514048777847 3.2852571865032605 0.07397111509098174 0.6316623239129756 0.24832178169403113 
[1, 24, 48], [24, 20, 10], [1, 10, 10], [20, 20, 20], [2], 10, 0.001, 1, False, False 1.457534442759223 22.53965610515952 2.737604914244637 0.08580771501837128 1.3086936506530995 0.2037718717418864 
[1, 24, 48], [24, 5, 1], [1, 5, 5], [10, 10, 10], [0, 1, 2], 10, 0.001, 1, False, False 1.543761592358351 24.565034449751593 2.99891011442047 0.06448520458736486 0.9279920927243647 0.2404332201827555 
[1, 24, 48], [24, 10, 1], [1, 5, 5], [20, 20, 20], [0, 1, 2], 10, 0.001, 1, False, False 1.446932697710064 23.086171446335623 2.6790334853631563 0.08081059765474817 1.3445973665200364 0.2479663661011247 
[1, 24, 48], [24, 15, 1], [1, 10, 10], [10, 10, 10], [0, 1, 2], 10, 0.001, 1, False, False 1.507334187847597 23.753427604441935 2.8606616751269036 0.08568258470353463 1.5922858907964899 0.3036902098526277 
[1, 24, 48], [24, 20, 15], [1, 10, 10], [20, 20, 20], [2], 10, 0.001, 1, False, False 1.5424401727539525 24.042417345737135 3.0235235283148945 0.1909280165274566 3.1874622379063267 0.632678918978554 
[1, 24, 48], [24, 20, 10], [1, 10, 10], [10, 10, 10], [2], 10, 0.001, 1, False, False 1.5676968311270079 24.15613586645002 3.100921215522415 0.04769004569876512 0.9781486575538693 0.15640886684023872 
[1, 24], [24, 15], [1, 5], [20, 20], [1], 20, 0.001, 1, False, False 1.507988147492762 23.959788709043504 3.004805360903498 0.12940515006158895 1.7824082459804858 0.39938157543194325 
[1, 24, 48], [24, 5, 1], [1, 10, 10], [20, 20, 20], [2], 20, 0.001, 1, False, False 1.4264995915470307 22.209929802925043 2.53247483535978 0.07007925383019552 0.9694687453464308 0.1595772884633169 
[1, 24, 48], [24, 15, 5], [1, 10, 10], [20, 20, 20], [0, 1, 2], 10, 0.001, 1, False, False 1.3521887047699208 21.30915272760076 2.46367114301677 0.01662992023808619 0.4148284418932301 0.09960776528111968 
[1, 24, 48], [24, 15, 15], [1, 5, 5], [10, 10, 10], [1, 2], 10, 0.001, 1, False, False 1.5298317083881965 24.118667283158157 2.929302823986122 0.07281790674144527 0.983227634101257 0.17804818925862217 
[1, 24], [24, 5], [1, 5], [10, 10], [0, 1], 20, 0.001, 1, False, False 1.5341074099143348 24.579884488798033 3.022252498822002 0.16289589318424158 2.8501953551349173 0.745930443338992 
[1, 24, 48], [24, 15, 15], [1, 10, 10], [20, 20, 20], [0, 1, 2], 10, 0.001, 1, False, False 1.4029112160205843 22.359122666066792 2.5593378710798778 0.08445480987135336 1.023821138138015 0.1895900991118556 
[1, 24, 48], [24, 20, 5], [1, 5, 5], [10, 10, 10], [2], 1, 0.001, 1, False, False 2.5029898845487173 35.066536189459306 8.401410636555443 0.042376317613109615 0.48350876697009737 0.31692577660328436 
[1, 24, 48], [24, 20, 10], [1, 5, 5], [10, 10, 10], [2], 20, 0.001, 1, False, False 1.459888104790891 22.65064017023435 2.792715234742856 0.06257059343145015 1.1869065856816563 0.2503590072056463 
[1, 24, 48], [24, 15, 1], [1, 5, 5], [20, 20, 20], [0, 1, 2], 10, 0.001, 1, False, False 1.4555954517589678 23.49678514923968 2.7124810850326178 0.07384779073445656 0.7995557215864563 0.19263918956893764 
[1, 24, 48], [24, 20, 15], [1, 5, 5], [20, 20, 20], [2], 20, 0.001, 1, False, False 1.3730885269189326 21.323759400836188 2.566201739610982 0.08787539213286019 1.1894097363918703 0.3248571608200815 
[1, 24], [24, 15], [1, 10], [10, 10], [0, 1], 10, 0.001, 1, False, False 1.4854763462587641 23.836147657322844 3.0736349449468325 0.04787243521396731 0.8051141129009015 0.21589682894010415 
[1, 24, 48], [24, 5, 1], [1, 10, 10], [20, 20, 20], [0, 1, 2], 10, 0.001, 1, False, False 1.4889787005605524 23.15398398848642 2.835868850321973 0.08071347167679295 0.8381504695980425 0.20639923604737714 
[1, 24, 48], [24, 20, 10], [1, 5, 5], [20, 20, 20], [2], 1, 0.001, 1, False, False 2.4645132649275987 34.43588623152203 8.246949370732267 0.04903236511843272 0.8301210254553432 0.19312268562837304 
[1, 24, 48], [24, 1, 1], [1, 5, 5], [30, 30, 30], [1, 2], 1, 0.001, 1, False, False 2.5250826463655187 35.31848863279973 8.586643420717033 0.03558192777186406 0.16672203167116817 0.31928724402276215 
[1, 24, 48], [24, 20, 15], [1, 10, 10], [10, 10, 10], [2], 1, 0.001, 1, False, False 2.49650100811764 34.95733789851161 8.36328116000444 0.021359549731042246 0.3412532148786134 0.12237741017393529 
[1, 24, 48], [24, 10, 1], [1, 5, 5], [10, 10, 10], [0, 1, 2], 10, 0.001, 1, False, False 1.5279837004564432 24.10972215372884 2.9453324185941407 0.07714181646095808 0.957886636507075 0.24852183952685514 
[1, 24], [24, 10], [1, 10], [20, 20], [0, 1], 20, 0.001, 1, False, False 1.3935969264143042 22.273846968385044 2.639620622952354 0.09656435901553602 1.4099629410402479 0.2682953142881695 
[1, 24, 48], [24, 15, 5], [1, 10, 10], [10, 10, 10], [0, 1, 2], 10, 0.001, 1, False, False 1.4384669574322526 22.921057795633427 2.702624174732925 0.07481300201382947 1.2201205446267271 0.23473139603555906 
[1, 24], [24, 15], [1, 5], [20, 20], [0, 1], 5, 0.001, 1, False, False 1.865386436217361 27.43967370332079 4.507867182448654 0.2723929449923489 3.2135575622043278 1.6366472828219003 
[1, 24, 48], [24, 15, 15], [1, 10, 10], [10, 10, 10], [0, 1, 2], 5, 0.001, 1, False, False 1.595562864315731 24.914040166516134 3.17135891887076 0.08138532657470181 1.382695880862482 0.3318714781315291 
[1, 24, 48], [24, 10, 1], [1, 5, 5], [10, 10, 10], [1, 2], 5, 0.001, 1, False, False 1.7871865783576613 27.083069431299652 4.048024656184734 0.16272114682206773 2.05126801584013 0.9385631921435985 
[1, 24], [24, 15], [1, 10], [20, 20], [0, 1], 20, 0.001, 1, False, False 1.3299561885220033 21.15312945822545 2.3972021277901545 0.0836074447615214 1.2879118711412278 0.2798227901132284 
[1, 24, 48], [24, 15, 1], [1, 5, 5], [10, 10, 10], [1, 2], 20, 0.001, 1, False, False 1.3906968671138644 22.13786540773089 2.6493268388102966 0.057854294802452085 0.9210034834719019 0.16122070153672793 
[1, 24, 48], [24, 15, 5], [1, 5, 5], [20, 20, 20], [1, 2], 10, 0.001, 1, False, False 1.3839248580513177 22.15169329256844 2.4765272601292416 0.02512534537715443 0.27840445717785667 0.08128458692332689 
[1, 24, 48], [24, 20, 5], [1, 5, 5], [10, 10, 10], [2], 5, 0.001, 1, False, False 2.1541077790436924 30.82112959390435 6.459925180569125 0.1254155292012538 0.911029085801013 0.6796098786651031 
[1, 24], [24, 15], [1, 5], [10, 10], [0, 1], 1, 0.001, 1, False, False 2.5140735341442952 35.25113071685214 8.462922853779105 0.02407108412335744 0.09958897752753577 0.2088305659849233 
[1, 24, 48], [24, 5, 1], [1, 5, 5], [40, 40, 40], [1, 2], 1, 0.001, 1, False, False 2.4884631078552317 34.67476806245011 8.376606378554806 0.05459503997586164 0.8889655985601768 0.2767526007323874 
[1, 24, 48], [24, 15, 1], [1, 5, 5], [20, 20, 20], [1, 2], 1, 0.001, 1, False, False 2.514077364846512 35.2009039515805 8.431177117790236 0.009995561861820991 0.3721643870237542 0.04684351906810931 
[1, 24], [24, 10], [1, 10], [10, 10], [0, 1], 20, 0.001, 1, False, False 1.4210004577758133 22.757910655333774 2.7915726944846004 0.03162494556693921 0.5681779098509006 0.12387382462751342 
[1, 24, 48], [24, 5, 1], [1, 10, 10], [10, 10, 10], [2], 20, 0.001, 1, False, False 1.4702108250723949 22.778660800318473 2.6742453725212294 0.09134975170031137 1.8652660688715499 0.3618901598132095 
[1, 24, 48], [24, 20, 10], [1, 5, 5], [20, 20, 20], [2], 5, 0.001, 1, False, False 2.0585477275980844 29.68107852100326 5.641494600516826 0.3198694426904133 3.9562076235502253 1.9530705154580925 
[1, 24, 48], [24, 20, 15], [1, 10, 10], [10, 10, 10], [2], 5, 0.001, 1, False, False 1.9457752277453741 28.19447547308314 4.894835599525623 0.07667323288762172 0.878280565878866 0.5841608624301956 
[1, 24, 48], [24, 15, 5], [1, 5, 5], [10, 10, 10], [1, 2], 10, 0.001, 1, False, False 1.4960676741268901 23.37336045779846 2.8746494369369286 0.08309284291525831 1.810819663359241 0.3554942408590415 
[1, 24, 48], [24, 5, 1], [1, 10, 10], [20, 20, 20], [2], 1, 0.001, 1, False, False 2.413354109945121 34.21314010903098 7.821717634737699 0.06706257773469886 0.8664218394974922 0.40663828665228113 
[1, 24, 48], [24, 10, 1], [1, 20, 20], [30, 30, 30], [1, 2], 1, 0.001, 1, False, False 2.29790090592923 32.44596855864611 7.145606467542901 0.142097111911183 1.8000404121393196 0.8390808657478048 
[1, 24, 48], [24, 15, 10], [1, 20, 20], [40, 40, 40], [1, 2], 1, 0.001, 1, False, False 2.2662265413889178 31.522558539206972 6.860098383429029 0.12878642978775098 1.2934593342507994 1.0270767351660708 
[1, 24], [24, 10], [1, 10], [20, 20], [0, 1], 1, 0.001, 1, False, False 2.458957248374268 34.43139943821753 8.136154691272498 0.031790721217842426 0.4206963693620053 0.1934701347926572 
[1, 24, 48], [24, 20, 5], [1, 10, 10], [20, 20, 20], [2], 20, 0.001, 1, False, False 1.3689686425306178 20.910793485471558 2.4426283015824244 0.09017372862921044 1.1785975110935087 0.2197448489363505 
[1, 24], [24, 10], [1, 5], [10, 10], [0, 1], 10, 0.001, 1, False, False 1.5758758269802289 25.13885673217804 3.1785094323713454 0.01299178254155176 0.5222723391521741 0.18291902236984967 
[1, 24, 48], [24, 1, 1], [1, 5, 5], [40, 40, 40], [1, 2], 5, 0.001, 1, False, False 1.7297929474876985 26.198670063100213 3.6871549249696045 0.1445339844001936 1.6705461490663627 0.6235160390064847 
[1, 24, 48], [24, 20, 10], [1, 5, 5], [10, 10, 10], [2], 1, 0.001, 1, False, False 2.500679861395447 35.01774357297843 8.392889378665458 0.020215942746732784 0.41730069508018036 0.10557402575989829 
[1, 24, 48], [24, 10, 1], [1, 10, 10], [10, 10, 10], [0, 1, 2], 20, 0.001, 1, False, False 1.3908669795427062 21.672588947443927 2.5051752322274194 0.05419115157058859 0.5458149595482484 0.12890975826168943 
[1, 24, 48], [24, 20, 15], [1, 5, 5], [10, 10, 10], [2], 20, 0.001, 1, False, False 1.3637195312314567 21.116905812290195 2.463629129010671 0.020222264657709047 0.7128643411516328 0.05988326664218058 
[1, 24, 48], [24, 1, 1], [1, 5, 5], [30, 30, 30], [1, 2], 5, 0.001, 1, False, False 1.6282622980298822 24.71680906436414 3.181515725468513 0.05133773757276374 0.965104653735131 0.26621124416447356 
[1, 24, 48], [24, 15, 1], [1, 10, 10], [20, 20, 20], [0, 1, 2], 20, 0.001, 1, False, False 1.3983039050466486 21.844735794276648 2.5171235602883058 0.058976179979672715 0.8415878991914767 0.1833156836613254 
[1, 24, 48], [24, 5, 1], [1, 5, 5], [20, 20, 20], [2], 20, 0.001, 1, False, False 1.4273045653270353 22.29772365014779 2.516760545624681 0.0683535563616628 0.6529184328698022 0.08548813740193148 
[1, 24, 48], [24, 5, 1], [1, 5, 5], [40, 40, 40], [1, 2], 5, 0.001, 1, False, False 1.7694836638040015 26.727072175368374 4.015967824056781 0.19513625743872365 2.498513069519609 0.9887460775923756 
[1, 24, 48], [24, 20, 15], [1, 5, 5], [20, 20, 20], [2], 1, 0.001, 1, False, False 2.5111227861157164 35.241792927772885 8.43609450284931 0.019750309483770274 0.3275890994033996 0.08487441975758238 
[1, 24, 48], [24, 15, 1], [1, 5, 5], [10, 10, 10], [0, 1, 2], 20, 0.001, 1, False, False 1.4518941739919011 23.347300401161576 2.7799051212234396 0.05033520187605337 0.8645993725119668 0.13909531907403788 
[1, 24, 48], [24, 5, 1], [1, 10, 10], [20, 20, 20], [2], 5, 0.001, 1, False, False 1.793227742557173 25.676350450192604 4.345766428322031 0.10472427568699921 1.8615243899515541 0.9479401546240172 
[1, 24, 48], [24, 5, 1], [1, 5, 5], [10, 10, 10], [2], 20, 0.001, 1, False, False 1.50895938180663 23.902964604608602 2.8193166460127688 0.05503901680402755 1.1255815986229618 0.13523681191650513 
[1, 24, 48], [24, 5, 1], [1, 10, 10], [10, 10, 10], [2], 1, 0.001, 1, False, False 2.497877513644872 35.274149834291194 8.328357765445302 0.006400150432885137 0.07492475386308815 0.0530439029444985 
[1, 24, 48], [24, 20, 5], [1, 10, 10], [10, 10, 10], [2], 20, 0.001, 1, False, False 1.5083999097899154 23.341958546189502 2.8882393072007613 0.020941039902000337 0.5884757379980536 0.096442717644079 
[1, 24, 48], [24, 15, 1], [1, 5, 5], [20, 20, 20], [1, 2], 5, 0.001, 1, False, False 1.5915300390786598 24.55350393323981 3.119039791072924 0.05034954213794154 0.5470084363212553 0.1737581146935044 
[1, 24, 48], [24, 15, 1], [1, 5, 5], [30, 30, 30], [1, 2], 5, 0.001, 1, False, False 1.62735408699071 25.036638833945286 3.3260533693359906 0.038039245446221906 1.4111445189546417 0.1752573910977809 
[1, 24, 48], [24, 20, 5], [1, 5, 5], [10, 10, 10], [2], 10, 0.001, 1, False, False 1.6887189590820564 25.615888097963595 3.568974046420077 0.10029566366790973 2.06364709752907 0.471412582951439 
[1, 24, 48], [24, 5, 1], [1, 20, 20], [30, 30, 30], [1, 2], 5, 0.001, 1, False, False 1.4712695774932705 23.530759299794237 2.764204833069043 0.11281932771737804 1.943547416971896 0.3188620303422273 
[1, 24, 48], [24, 10, 1], [1, 20, 20], [40, 40, 40], [1, 2], 5, 0.001, 1, False, False 1.4374338723167226 22.547681614448134 2.606361048644519 0.09705739447288454 1.7967678907662112 0.25570766750631185 
[1, 24, 48], [24, 15, 15], [1, 5, 5], [20, 20, 20], [1, 2], 20, 0.001, 1, False, False 1.3733255230166301 21.946527945340478 2.527708724249288 0.022513163655628984 0.48757573125023773 0.05586954748755999 
[1, 24, 48], [24, 5, 1], [1, 5, 5], [20, 20, 20], [2], 1, 0.001, 1, False, False 2.516124660880478 35.56130681732307 8.410414813064728 0.07655766973191758 0.9933137289628998 0.4887614511155408 
[1, 24, 48], [24, 20, 5], [1, 10, 10], [20, 20, 20], [2], 1, 0.001, 1, False, False 2.5249418547859896 35.178568336378135 8.558932378337758 0.040515071910572034 0.5055706618028881 0.2647182172780474 
[1, 24], [24, 15], [1, 5], [10, 10], [0, 1], 5, 0.001, 1, False, False 2.224705071416166 32.10016925963904 6.658770152679852 0.21012084516305793 2.8432313848071247 1.2560287333189013 
[1, 24, 48], [24, 10, 1], [1, 10, 10], [20, 20, 20], [0, 1, 2], 1, 0.001, 1, False, False 2.3908193753273395 33.483474602289256 7.764210271941148 0.07628487632599508 1.2134942547208079 0.3980206714321708 
[1, 24, 48], [24, 15, 5], [1, 5, 5], [10, 10, 10], [0, 1, 2], 20, 0.001, 1, False, False 1.395821018875749 22.353279364255968 2.610356791359163 0.09545391303266285 1.6717435380966534 0.4230843600863545 
[1, 24, 48], [24, 15, 5], [1, 5, 5], [30, 30, 30], [1, 2], 1, 0.001, 1, False, False 2.4273990463327477 33.893899860863 8.01638065993896 0.1311169162458833 1.7617774546946567 0.7221366940672952 
[1, 24, 48], [24, 20, 10], [1, 5, 5], [10, 10, 10], [2], 5, 0.001, 1, False, False 2.02303334540791 29.15125951182519 5.620253510257062 0.22791832341125562 2.859568744680098 1.361259973199458 
[1, 24, 48], [24, 10, 1], [1, 20, 20], [30, 30, 30], [1, 2], 5, 0.001, 1, False, False 1.4587677104605572 23.05020265167391 2.639419710165687 0.05012207887893674 0.6644620761878463 0.1733751217134934 
[1, 24, 48], [24, 15, 1], [1, 5, 5], [10, 10, 10], [0, 1, 2], 1, 0.001, 1, False, False 2.509215054081546 35.047226117225634 8.476170930461812 0.03107753918238504 0.3271390390755131 0.2348411149156535 
[1, 24, 48], [24, 20, 5], [1, 5, 5], [20, 20, 20], [2], 20, 0.001, 1, False, False 1.5190127722091151 23.495717909103686 2.9522131760478345 0.16983843435421192 2.417258200872534 0.5123036304047376 
[1, 24, 48], [24, 15, 1], [1, 5, 5], [20, 20, 20], [0, 1, 2], 1, 0.001, 1, False, False 2.4631027663747465 34.195554431509834 8.19385334811035 0.04213827939819328 0.9265574097416209 0.20660489017198536 
[1, 24, 48], [24, 5, 1], [1, 10, 10], [10, 10, 10], [0, 1, 2], 10, 0.001, 1, False, False 1.4422393264869848 22.761130779130266 2.699620921554492 0.07824280104953035 1.2985323642747213 0.28170615811337246 
[1, 24, 48], [24, 1, 1], [1, 5, 5], [10, 10, 10], [0, 1, 2], 20, 0.001, 1, False, False 1.4646798809921304 23.22394882479763 2.7214206538656693 0.025076781415687782 0.5080621502770839 0.0898216236891998 
[1, 24, 48], [24, 1, 1], [1, 20, 20], [30, 30, 30], [1, 2], 10, 0.001, 1, False, False 1.5115014841987031 23.297104556995674 2.878474662386622 0.06545861728342742 1.112721920357071 0.1902359606225361 
[1, 24, 48], [24, 20, 10], [1, 10, 10], [20, 20, 20], [2], 20, 0.001, 1, False, False 1.3609827998611663 21.030417404590892 2.4797685541095382 0.08094690430949458 1.2596462905060537 0.2942535548527426 
[1, 24, 48], [24, 20, 5], [1, 10, 10], [10, 10, 10], [2], 1, 0.001, 1, False, False 2.4696451341664356 34.88496384487681 8.168192910911872 0.06323412429992432 0.6678781944243453 0.39949864774688304 
[1, 24, 48], [24, 20, 10], [1, 5, 5], [20, 20, 20], [2], 10, 0.001, 1, False, False 1.4951072608707128 22.427510233160636 2.822357375902364 0.1655440653625129 2.545212207648515 0.558106507544039 
[1, 24, 48], [24, 15, 10], [1, 20, 20], [40, 40, 40], [1, 2], 5, 0.001, 1, False, False 1.3279491318596737 21.676211935432026 2.399907227139497 0.03704687839505256 0.6318719385284914 0.1140959914737404 
[1, 24, 48], [24, 20, 15], [1, 10, 10], [10, 10, 10], [2], 10, 0.001, 1, False, False 1.3789277682149852 21.544757316280208 2.4427012243006985 0.0670493317572143 1.2346438345076896 0.1786838341962518 
[1, 24, 48], [24, 20, 15], [1, 5, 5], [20, 20, 20], [2], 5, 0.001, 1, False, False 2.00216340670983 29.40201690397365 5.37959547671429 0.2264737333695706 2.8500079059256263 1.0212253868145738 
[1, 24, 48], [24, 5, 1], [1, 10, 10], [10, 10, 10], [2], 5, 0.001, 1, False, False 1.679610967084214 24.563146640675587 3.3588959667817964 0.06038889425110167 0.6430690771095967 0.25540140496554653 
[1, 24, 48], [24, 15, 5], [1, 5, 5], [20, 20, 20], [0, 1, 2], 1, 0.001, 1, False, False 2.477478754685985 34.460204631769585 8.342702599030885 0.037358619747364805 0.19566344536034877 0.3255971896211404 
[1, 24, 48], [24, 20, 15], [1, 5, 5], [10, 10, 10], [2], 1, 0.001, 1, False, False 2.525639920819689 35.456779215282005 8.50416418822797 0.00753025709130701 0.08724155094624611 0.04592922142162591 
[1, 24, 48], [24, 10, 1], [1, 5, 5], [10, 10, 10], [1, 2], 10, 0.001, 1, False, False 1.5153253610763286 24.225804176214293 2.9595967101934266 0.05351802027406434 0.7509493561434418 0.24470666677723324 
[1, 24, 48], [24, 20, 15], [1, 10, 10], [20, 20, 20], [2], 20, 0.001, 1, False, False 1.3704905033387524 20.62558049021693 2.346221763704102 0.03692486724606867 0.5108839500585222 0.12260341082133695 
[1, 24, 48], [24, 20, 10], [1, 10, 10], [10, 10, 10], [2], 20, 0.001, 1, False, False 1.4062850118235308 21.546728651572266 2.5832490853661927 0.023150755641344535 0.5263965214149968 0.08749192303891919 
[1, 24, 48], [24, 20, 5], [1, 10, 10], [20, 20, 20], [2], 5, 0.001, 1, False, False 1.65551490507744 24.705875132751896 3.4195668247394497 0.10846758715508391 1.4384649579737103 0.5922753495292171 
[1, 24, 48], [24, 20, 10], [1, 10, 10], [20, 20, 20], [2], 1, 0.001, 1, False, False 2.4660450826640488 34.62437722877786 8.17303063610381 0.050253531780817054 0.7858702919546576 0.24612585498348882 
[1, 24, 48], [24, 5, 1], [1, 5, 5], [10, 10, 10], [1, 2], 20, 0.001, 1, False, False 1.5132346140565698 23.995906568134586 2.904963049527103 0.058306021767080315 0.8843709382948939 0.15176938681681362 
[1, 24, 48], [24, 1, 1], [1, 5, 5], [20, 20, 20], [0, 1, 2], 1, 0.001, 1, False, False 2.5097995860709084 35.154549033172295 8.456305484703945 0.0171560028260354 0.20042888353952365 0.12646496598219667 
[1, 24, 48], [24, 15, 15], [1, 5, 5], [40, 40, 40], [1, 2], 1, 0.001, 1, False, False 2.4407752405162206 33.6349462251356 8.195170215683541 0.025363152008994437 0.37647633317581086 0.1155613028934148 
[1, 24, 48], [24, 5, 1], [1, 10, 10], [20, 20, 20], [2], 10, 0.001, 1, False, False 1.6921798371606405 26.27635035323392 3.3880001572864082 0.07996509059272484 1.116423243263292 0.320831889601215 
[1, 24, 48], [24, 20, 15], [1, 5, 5], [10, 10, 10], [2], 5, 0.001, 1, False, False 2.020187129577001 28.776139715395047 5.58456543092255 0.3498487719272783 4.5049516092713375 2.022031802161637 
[1, 24, 48], [24, 5, 1], [1, 20, 20], [40, 40, 40], [1, 2], 10, 0.001, 1, False, False 1.469378790204172 22.806420544502483 2.634405954689313 0.034768481581868564 0.29525375089146216 0.1131930898517953 
[1, 24, 48], [24, 5, 1], [1, 5, 5], [20, 20, 20], [1, 2], 1, 0.001, 1, False, False 2.448697372774283 34.364193835705485 8.09799267486814 0.009552021584443139 0.08005521116186529 0.08726785375166145 
[1, 24, 48], [24, 10, 1], [1, 5, 5], [20, 20, 20], [1, 2], 20, 0.001, 1, False, False 1.3810619126039523 22.141509239006098 2.6407982421661096 0.04142596060296174 0.633900457110256 0.07206092692748788 
[1, 24, 48], [24, 20, 10], [1, 5, 5], [10, 10, 10], [2], 10, 0.001, 1, False, False 1.7358554411265592 26.436369526299075 4.052144764923826 0.19572932083722225 2.821614902936961 1.027017731008116 
[1, 24, 48], [24, 15, 10], [1, 5, 5], [20, 20, 20], [1, 2], 20, 0.001, 1, False, False 1.4375654590902511 23.24270607960376 2.77440681833146 0.07558732618843336 1.413522085097995 0.24234339401579555 
[1, 24], [24, 15], [1, 5], [20, 20], [0, 1], 10, 0.001, 1, False, False 1.6547359332442284 25.442006779496094 3.536868228231075 0.08005560864744532 0.9622277163527602 0.29658878135118366 
[1, 24, 48], [24, 15, 10], [1, 5, 5], [30, 30, 30], [1, 2], 10, 0.001, 1, False, False 1.4880178748181576 23.686858343357784 3.01848875980848 0.06739069529813611 1.4801494792487244 0.4389858075278562 
[1, 24, 48], [24, 20, 15], [1, 5, 5], [20, 20, 20], [2], 10, 0.001, 1, False, False 1.574854314272051 24.314283450414734 3.262387748227472 0.08976127726254624 1.9282061409980478 0.36262855758882184 
[1, 24], [24, 10], [1, 5], [20, 20], [0, 1], 20, 0.001, 1, False, False 1.4101244480521593 22.603476144381418 2.748279846920948 0.027472707636582713 0.6725864385113093 0.12284013243097229 
[1, 24, 48], [24, 15, 10], [1, 5, 5], [10, 10, 10], [1, 2], 1, 0.001, 1, False, False 2.4885444722793717 35.16019144097343 8.250552297123152 0.028260976047283757 0.37079450523962487 0.1907887269562164 
[1, 24, 48], [24, 15, 1], [1, 5, 5], [10, 10, 10], [1, 2], 1, 0.001, 1, False, False 2.4828803954852954 34.95868383864697 8.212724848212765 0.017689630644862526 0.22461605974863766 0.12992796173298532 
[1, 24, 48], [24, 15, 10], [1, 5, 5], [10, 10, 10], [1, 2], 20, 0.001, 1, False, False 1.3315723529844372 20.941383114459455 2.411368811321425 0.07891280871201227 1.6904311141698443 0.2900394625398811 
[1, 24, 48], [24, 15, 15], [1, 5, 5], [10, 10, 10], [1, 2], 20, 0.001, 1, False, False 1.4445398059156211 22.84033400132598 2.7374336400837307 0.08335634587449961 1.656628244049169 0.3221299470576643 
[1, 24, 48], [24, 1, 1], [1, 20, 20], [40, 40, 40], [1, 2], 20, 0.001, 1, False, False 1.492571279682495 21.97161803593899 2.7267514786719484 0.07141436285881216 1.0686089722993257 0.1876154078611641 
[1, 24, 48], [24, 5, 1], [1, 5, 5], [40, 40, 40], [1, 2], 10, 0.001, 1, False, False 1.4904944752929392 23.101053037811884 2.7201675453546748 0.06500198658566053 0.9242447273705835 0.19561041198483306 
[1, 24, 48], [24, 15, 15], [1, 10, 10], [10, 10, 10], [0, 1, 2], 10, 0.001, 1, False, False 1.4589126130497014 22.68239657872046 2.7359037515505897 0.02648654991569082 0.4593958714203423 0.09934102070964712 
[1, 24, 48], [24, 1, 1], [1, 5, 5], [20, 20, 20], [1, 2], 20, 0.001, 1, False, False 1.4288695611335618 22.602731557666576 2.6133072446348105 0.04469557297877866 0.6063881205278663 0.10938455244238908 
[1, 24, 48], [24, 15, 15], [1, 5, 5], [20, 20, 20], [1, 2], 1, 0.001, 1, False, False 2.464905403609629 34.47141709973905 8.153048232296351 0.07813328497544253 1.1786773689288845 0.49165066557117054 
[1, 24, 48], [24, 15, 5], [1, 5, 5], [30, 30, 30], [1, 2], 5, 0.001, 1, False, False 1.6410081539441042 25.161479667032236 3.4081316916639395 0.12918783136847714 1.697560170758463 0.6023881053874686 
[1, 24, 48], [24, 15, 5], [1, 5, 5], [40, 40, 40], [1, 2], 5, 0.001, 1, False, False 1.6467404225634208 25.25253093636168 3.422123342986437 0.12646153440387206 1.1710953877961459 0.5780389757325678 
[1, 24, 48], [24, 15, 15], [1, 20, 20], [30, 30, 30], [1, 2], 5, 0.001, 1, False, False 1.4540605069310581 22.997227134247947 2.713145142041275 0.038345376001174804 0.6652214529462005 0.14617711038571804 
[1, 24, 48], [24, 15, 10], [1, 5, 5], [20, 20, 20], [1, 2], 1, 0.001, 1, False, False 2.4341628802043425 34.083306934786236 8.00841097027623 0.051582744036232475 0.6827516718165173 0.29115046860987975 
[1, 24, 48], [24, 5, 1], [1, 5, 5], [30, 30, 30], [1, 2], 1, 0.001, 1, False, False 2.475095074872176 34.67395431464055 8.257085144835985 0.046435857734385334 0.5701295553197611 0.28455492713432085 
[1, 24, 48], [24, 20, 5], [1, 5, 5], [10, 10, 10], [2], 20, 0.001, 1, False, False 1.88394391020691 28.435661037373865 4.920314563651087 0.4377679446126867 4.981490836648276 2.437774913297799 
[1, 24, 48], [24, 5, 1], [1, 5, 5], [10, 10, 10], [1, 2], 1, 0.001, 1, False, False 2.375486521919568 33.42768710940812 7.645154512945947 0.05500788499897119 0.4434725274712337 0.4009142597850535 
[1, 24, 48], [24, 1, 1], [1, 5, 5], [10, 10, 10], [1, 2], 20, 0.001, 1, False, False 1.4847827873848105 23.274836950047344 2.822709918310642 0.0822891263168209 0.9750111338858113 0.17823148580060064 
[1, 24, 48], [24, 15, 1], [1, 5, 5], [20, 20, 20], [1, 2], 10, 0.001, 1, False, False 1.5437567609327811 24.36904278235842 2.987380949581046 0.0483900012467053 0.7957510790208835 0.14086573463388963 
[1, 24, 48], [24, 5, 1], [1, 20, 20], [30, 30, 30], [1, 2], 10, 0.001, 1, False, False 1.4781504453884233 23.10130800336913 2.755565845115464 0.06050371213970489 0.8672348956316307 0.18670571601217756 
[1, 24, 48], [24, 15, 15], [1, 5, 5], [40, 40, 40], [1, 2], 5, 0.001, 1, False, False 1.4120365635664376 22.175789790703977 2.527438261206907 0.07817452275112718 1.0870559840610796 0.2113869897607922 
[1, 24, 48], [24, 1, 1], [1, 5, 5], [40, 40, 40], [1, 2], 10, 0.001, 1, False, False 1.5190377551096461 23.861615497021134 2.9104568808150155 0.08810800603532576 0.8698961126969236 0.2911938302407815 
[1, 24, 48], [24, 20, 10], [1, 5, 5], [20, 20, 20], [2], 20, 0.001, 1, False, False 1.4577020411690078 23.15665200809252 2.787437123084574 0.09222006119933193 1.5839651718439807 0.30531252498088257 
[1, 24, 48], [24, 10, 1], [1, 20, 20], [40, 40, 40], [1, 2], 10, 0.001, 1, False, False 1.422453702903456 22.30285601120774 2.6589259224022075 0.1021442246278086 1.586477787153536 0.1829037131083965 
[1, 24, 48], [24, 1, 1], [1, 10, 10], [20, 20, 20], [0, 1, 2], 20, 0.001, 1, False, False 1.4120470563294714 22.18228845088458 2.600439656523932 0.10671017189501958 1.475543775680467 0.3388716879732356 
[1, 24, 48], [24, 20, 15], [1, 10, 10], [10, 10, 10], [2], 20, 0.001, 1, False, False 1.4839642900559642 22.823532746190125 2.7602233038182296 0.012057965020666467 0.3129618463812353 0.057800355711237525 
[1, 24, 48], [24, 15, 5], [1, 5, 5], [20, 20, 20], [0, 1, 2], 5, 0.001, 1, False, False 1.4315264345871077 22.157130876589836 2.534913364083305 0.04170663259389953 1.0911748357842102 0.22260422969275329 
[1, 24, 48], [24, 15, 1], [1, 5, 5], [30, 30, 30], [1, 2], 10, 0.001, 1, False, False 1.44646817556134 23.57753562836154 2.8197884499977595 0.028169341402818803 0.4831287691820973 0.12880896468624192 
[1, 24, 48], [24, 1, 1], [1, 5, 5], [20, 20, 20], [1, 2], 1, 0.001, 1, False, False 2.4651219329348315 34.3692893285571 8.242208014619871 0.018678848492512397 0.09771938706603966 0.18276039305914532 
[1, 24, 48], [24, 5, 1], [1, 5, 5], [20, 20, 20], [1, 2], 5, 0.001, 1, False, False 1.6126832671187543 24.903133344214936 3.1204441357376163 0.07565183403617046 0.9059194025459595 0.2705869633238478 
[1, 24, 48], [24, 10, 1], [1, 20, 20], [30, 30, 30], [1, 2], 10, 0.001, 1, False, False 1.437415235186065 22.34179463679634 2.650357915151012 0.013635929966407037 0.3839083167186124 0.045667442673357324 
[1, 24, 48], [24, 10, 1], [1, 10, 10], [20, 20, 20], [0, 1, 2], 5, 0.001, 1, False, False 1.500422571571889 23.34016632116193 2.7249295604962316 0.08805958321511621 1.368038039309738 0.24455582125178055 
[1, 24, 48], [24, 15, 15], [1, 5, 5], [20, 20, 20], [1, 2], 5, 0.001, 1, False, False 1.7259635850787163 26.215057158287213 3.6467304729299514 0.035493092702206755 0.6012921929816143 0.165425102141514 
[1, 24, 48], [24, 1, 1], [1, 5, 5], [30, 30, 30], [1, 2], 10, 0.001, 1, False, False 1.5619505525187212 24.853627722884966 3.0748056411447533 0.015024281049369207 0.3131739574740302 0.09171397787205479 
[1, 24, 48], [24, 15, 1], [1, 5, 5], [10, 10, 10], [1, 2], 5, 0.001, 1, False, False 1.7892469039117855 27.00926959372133 3.9692970710071465 0.2332014907504776 3.2725630554164153 1.173579537600195 
[1, 24, 48], [24, 15, 1], [1, 5, 5], [10, 10, 10], [0, 1, 2], 5, 0.001, 1, False, False 1.754699641962846 26.318341456769996 3.904648908318831 0.1702108988563977 2.162507501976402 0.875023590806126 
[1, 24, 48], [24, 15, 1], [1, 5, 5], [40, 40, 40], [1, 2], 10, 0.001, 1, False, False 1.4939293455746443 23.63224337680738 2.820028913355252 0.07106285664486212 1.2132931155611562 0.1964689783181117 
[1, 24, 48], [24, 15, 1], [1, 5, 5], [20, 20, 20], [0, 1, 2], 5, 0.001, 1, False, False 1.5420759287145405 24.125429752019887 2.9236673056365667 0.1264881840610069 1.4692465536324213 0.3222576997761942 
[1, 24, 48], [24, 1, 1], [1, 5, 5], [20, 20, 20], [0, 1, 2], 5, 0.001, 1, False, False 1.9156690805598544 28.469226745001365 4.720025633195581 0.18512644116260227 2.10011249737019 1.0288273298673405 
[1, 24, 48], [24, 1, 1], [1, 5, 5], [10, 10, 10], [0, 1, 2], 1, 0.001, 1, False, False 2.4493737498367274 34.36119127191305 8.102217329138988 0.06388091237894226 1.0597550564585057 0.2376936002414212 
[1, 24, 48], [24, 5, 1], [1, 5, 5], [30, 30, 30], [1, 2], 5, 0.001, 1, False, False 2.018147734745785 29.889036473695715 5.566086497546844 0.21801095102953694 1.528392332490681 1.015656669446253 
[1, 24, 48], [24, 15, 10], [1, 20, 20], [40, 40, 40], [1, 2], 10, 0.001, 1, False, False 1.411822092008812 21.679657890050763 2.4481679675456522 0.03265000564833886 0.4159627466969485 0.06983085764799314 
[1, 24, 48], [24, 15, 10], [1, 5, 5], [20, 20, 20], [1, 2], 5, 0.001, 1, False, False 1.6850195310182043 25.717883637312045 3.6016964086746697 0.1601696059246681 2.1038836894217225 0.9584740574202191 
[1, 24, 48], [24, 5, 1], [1, 5, 5], [10, 10, 10], [1, 2], 5, 0.001, 1, False, False 1.549220694932673 23.458456211459332 2.8631167780498448 0.06900215913281166 1.1723166457398655 0.20204541540106266 
[1, 24, 48], [24, 15, 5], [1, 20, 20], [30, 30, 30], [1, 2], 10, 0.001, 1, False, False 1.3430221353967984 20.891210927472823 2.3640094998687986 0.07674987774416865 0.757952775676645 0.1700686874247708 
[1, 24, 48], [24, 15, 15], [1, 20, 20], [40, 40, 40], [1, 2], 10, 0.001, 1, False, False 1.4288283521654435 21.998820111654464 2.570307043012973 0.02688279330219231 0.6787548821325066 0.10266033800444042 
[1, 24, 48], [24, 10, 1], [1, 5, 5], [30, 30, 30], [1, 2], 20, 0.001, 1, False, False 1.3884303913624196 21.745666021586896 2.5736407744745535 0.027929959205427693 0.1420742156535613 0.03730097945387923 
[1, 24, 48], [24, 1, 1], [1, 10, 10], [10, 10, 10], [0, 1, 2], 20, 0.001, 1, False, False 1.40191733588775 21.943201182035477 2.5610415545950986 0.012151731732241697 0.40252104619281076 0.08878719993820026 
[1, 24, 48], [24, 10, 1], [1, 5, 5], [40, 40, 40], [1, 2], 1, 0.001, 1, False, False 2.4834759252490817 34.44557257207983 8.344508223871594 0.04657802020221185 0.3985625285449198 0.3537349619668437 
[1, 24, 48], [24, 15, 10], [1, 5, 5], [40, 40, 40], [1, 2], 20, 0.001, 1, False, False 1.354618261340592 21.329406279607053 2.364847271766949 0.06953389244686438 0.9571709937916346 0.13145548597344206 
[1, 24, 48], [24, 15, 15], [1, 5, 5], [20, 20, 20], [0, 1, 2], 20, 0.001, 1, False, False 1.404506963325872 21.875260505684526 2.6013832662106977 0.053295524371690356 0.3847929319498754 0.11647657931860324 
[1, 24, 48], [24, 15, 5], [1, 5, 5], [20, 20, 20], [1, 2], 20, 0.001, 1, False, False 1.3996284693203593 22.119896624121107 2.57818065216468 0.027287849540023057 0.35825906783398004 0.056075373634060344 
[1, 24, 48], [24, 1, 1], [1, 10, 10], [20, 20, 20], [0, 1, 2], 1, 0.001, 1, False, False 2.495498209529453 35.07360911285668 8.325081272969172 0.020969263995980803 0.16534077430347482 0.14532442333790696 
[1, 24, 48], [24, 15, 1], [1, 10, 10], [20, 20, 20], [0, 1, 2], 20, 0.001, 1, False, False 1.380893815695136 21.758873844142737 2.543613019265523 0.04896965430383082 0.6002409753251562 0.12293728858945006 
[1, 24, 48], [24, 15, 1], [1, 10, 10], [10, 10, 10], [0, 1, 2], 20, 0.001, 1, False, False 1.3260591569598075 21.155646490379294 2.3825294873760434 0.036700595796337256 0.425336923463193 0.13022620566807597 
[1, 24, 48], [24, 15, 10], [1, 20, 20], [30, 30, 30], [1, 2], 1, 0.001, 1, False, False 2.250345547000567 31.274881628353217 7.037519293457664 0.04325528911751632 0.8175906564990916 0.2585049459750631 
[1, 24], [24, 15], [1, 10], [10, 10], [0, 1], 20, 0.001, 1, False, False 1.335771588594825 21.66663987306295 2.4823042940623963 0.08937641993877338 1.3397874847797615 0.2834365716636674 
[1, 24, 48], [24, 15, 15], [1, 5, 5], [20, 20, 20], [1, 2], 10, 0.001, 1, False, False 1.427248141942201 22.47575894848933 2.7334219605049364 0.04107516781400291 0.572118989966731 0.12212166444215919 
[1, 24, 48], [24, 15, 15], [1, 5, 5], [10, 10, 10], [1, 2], 1, 0.001, 1, False, False 2.505288820741353 35.13441622783162 8.385432270034523 0.0350459255362899 0.479628607704815 0.22521865168253688 
[1, 24, 48], [24, 5, 1], [1, 5, 5], [20, 20, 20], [0, 1, 2], 20, 0.001, 1, False, False 1.4523715303727875 22.799260305861324 2.6836227468120017 0.04687288563803417 0.5451532821378343 0.10640195258915926 
[1, 24, 48], [24, 10, 1], [1, 5, 5], [10, 10, 10], [1, 2], 20, 0.001, 1, False, False 1.420705801220956 22.69973540741775 2.6295791094807925 0.05859541453712643 0.6723806966919939 0.12056662751752864 
[1, 24, 48], [24, 15, 1], [1, 10, 10], [20, 20, 20], [0, 1, 2], 1, 0.001, 1, False, False 2.4489524230360984 34.50531249147198 8.03691370616717 0.019131209968088973 0.22970447558384074 0.15723528572797152 
[1, 24, 48], [24, 15, 1], [1, 5, 5], [10, 10, 10], [0, 1, 2], 1, 0.001, 1, False, False 2.5128361368068948 35.30939578104278 8.434224786611516 0.023670433313769 0.43353130301877485 0.09900622703861228 
[1, 24, 48], [24, 15, 1], [1, 5, 5], [10, 10, 10], [1, 2], 10, 0.001, 1, False, False 1.5803762728417363 25.00172171350282 3.126979162786139 0.06557583692294543 0.8780684479545973 0.19893855351445097 
[1, 24, 48], [24, 1, 1], [1, 5, 5], [10, 10, 10], [0, 1, 2], 5, 0.001, 1, False, False 2.0407993540167806 29.691687160125895 5.46299325052706 0.1889178134308001 2.283552542787855 1.122660027054918 
[1, 24, 48], [24, 5, 1], [1, 5, 5], [20, 20, 20], [1, 2], 10, 0.001, 1, False, False 1.5523631242138372 24.84562899363122 3.006201926117321 0.06296942230648081 0.8293037879418873 0.22976630421426048 
[1, 24, 48], [24, 15, 15], [1, 20, 20], [30, 30, 30], [1, 2], 10, 0.001, 1, False, False 1.4829405807234626 22.828764351059363 2.760791021690808 0.041768067349968206 0.6477270044556319 0.15403178176279603 
[1, 24, 48], [24, 15, 5], [1, 5, 5], [40, 40, 40], [1, 2], 10, 0.001, 1, False, False 1.5344962481547286 24.367942182506397 2.9609941922568503 0.05676441573692957 1.101797858220151 0.15918074642088897 
[1, 24, 48], [24, 15, 5], [1, 5, 5], [10, 10, 10], [1, 2], 20, 0.001, 1, False, False 1.3656888388373234 21.69082170952774 2.530038482593462 0.025404761580517413 0.17590621708423573 0.06301503179887466 
[1, 24, 48], [24, 10, 1], [1, 5, 5], [40, 40, 40], [1, 2], 5, 0.001, 1, False, False 1.4917724178621066 22.582352420980826 2.7214613937893533 0.09867306863851348 1.0289238851370468 0.33298748368994086 
[1, 24, 48], [24, 10, 1], [1, 10, 10], [10, 10, 10], [0, 1, 2], 1, 0.001, 1, False, False 2.500231823325157 34.97854026496365 8.41580718100189 0.019154867825973077 0.3095329722510274 0.12003652529210332 
[1, 24, 48], [24, 1, 1], [1, 20, 20], [30, 30, 30], [1, 2], 20, 0.001, 1, False, False 1.4615464766820274 21.837032379712507 2.63676994103305 0.011176511500364777 0.23876156991662306 0.04725559206569486 
[1, 24, 48], [24, 15, 15], [1, 5, 5], [40, 40, 40], [1, 2], 10, 0.001, 1, False, False 1.4476824759333224 23.109559371866368 2.8012133507997365 0.0576815727140223 1.085954208102932 0.19304339451743932 
[1, 24, 48], [24, 5, 1], [1, 5, 5], [30, 30, 30], [1, 2], 10, 0.001, 1, False, False 1.506593919710981 24.20834871484209 2.957925177655518 0.016073694445627514 0.1654319483459913 0.08384182132368789 
[1, 24, 48], [24, 15, 5], [1, 5, 5], [30, 30, 30], [1, 2], 10, 0.001, 1, False, False 1.5072866237273927 23.629849254872692 2.8252037030962334 0.010688142770330611 0.7690833220011483 0.15457867080275547 
[1, 24, 48], [24, 15, 5], [1, 5, 5], [20, 20, 20], [1, 2], 1, 0.001, 1, False, False 2.5037691546259104 35.02537302129656 8.412868721648943 0.029862034386990206 0.4230794898873997 0.17764273750770734 
[1, 24, 48], [24, 15, 10], [1, 20, 20], [30, 30, 30], [1, 2], 5, 0.001, 1, False, False 1.4683835250635946 22.838308816823837 2.6710531296552653 0.032111199032770335 0.34540522461999434 0.05472322620431167 
[1, 24, 48], [24, 1, 1], [1, 20, 20], [40, 40, 40], [1, 2], 1, 0.001, 1, False, False 2.3335430037092277 32.490702415707005 7.454601635868525 0.1348865750116306 1.445765130162459 0.8949921176537278 
[1, 24, 48], [24, 5, 1], [1, 20, 20], [40, 40, 40], [1, 2], 20, 0.001, 1, False, False 1.3599916848871445 20.773676669426134 2.3875323472935723 0.11394467188684071 1.1906839198868129 0.33218405734442275 
[1, 24, 48], [24, 15, 15], [1, 5, 5], [10, 10, 10], [0, 1, 2], 20, 0.001, 1, False, False 1.3494626947851094 21.263668655866642 2.381764580195634 0.0420568557894913 0.22647557695441436 0.031071070958690862 
[1, 24, 48], [24, 15, 1], [1, 5, 5], [20, 20, 20], [1, 2], 20, 0.001, 1, False, False 1.4586819304636232 22.783673438077468 2.757621895327239 0.08775997278161765 1.0860735639418395 0.18854490830392623 
[1, 24, 48], [24, 15, 15], [1, 5, 5], [10, 10, 10], [1, 2], 5, 0.001, 1, False, False 1.7628176753167752 26.504473179428885 3.916370674433123 0.08687890178508768 0.7595388215195406 0.42453638790331516 
[1, 24, 48], [24, 10, 1], [1, 5, 5], [30, 30, 30], [1, 2], 1, 0.001, 1, False, False 2.375528109515155 33.422544324895554 7.6731635528096325 0.114518979742966 1.1149161492777118 0.812140334421673 
[1, 24, 48], [24, 15, 5], [1, 5, 5], [20, 20, 20], [0, 1, 2], 10, 0.001, 1, False, False 1.419870469801956 22.562502312465167 2.5539594025628447 0.07399001054213027 1.4251437297624863 0.256615814293823 
[1, 24, 48], [24, 15, 1], [1, 20, 20], [30, 30, 30], [1, 2], 20, 0.001, 1, False, False 1.3895729834834738 21.25120643961995 2.5431879353647258 0.03330631368163342 0.3743237230607623 0.12797468677242593 
[1, 24, 48], [24, 15, 5], [1, 20, 20], [40, 40, 40], [1, 2], 20, 0.001, 1, False, False 1.4560252261106614 21.774536627512358 2.648237350225454 0.10342195100651899 1.3905139934518709 0.3291447627367365 
[1, 24, 48], [24, 5, 1], [1, 5, 5], [40, 40, 40], [1, 2], 20, 0.001, 1, False, False 1.4751810068057642 23.00720638708474 2.751905629064467 0.07923147491460406 0.7671702449703536 0.2194971506730454 
[1, 24, 48], [24, 15, 15], [1, 5, 5], [20, 20, 20], [0, 1, 2], 1, 0.001, 1, False, False 2.5274830888818816 34.882347536957745 8.703254787876881 0.026161868498091767 0.431782221628257 0.14104220811275378 
[1, 24, 48], [24, 15, 15], [1, 5, 5], [30, 30, 30], [1, 2], 1, 0.001, 1, False, False 2.516324732756173 34.637770985424595 8.632946081881933 0.015872291597932003 0.45853149306686486 0.025452590064393075 
[1, 24, 48], [24, 5, 1], [1, 20, 20], [30, 30, 30], [1, 2], 1, 0.001, 1, False, False 2.3322968341686106 32.4377265228599 7.433350829875466 0.12828512270488868 1.4625298138986103 0.8512783366168736 
[1, 24, 48], [24, 15, 1], [1, 20, 20], [40, 40, 40], [1, 2], 1, 0.001, 1, False, False 2.393522989473961 33.22877364464379 7.876660915732592 0.12139399298137053 1.1920848193544584 0.7713446691719227 
[1, 24, 48], [24, 1, 1], [1, 5, 5], [20, 20, 20], [0, 1, 2], 10, 0.001, 1, False, False 1.5814554796174727 25.353657948378498 3.2018662188351588 0.04512071275386865 0.8804304862011796 0.2320901643445205 
[1, 24, 48], [24, 15, 15], [1, 10, 10], [20, 20, 20], [0, 1, 2], 20, 0.001, 1, False, False 1.3258490735182058 20.479253144410773 2.2353943481998013 0.053919531858934173 0.7871998192169548 0.11387651398367288 
[1, 24, 48], [24, 15, 10], [1, 5, 5], [30, 30, 30], [1, 2], 20, 0.001, 1, False, False 1.3920363222007401 21.3864230846969 2.5402440747531574 0.027232616153371917 0.29784520883957044 0.06411772777359089 
[1, 24, 48], [24, 15, 1], [1, 10, 10], [10, 10, 10], [0, 1, 2], 20, 0.001, 1, False, False 1.3401381583677399 20.98203308475239 2.4476790649989293 0.05891710874052794 0.8764406160385434 0.1918591460715686 
[1, 24, 48], [24, 1, 1], [1, 20, 20], [40, 40, 40], [1, 2], 5, 0.001, 1, False, False 1.5169047359239178 23.99847481503491 2.8368288602598972 0.05122916899419134 0.47542268090173545 0.12715023317701396 
[1, 24, 48], [24, 5, 1], [1, 5, 5], [10, 10, 10], [0, 1, 2], 20, 0.001, 1, False, False 1.408808196391221 22.93239253185259 2.6138094988296072 0.08399903930652322 1.104919326240897 0.11301256532868381 
[1, 24, 48], [24, 15, 10], [1, 5, 5], [40, 40, 40], [1, 2], 1, 0.001, 1, False, False 2.5280986062354507 35.014478903212115 8.63593927764343 0.018433858054842902 0.334266236303289 0.10637153921580308 
[1, 24, 48], [24, 15, 1], [1, 5, 5], [10, 10, 10], [0, 1, 2], 5, 0.001, 1, False, False 1.9636548337009223 28.780531177697114 5.10501470406292 0.1779951260434655 2.1624280234394835 1.0948603157372037 
[1, 24, 48], [24, 15, 15], [1, 5, 5], [10, 10, 10], [0, 1, 2], 1, 0.001, 1, False, False 2.495038638567483 35.09358662291632 8.303392300526406 0.01931147556453406 0.35354781964195153 0.09932691844647543 
[1, 24, 48], [24, 5, 1], [1, 20, 20], [30, 30, 30], [1, 2], 20, 0.001, 1, False, False 1.4161892697491032 21.483512090668608 2.551122734454034 0.030710086608733294 0.4428515262907509 0.11198057264275525 
[1, 24, 48], [24, 15, 1], [1, 10, 10], [20, 20, 20], [0, 1, 2], 5, 0.001, 1, False, False 1.4665466458985101 22.99182641002807 2.6134666813274183 0.0806828994699472 1.3320084340452163 0.3108530020908354 
[1, 24, 48], [24, 10, 1], [1, 5, 5], [20, 20, 20], [0, 1, 2], 20, 0.001, 1, False, False 1.4125252338471237 22.298891022567734 2.618264543435343 0.024991113536579707 0.6649141438740571 0.1203120693277068 
[1, 24, 48], [24, 10, 1], [1, 5, 5], [30, 30, 30], [1, 2], 5, 0.001, 1, False, False 1.496987720054609 22.80614237354769 2.7510480688636387 0.055832668193225306 0.6767691327882481 0.22777982180922043 
[1, 24, 48], [24, 10, 1], [1, 10, 10], [20, 20, 20], [0, 1, 2], 10, 0.001, 1, False, False 1.3474847720728984 21.247532076005815 2.442268223372812 0.10105833794119573 1.5293406062517843 0.2950120207744308 
[1, 24, 48], [24, 15, 1], [1, 5, 5], [10, 10, 10], [0, 1, 2], 10, 0.001, 1, False, False 1.5751136182910868 24.939024384190347 3.1920914338224677 0.04609019188363338 0.4010851879648344 0.17952430160912436 
[1, 24, 48], [24, 15, 1], [1, 10, 10], [20, 20, 20], [0, 1, 2], 1, 0.001, 1, False, False 2.4879486693828192 34.990481892585215 8.291350083122913 0.016510974197328582 0.27239239439729235 0.108007700012348 
[1, 24, 48], [24, 1, 1], [1, 5, 5], [40, 40, 40], [1, 2], 20, 0.001, 1, False, False 1.4103612661637646 22.091150355699906 2.5630506883119257 0.016308694593287123 0.17427983948536205 0.037209369292227526 
[1, 24, 48], [24, 10, 1], [1, 10, 10], [10, 10, 10], [0, 1, 2], 5, 0.001, 1, False, False 1.5301865663793357 24.064770875947982 2.8961098798276717 0.038635821150935744 0.5222873848515237 0.1487426925520077 
[1, 24, 48], [24, 5, 1], [1, 20, 20], [40, 40, 40], [1, 2], 1, 0.001, 1, False, False 2.288243787818485 32.07641982037955 7.1397310000164795 0.05477159308952707 0.5658708773604844 0.38496999247405095 
[1, 24, 48], [24, 15, 1], [1, 5, 5], [20, 20, 20], [0, 1, 2], 10, 0.001, 1, False, False 1.4750274823771585 23.48240332185865 2.7787626535397005 0.07194958243522875 1.2842432059033144 0.24754182136020808 
[1, 24, 48], [24, 5, 1], [1, 5, 5], [20, 20, 20], [0, 1, 2], 1, 0.001, 1, False, False 2.4847125031881863 34.80039138611349 8.30590701793308 0.005865748766726612 0.17099156248621378 0.044691852204509754 
[1, 24, 48], [24, 15, 1], [1, 5, 5], [20, 20, 20], [0, 1, 2], 20, 0.001, 1, False, False 1.3683913757955588 21.711067951343157 2.4913886799657643 0.057655512111951635 0.8354205337073088 0.1395074154282564 
[1, 24, 48], [24, 10, 1], [1, 5, 5], [10, 10, 10], [0, 1, 2], 20, 0.001, 1, False, False 1.3736785036546213 21.88808547040102 2.5184828524163483 0.07041314141360425 0.5551790419011877 0.14579165676584163 
[1, 24, 48], [24, 15, 5], [1, 10, 10], [20, 20, 20], [0, 1, 2], 20, 0.001, 1, False, False 1.3915154785745676 21.760574526874233 2.554898461937229 0.06313397777051982 0.6124221796964283 0.19394578746978017 
[1, 24, 48], [24, 15, 1], [1, 5, 5], [30, 30, 30], [1, 2], 20, 0.001, 1, False, False 1.4293302051998953 22.704143520208323 2.7547664707953143 0.06687664244874945 1.236961531256674 0.1831059384580562 
[1, 24, 48], [24, 5, 1], [1, 10, 10], [20, 20, 20], [0, 1, 2], 20, 0.001, 1, False, False 1.3468649764855705 21.161572220396632 2.352575264526941 0.01562601696410385 0.5362601028702615 0.06956463185792447 
[1, 24, 48], [24, 10, 1], [1, 20, 20], [30, 30, 30], [1, 2], 20, 0.001, 1, False, False 1.4251223471981511 21.659954262764405 2.5679271404940884 0.04849326265066504 0.6897117872119969 0.1823664850987474 
[1, 24, 48], [24, 15, 1], [1, 10, 10], [10, 10, 10], [0, 1, 2], 1, 0.001, 1, False, False 2.4765851701851243 34.99623809473233 8.225013339957295 0.06024930175696442 0.8015747555025158 0.3714334890750933 
[1, 24, 48], [24, 10, 1], [1, 5, 5], [40, 40, 40], [1, 2], 10, 0.001, 1, False, False 1.4089354058658634 22.41077147341163 2.6835411953154935 0.003918883920552256 0.12624773925054156 0.10299379347990112 
[1, 24, 48], [24, 1, 1], [1, 20, 20], [30, 30, 30], [1, 2], 1, 0.001, 1, False, False 2.295306177713253 32.29357858737189 7.104521219398021 0.09541891247793506 1.1064427119691789 0.6755367097889423 
[1, 24, 48], [24, 5, 1], [1, 10, 10], [10, 10, 10], [0, 1, 2], 20, 0.001, 1, False, False 1.4478655621409418 22.60328539466127 2.6811603910847364 0.04200649930861767 0.7437222965306365 0.13017487032794775 
[1, 24, 48], [24, 15, 15], [1, 5, 5], [30, 30, 30], [1, 2], 5, 0.001, 1, False, False 1.6736981858809787 25.464487193214424 3.602162975863569 0.1644122082993157 1.7280684862683602 0.5799034292999374 
[1, 24, 48], [24, 1, 1], [1, 5, 5], [30, 30, 30], [1, 2], 20, 0.001, 1, False, False 1.4664777488344247 23.325844612714473 2.8099068674696746 0.036285302033762255 0.29096771153090195 0.11835924869559449 
[1, 24, 48], [24, 10, 1], [1, 20, 20], [40, 40, 40], [1, 2], 20, 0.001, 1, False, False 1.4024460804683194 21.29793020986547 2.518074443544179 0.06735592505601036 0.4332766010459811 0.17679019093455323 
[1, 24, 48], [24, 15, 5], [1, 10, 10], [10, 10, 10], [0, 1, 2], 20, 0.001, 1, False, False 1.4051655881106857 21.612608741630083 2.5381278593119565 0.024548156692180443 0.4625208796425373 0.13754685437474554 
[1, 24, 48], [24, 15, 1], [1, 5, 5], [40, 40, 40], [1, 2], 1, 0.001, 1, False, False 2.4149942220361145 33.68981731368742 7.93368790639047 0.022663060964512597 0.41366483707979296 0.0861596390441245 
[1, 24, 48], [24, 15, 1], [1, 20, 20], [40, 40, 40], [1, 2], 5, 0.001, 1, False, False 1.3683176867111968 22.2780467099351 2.461093840052539 0.07201661120000379 1.0288035722466413 0.18504761232742797 
[1, 24, 48], [24, 10, 1], [1, 20, 20], [40, 40, 40], [1, 2], 1, 0.001, 1, False, False 2.330243026879099 32.402923379318246 7.534901561929334 0.05944474641979831 1.0339770872395282 0.18077706462642268 
[1, 24, 48], [24, 15, 1], [1, 10, 10], [10, 10, 10], [0, 1, 2], 1, 0.001, 1, False, False 2.4446680401762326 34.6107534049354 8.015810856241476 0.06705895173128397 0.9881609955550245 0.33889881191521426 
[1, 24, 48], [24, 10, 1], [1, 5, 5], [20, 20, 20], [0, 1, 2], 1, 0.001, 1, False, False 2.5036032292577954 34.9373675608473 8.424339148428873 0.005591036700405909 0.16543878917537355 0.05919141566293204 
[1, 24, 48], [24, 1, 1], [1, 5, 5], [40, 40, 40], [1, 2], 1, 0.001, 1, False, False 2.5376930858250013 35.208722921408615 8.723390787197028 0.02173426937695839 0.24863145386955116 0.1513552928136231 
[1, 24, 48], [24, 15, 10], [1, 5, 5], [30, 30, 30], [1, 2], 1, 0.001, 1, False, False 2.453234813997039 34.28977713958347 8.11810323510838 0.0930772579170131 1.1716200139796258 0.583731843470344 
[1, 24, 48], [24, 15, 5], [1, 5, 5], [10, 10, 10], [0, 1, 2], 1, 0.001, 1, False, False 2.5383958508570985 35.51898771859309 8.666632848303559 0.033235321954843376 0.4147231295938736 0.21243258157074474 
[1, 24, 48], [24, 5, 1], [1, 5, 5], [10, 10, 10], [0, 1, 2], 1, 0.001, 1, False, False 2.4754554540470792 34.856535817296646 8.210049386878827 0.03546418254614382 0.5619692898359642 0.19466552337207144 
[1, 24, 48], [24, 15, 15], [1, 10, 10], [10, 10, 10], [0, 1, 2], 20, 0.001, 1, False, False 1.427631713008439 22.29808527097403 2.7172173453151554 0.037713149693387286 0.8372499109564329 0.187004328034611 
[1, 24, 48], [24, 15, 10], [1, 20, 20], [30, 30, 30], [1, 2], 10, 0.001, 1, False, False 1.375628443227874 21.20071664564657 2.427760483685571 0.061973914038386625 1.1309104508706245 0.2309910090029468 
[1, 24, 48], [24, 15, 5], [1, 10, 10], [20, 20, 20], [0, 1, 2], 1, 0.001, 1, False, False 2.478172238778184 34.71052800959285 8.285201651968421 0.025456407623481562 0.2154160310108042 0.14861250427312617 
[1, 24, 48], [24, 15, 15], [1, 5, 5], [20, 20, 20], [0, 1, 2], 5, 0.001, 1, False, False 1.9330345562762687 28.228982757004825 4.985314380301662 0.412722651081387 4.800942562843006 2.51486666631387 
[1, 24, 48], [24, 15, 10], [1, 5, 5], [40, 40, 40], [1, 2], 5, 0.001, 1, False, False 1.4501301208579982 22.71921478519705 2.5323659705058805 0.018662981124874203 1.0030307717335876 0.13451179119343368 
[1, 24, 48], [24, 5, 1], [1, 20, 20], [40, 40, 40], [1, 2], 5, 0.001, 1, False, False 1.4964976352673993 23.708834108917298 2.8011641553574886 0.05271748252826739 0.4063368750181411 0.08058584251745632 
[1, 24, 48], [24, 15, 5], [1, 20, 20], [30, 30, 30], [1, 2], 20, 0.001, 1, False, False 1.351748829914464 20.623620131558607 2.312126362501841 0.05349497675628712 0.6708824387984099 0.15584720474268224 
[1, 24, 48], [24, 1, 1], [1, 20, 20], [30, 30, 30], [1, 2], 5, 0.001, 1, False, False 1.6004162328938645 24.882934620097174 3.0447993233719166 0.03946380310856925 0.360750327001682 0.14890198390107146 
[1, 24, 48], [24, 15, 1], [1, 5, 5], [40, 40, 40], [1, 2], 20, 0.001, 1, False, False 1.3842660695314406 21.730343056542832 2.52606640015397 0.037355149166394416 0.15097629218480282 0.03024806481321792 
[1, 24, 48], [24, 5, 1], [1, 5, 5], [30, 30, 30], [1, 2], 20, 0.001, 1, False, False 1.5491951789568967 24.11266266510442 3.031051942586687 0.0568730724965344 0.837589537532234 0.21734208364474403 
[1, 24, 48], [24, 15, 10], [1, 20, 20], [40, 40, 40], [1, 2], 20, 0.001, 1, False, False 1.4111187532544136 21.16143794861243 2.563507627494683 0.032159569185521146 0.25161407227424104 0.16529304439086492 
[1, 24, 48], [24, 15, 5], [1, 20, 20], [40, 40, 40], [1, 2], 1, 0.001, 1, False, False 2.2490659526100867 31.375251001733286 6.886000316953894 0.16039466266155356 1.523275321849888 1.1926778902863144 
[1, 24, 48], [24, 15, 15], [1, 20, 20], [40, 40, 40], [1, 2], 20, 0.001, 1, False, False 1.3246006806967436 20.36612472366005 2.256022342408289 0.11931519438021015 1.3841616293808945 0.4378558211960083 
[1, 24, 48], [24, 15, 1], [1, 5, 5], [40, 40, 40], [1, 2], 5, 0.001, 1, False, False 1.6121562636560867 24.283357225510134 3.2601050103781977 0.07670541173222441 1.1147255626266164 0.17260839240212122 
[1, 24, 48], [24, 15, 1], [1, 5, 5], [30, 30, 30], [1, 2], 1, 0.001, 1, False, False 2.528376465870275 35.420132522135006 8.559232512453939 0.004148442310952327 0.09469566197642117 0.014194424366891861 
[1, 24, 48], [24, 15, 1], [1, 20, 20], [30, 30, 30], [1, 2], 1, 0.001, 1, False, False 2.410425288644102 33.96886412799182 7.895105560235568 0.04883230477504689 0.47656873319465815 0.35858698279342116 
[1, 24, 48], [24, 1, 1], [1, 20, 20], [40, 40, 40], [1, 2], 10, 0.001, 1, False, False 1.3983470002810163 22.00371647495832 2.4884964020125486 0.0338590407085142 0.6132260558077923 0.10790833284617736 
[1, 24, 48], [24, 15, 1], [1, 10, 10], [20, 20, 20], [0, 1, 2], 5, 0.001, 1, False, False 1.4772360116243366 23.281924408969843 2.7874780078765222 0.06983054006727647 1.3153691334363602 0.14267135936704226 
[1, 24, 48], [24, 5, 1], [1, 5, 5], [20, 20, 20], [0, 1, 2], 5, 0.001, 1, False, False 1.7420652276387925 26.049210567370285 4.245368813874593 0.32511019833708404 3.4168670993230883 1.690105510766802 
[1, 24, 48], [24, 15, 10], [1, 5, 5], [30, 30, 30], [1, 2], 5, 0.001, 1, False, False 1.7042817999367361 25.671171218615708 3.6184483188301937 0.1911582338285765 2.244019596401443 0.7653348769774311 
[1, 24, 48], [24, 15, 1], [1, 10, 10], [10, 10, 10], [0, 1, 2], 5, 0.001, 1, False, False 1.6575094092775275 25.038928530386716 3.3021534684475466 0.026573698188070684 0.18547648636091588 0.19938906946314905 
[1, 24, 48], [24, 10, 1], [1, 5, 5], [30, 30, 30], [1, 2], 10, 0.001, 1, False, False 1.4608252279460432 23.020857081038155 2.6720492851607296 0.08063108067548252 0.973541951213755 0.22266321828155053 
[1, 24, 48], [24, 15, 5], [1, 5, 5], [10, 10, 10], [0, 1, 2], 5, 0.001, 1, False, False 1.8517198526748908 27.47418721588934 4.253735171318518 0.20004208196700873 2.895173590692302 1.1640002041010877 
[1, 24, 48], [24, 15, 15], [1, 20, 20], [30, 30, 30], [1, 2], 20, 0.001, 1, False, False 1.3097729115574446 20.013705815765842 2.220158022895021 0.05056339093613522 0.5811403829356087 0.13222858128080875 
[1, 24, 48], [24, 15, 5], [1, 5, 5], [40, 40, 40], [1, 2], 20, 0.001, 1, False, False 1.423782406029878 21.50529478627658 2.552811322226551 0.030756387723872864 0.8263135516479374 0.07424379343943656 
[1, 24, 48], [24, 15, 1], [1, 10, 10], [20, 20, 20], [0, 1, 2], 10, 0.001, 1, False, False 1.5119482389478776 23.83758129414872 2.930869176928114 0.0934719666576227 1.5291452566993322 0.34760445842992405 
[1, 24, 48], [24, 15, 1], [1, 5, 5], [10, 10, 10], [0, 1, 2], 10, 0.001, 1, False, False 1.4739725433014061 23.254256953592044 2.7612524074184215 0.02916369223487559 0.8765289089419702 0.20619036748076727 
[1, 24, 48], [24, 15, 5], [1, 20, 20], [40, 40, 40], [1, 2], 5, 0.001, 1, False, False 1.4382909710484526 22.787844034640216 2.6471637147495826 0.05730606748190375 0.6627992738282642 0.14962168338043022 
[1, 24, 48], [24, 15, 15], [1, 5, 5], [30, 30, 30], [1, 2], 10, 0.001, 1, False, False 1.4399167558661217 22.521111354392264 2.651842685723643 0.03995228707344558 0.4643262856055646 0.16317955504676548 
[1, 24, 48], [24, 10, 1], [1, 10, 10], [10, 10, 10], [0, 1, 2], 10, 0.001, 1, False, False 1.4647586184795258 23.258939449272997 2.7773837674416533 0.04296473879076822 0.65385663842472 0.10914225908494089 
[1, 24, 48], [24, 15, 5], [1, 20, 20], [30, 30, 30], [1, 2], 1, 0.001, 1, False, False 2.2513121145742914 31.708869725014182 6.874678638807964 0.02738581872340605 0.32520018113220966 0.09260349553231917 
[1, 24, 48], [24, 15, 15], [1, 20, 20], [40, 40, 40], [1, 2], 1, 0.001, 1, False, False 2.1711130607459284 30.486717201461037 6.299605369533477 0.016806390784738993 0.6446134220342695 0.1281487578621311 
[1, 24, 48], [24, 15, 1], [1, 20, 20], [40, 40, 40], [1, 2], 10, 0.001, 1, False, False 1.4077415046592554 22.007108747737274 2.5480588627261245 0.05618729823965326 0.971630332920372 0.21663344698207251 
[1, 24, 48], [24, 15, 15], [1, 5, 5], [40, 40, 40], [1, 2], 20, 0.001, 1, False, False 1.4524306441070858 22.535082158923775 2.6777743452836837 0.04353324676356938 0.43976138930785497 0.14952380859492853 
[1, 24, 48], [24, 15, 1], [1, 20, 20], [30, 30, 30], [1, 2], 5, 0.001, 1, False, False 1.5072799497456462 23.566645241688736 2.8060047176737544 0.03304353781074897 0.638368765371351 0.10083832652458517 
[1, 24, 48], [24, 15, 10], [1, 5, 5], [40, 40, 40], [1, 2], 10, 0.001, 1, False, False 1.4445897626932025 22.642837858191985 2.6879265891079123 0.03380635145522643 0.2632556398537074 0.1864277534044059 
[1, 24, 48], [24, 15, 5], [1, 5, 5], [30, 30, 30], [1, 2], 20, 0.001, 1, False, False 1.4883338692287607 22.843985840521075 2.8011986859023033 0.05140119522683614 1.109000639290792 0.18887603040293827 
[1, 24, 48], [24, 15, 15], [1, 20, 20], [30, 30, 30], [1, 2], 1, 0.001, 1, False, False 2.362837556997935 32.53925213755337 7.712901408320525 0.10433662459138794 0.8598416946731537 0.7466149151424141 
[1, 24, 48], [24, 15, 5], [1, 5, 5], [40, 40, 40], [1, 2], 1, 0.001, 1, False, False 2.4200858063168003 33.46555223104739 8.02471761969346 0.03135077680494722 0.38116748214455853 0.23641857137056893 
[1, 24, 48], [24, 15, 15], [1, 20, 20], [40, 40, 40], [1, 2], 5, 0.001, 1, False, False 1.40126754420775 22.20045364255762 2.5334976296511935 0.036556378711539654 0.18843874753721604 0.058587675694900206 
[1, 24, 48], [24, 15, 5], [1, 20, 20], [30, 30, 30], [1, 2], 5, 0.001, 1, False, False 1.5150697369818336 23.495635281049342 2.8420903992179727 0.10972502141471618 1.1001750853273162 0.3409426057176161 
[1, 24, 48], [24, 10, 1], [1, 5, 5], [40, 40, 40], [1, 2], 20, 0.001, 1, False, False 1.4540288901991314 22.750545346754752 2.7315562818258825 0.11857612204890837 1.4958041316827033 0.3996095565150901 
[1, 24, 48], [24, 15, 5], [1, 20, 20], [40, 40, 40], [1, 2], 10, 0.001, 1, False, False 1.4538656043509643 21.720920273432352 2.634810956693609 0.03327095759792074 0.4593566018462088 0.10850440976007135 
[1, 24, 48], [24, 15, 10], [1, 20, 20], [30, 30, 30], [1, 2], 20, 0.001, 1, False, False 1.4658697297451673 22.0924052950374 2.755194194244916 0.07466441000533648 0.7941633266823653 0.2854369525564461 
[1, 24, 48], [24, 15, 1], [1, 20, 20], [30, 30, 30], [1, 2], 10, 0.001, 1, False, False 1.4309221469417768 22.374794755088676 2.6809668205015917 0.018487471162025412 0.3562204509965165 0.10869530946794778 
[1, 24, 48], [24, 10, 1], [1, 10, 10], [20, 20, 20], [0, 1, 2], 20, 0.001, 1, False, False 1.4330916358916852 21.91141013303005 2.6724348699411618 0.021474453106352084 0.2055578804276862 0.06083463489827101 
[1, 24, 48], [24, 15, 1], [1, 5, 5], [10, 10, 10], [0, 1, 2], 20, 0.001, 1, False, False 1.4699350241433695 22.891453256657744 2.7277677522391026 0.03513429946662508 0.3545132576070813 0.08712462311893653 
[1, 24, 48], [24, 15, 1], [1, 5, 5], [20, 20, 20], [0, 1, 2], 20, 0.001, 1, False, False 1.4626510299466278 23.566002904571775 2.804334429091981 0.034407364424347824 0.35387897350311415 0.07532677138983301 
[1, 24, 48], [24, 15, 15], [1, 5, 5], [30, 30, 30], [1, 2], 20, 0.001, 1, False, False 1.3878456718943737 21.945942664905946 2.607656186826435 0.01776450421529204 0.42176515707626033 0.149235465608756 
[1, 24, 48], [24, 15, 1], [1, 20, 20], [40, 40, 40], [1, 2], 20, 0.001, 1, False, False 1.4583096671987466 21.603824262351875 2.592008163348213 0.05713902374233022 0.7295078460595478 0.1333420087654556 
