lags time_steps dense_nodes lstm_nodes processed scales                        epochs l2 learning_rate mean_mae mean_mape mean_mse                         std mae std_mape std_mse 
[1, 12, 24, 48], [24, 5, 5, 5], [1, 5, 5, 5], [5, 5, 5, 5], [0, 1, 2, 3], 1, 0.001, 512, False, True 5.909841468065667 77.05695122225822 52.66350833895418 3.8429128669746824 53.966444400404235 64.08248802345373 
[1, 12, 24, 48], [24, 5, 5, 5], [1, 5, 5, 5], [5, 5, 5, 5], [0, 1, 2, 3], 5, 0.001, 512, False, True 2.116426497419848 28.495864148385785 5.96547647423202 0.4402257717486479 3.854464760593464 2.567340602909888 
[1, 12, 24, 48], [24, 5, 5, 5], [1, 5, 5, 5], [10, 10, 10, 10], [0, 1, 2, 3], 1, 0.001, 512, False, True 2.495543610128678 33.27863512694391 9.098333491150594 1.1603782080470082 13.431491849231579 8.72634421920589 
[1, 12, 24, 48], [24, 5, 5, 5], [1, 5, 5, 5], [10, 10, 10, 10], [0, 1, 2, 3], 5, 0.001, 512, False, True 1.7873108762837255 25.743418464319596 4.0954367052899325 0.022085856567308465 0.07638326064991992 0.10874022530334715 
[1, 12, 24, 48], [24, 5, 5, 5], [1, 10, 10, 10], [5, 5, 5, 5], [0, 1, 2, 3], 1, 0.001, 512, False, True 2.974207439875817 38.36234030745654 12.559448928531811 1.3291949405341 16.07075874018354 10.608638179435228 
[1, 12, 24, 48], [24, 5, 5, 5], [1, 10, 10, 10], [5, 5, 5, 5], [0, 1, 2, 3], 5, 0.001, 512, False, True 2.033205801421087 27.83449511844221 5.529978783245488 0.44200137572527776 3.9667806024331904 2.616725010691327 
[1, 12, 24, 48], [24, 5, 5, 5], [1, 10, 10, 10], [10, 10, 10, 10], [0, 1, 2, 3], 1, 0.001, 512, False, True 4.897905139637559 64.64648649373717 40.447956534156006 3.7417065923489052 50.979426120846526 54.51028229852329 
[1, 12, 24, 48], [24, 5, 5, 5], [1, 10, 10, 10], [10, 10, 10, 10], [0, 1, 2, 3], 5, 0.001, 512, False, True 2.0285211864830237 27.593590828942798 5.40465533454378 0.32944311984450225 2.8138045433739256 1.8821578012488651 
[1, 12, 24, 48], [24, 10, 5, 5], [1, 5, 5, 5], [5, 5, 5, 5], [0, 1, 2, 3], 1, 0.001, 512, False, True 2.990764000492861 40.459565943611224 14.39738858728874 1.892396257880633 23.457663154393646 17.049926824161886 
[1, 12, 24, 48], [24, 10, 5, 5], [1, 5, 5, 5], [5, 5, 5, 5], [0, 1, 2, 3], 5, 0.001, 512, False, True 2.0452253339517585 27.74254692343053 5.494962567640219 0.32759201919009834 2.709648533739051 1.8402381465718272 
