lags time_steps dense_nodes lstm_nodes processed scales                        epochs l2 learning_rate mean_mae mean_mape mean_mse                         std mae std_mape std_mse 
[1, 24], [24, 5], [1, 10], [20, 20], [0, 1], 1, 0.001, 1, False, True 2.459840680298361 63.26281972275249 9.308258852545864 0.2099060966994303 7.402361577715784 0.9178455574063427 
[1, 24], [24, 5], [1, 10], [30, 30], [0, 1], 1, 0.001, 1, False, True 3.622955778189418 101.83110978450482 19.503229099383073 0.0393463664141935 2.3540994168245644 1.7061178831757196 
[1, 24], [24, 5], [1, 5], [20, 20], [0, 1], 1, 0.001, 1, False, True 2.626716299851735 67.13194805421607 9.701636347127994 0.07397972804600786 8.238597141470628 0.9236687921279548 
[1, 24], [24, 5], [1, 5], [30, 30], [0, 1], 1, 0.001, 1, False, True 3.881005815668377 95.26347869596539 21.068442287047308 0.21201727558699038 11.71037134948593 2.858880797439719 
[1, 24], [24, 10], [1, 5], [20, 20], [0, 1], 1, 0.001, 1, False, True 2.660227021640511 66.56371057072609 10.072260266999553 0.39871713021932587 12.661028951736474 2.860556615899075 
[1, 24], [24, 10], [1, 5], [30, 30], [0, 1], 1, 0.001, 1, False, True 3.848155592518203 91.23200182593295 20.333827693427736 0.06303699278747389 17.441606980656253 3.826127675483616 
[1, 24], [24, 10], [1, 10], [20, 20], [0, 1], 1, 0.001, 1, False, True 3.407109614115864 93.418037741219 15.933099502645268 0.2878329901674189 7.974833926919564 2.579711695066341 
[1, 24], [24, 15], [1, 5], [30, 30], [0, 1], 1, 0.001, 1, False, True 4.000505790693893 110.08256759831924 23.676903779993783 0.1901875721603289 15.4151562657486 6.074936309644734 
[1, 24], [24, 15], [1, 10], [30, 30], [0, 1], 1, 0.001, 1, False, True 3.2381607732062943 84.97077782884048 15.612017091661661 0.2804699323782316 12.0443805507655 2.920114620616593 
[1, 24], [24, 15], [1, 10], [20, 20], [0, 1], 1, 0.001, 1, False, True 3.3426252696507928 89.33022929509552 15.403357233162247 0.4059991232720397 15.234305559967648 4.7937288732152235 
[1, 24], [24, 15], [1, 5], [20, 20], [0, 1], 1, 0.001, 1, False, True 3.182961690237884 73.96679292463854 13.842717662393559 0.09562910777943427 11.74524623420418 0.8605154799125025 
[1, 24], [24, 20], [1, 5], [30, 30], [0, 1], 1, 0.001, 1, False, True 3.1192617449047106 84.56105898707494 14.417969299492702 0.097984459538358 5.877837819316698 1.895960745806372 
[1, 24], [24, 20], [1, 5], [20, 20], [0, 1], 1, 0.001, 1, False, True 2.8259928588927896 79.48365219006406 12.763150923242852 0.32055195576594936 9.284265844884025 3.6824396609699086 
[1, 24], [24, 10], [1, 10], [30, 30], [0, 1], 1, 0.001, 1, False, True 3.7160753240049993 101.04342494238898 20.555369583049593 0.4365276903553595 20.16538236162239 7.527962263938855 
[1, 24], [24, 20], [1, 10], [20, 20], [0, 1], 1, 0.001, 1, False, True 3.1451919334181766 92.50387767143458 16.408186718841602 0.48085388393488243 13.056247426485365 4.552845516137706 
[1, 24], [24, 20], [1, 10], [30, 30], [0, 1], 1, 0.001, 1, False, True 3.4466462537249627 95.5606594047512 17.4678524901052 0.4946243483445298 11.80262352995546 3.30873488184353 
[1, 24], [24, 5], [1, 5], [20, 20], [1], 1, 0.001, 1, False, True 2.638757431948628 59.18235995304801 10.192777508771817 0.7006567179236896 15.167471544576804 5.216080695947545 
[1, 24], [24, 5], [1, 10], [30, 30], [1], 1, 0.001, 1, False, True 3.314265372093631 77.938111374976 15.499591725217526 1.0322717597405056 18.339545842274415 8.716629496161948 
[1, 24], [24, 10], [1, 10], [20, 20], [1], 1, 0.001, 1, False, True 3.0722778161573756 64.05195473382551 14.194333387545086 0.6974729127024717 10.78860923904576 7.152652881296133 
[1, 24], [24, 15], [1, 5], [30, 30], [1], 1, 0.001, 1, False, True 2.2292376091841755 51.902972515604624 7.053606723814869 0.42285128069319816 7.802034652977627 2.3078591057201505 
[1, 24], [24, 20], [1, 5], [20, 20], [1], 1, 0.001, 1, False, True 2.5471421327097006 61.438307012169844 9.906469263479169 1.175755065682753 26.369808025595812 7.623568465740022 
[1, 24], [24, 20], [1, 10], [30, 30], [1], 1, 0.001, 1, False, True 3.3960897850148672 72.5710558016634 16.104156955404733 0.1776594818549409 4.184024081860682 2.2340556509692426 
[1, 24], [24, 5], [1, 5], [30, 30], [1], 1, 0.001, 1, False, True 2.9883667828998086 73.03824846476319 13.899883759943792 1.3850404137193142 29.891648176550298 11.7980257314045 
[1, 24], [24, 10], [1, 10], [30, 30], [1], 1, 0.001, 1, False, True 2.9993632588052654 64.62333121052912 13.240406285483571 0.6631670905375562 12.166603056895148 5.4964298974849015 
[1, 24], [24, 10], [1, 5], [20, 20], [1], 1, 0.001, 1, False, True 2.318249459236999 55.86870556228687 7.851348075054536 0.4502866643700784 7.62568872382884 2.7535308093046686 
[1, 24, 48], [24, 5, 5], [1, 10, 10], [20, 20, 20], [1, 2], 1, 0.001, 1, False, True 6.938909514745078 185.6704567261124 66.97972251055661 2.0827408362816304 56.72030953991729 34.17773013790588 
[1, 24], [24, 15], [1, 10], [20, 20], [1], 1, 0.001, 1, False, True 4.075089513369044 89.52636302027697 23.26919963599133 1.2445736190411882 30.718700747530455 12.945907726424851 
[1, 24], [24, 20], [1, 5], [30, 30], [1], 1, 0.001, 1, False, True 3.0204682004776005 71.10142701798542 13.076353631946683 0.8705234559717436 23.933271234979408 6.363786304113556 
[1, 24, 48], [24, 5, 5], [1, 20, 20], [30, 30, 30], [1, 2], 1, 0.001, 1, False, True 9.3270924181298 242.844815899011 117.01232704424609 1.4989231911293 44.875642892754 38.31877369965018 
[1, 24, 48], [24, 10, 5], [1, 20, 20], [20, 20, 20], [1, 2], 1, 0.001, 1, False, True 6.449790729458134 169.4428390382438 65.40881504900052 2.4642753064867637 78.5581752330159 38.32781043803438 
[1, 24, 48], [24, 15, 5], [1, 10, 10], [30, 30, 30], [1, 2], 1, 0.001, 1, False, True 7.417775212931967 195.56923996042565 93.68101488480333 3.765258487823491 117.63645821063822 78.9757254777168 
[1, 24, 48], [24, 20, 20], [1, 10, 10], [20, 20, 20], [0, 1, 2], 1, 0.001, 1, False, True 2.8117506489157686 56.99398608986596 12.945812659364206 0.43470548747347226 15.036181376968361 2.930501493496052 
[1, 24], [24, 5], [1, 10], [20, 20], [1], 1, 0.001, 1, False, True 2.8237809107259486 60.679402226922434 11.335307379550692 0.35034969413331296 7.167311566490828 2.9095554290964487 
[1, 24, 48], [24, 20, 20], [1, 20, 20], [30, 30, 30], [0, 1, 2], 1, 0.001, 1, False, True 2.401584664576998 56.878905167895276 9.91417841239894 0.8963435160994062 18.5670800068565 6.270774570550422 
[1, 24, 48], [24, 20, 15], [1, 10, 10], [30, 30, 30], [0, 1, 2], 1, 0.001, 1, False, True 2.4779169746778082 66.21947171395732 11.304307532066312 0.9261546736348991 32.067339988162125 9.45526151833483 
[1, 24, 48], [24, 20, 10], [1, 20, 20], [20, 20, 20], [0, 1, 2], 1, 0.001, 1, False, True 3.3639838332379317 77.80458407071485 18.16856973336688 1.3228596226211904 31.905691779199685 10.392991570132837 
[1, 24, 48], [24, 5, 5], [1, 10, 10], [20, 20, 20], [0, 1, 2], 1, 0.001, 1, False, True 5.356822577822542 131.7159944943369 39.9307609872786 1.7568426137425255 49.76173619526902 21.925383303710998 
[1, 24], [24, 10], [1, 5], [30, 30], [1], 1, 0.001, 1, False, True 2.445863812102903 57.02018183052437 8.226526190072775 0.16500278967769394 3.400073799102439 0.8390986959545297 
[1, 24], [24, 15], [1, 5], [20, 20], [1], 1, 0.001, 1, False, True 3.008613667609516 64.47050103885424 14.88589854789253 1.3416747065867012 28.238910421781593 9.216697478916902 
[1, 24, 48], [24, 20, 5], [1, 20, 20], [30, 30, 30], [0, 1, 2], 1, 0.001, 1, False, True 3.8155233144178076 77.6642828346982 24.851325425991096 0.9554876719879775 12.467520304263289 13.105358870995573 
[1, 24], [24, 15], [1, 10], [30, 30], [1], 1, 0.001, 1, False, True 3.2742855509475786 68.79350465724143 14.734135685096405 0.32243433152289663 6.755475483388993 3.0239211807747717 
[1, 24, 48], [24, 20, 5], [1, 10, 10], [20, 20, 20], [0, 1, 2], 1, 0.001, 1, False, True 4.50256965349049 99.68545789061312 32.727586349949 1.0210603168346772 12.879250159851534 13.001279107056881 
[1, 24], [24, 20], [1, 10], [20, 20], [1], 1, 0.001, 1, False, True 2.377881034011781 57.87036265168614 7.74896617484487 0.21738996148204154 5.874531206955312 0.9922412920793234 
[1, 24, 48], [24, 5, 5], [1, 20, 20], [30, 30, 30], [0, 1, 2], 1, 0.001, 1, False, True 3.657197298037097 77.09889822083966 22.350990626627834 0.635533278808108 12.081408115705274 8.549892983899392 
[1, 24, 48], [24, 10, 5], [1, 20, 20], [20, 20, 20], [0, 1, 2], 1, 0.001, 1, False, True 4.793827127503164 113.98866870765072 34.16554543533971 2.032712558830255 52.435881827371304 24.21096519601696 
[1, 24, 48], [24, 15, 5], [1, 10, 10], [30, 30, 30], [0, 1, 2], 1, 0.001, 1, False, True 3.3146593177199577 84.2278598149777 16.924300080758453 0.7794922911401343 17.207285328158335 7.385336244227815 
[1, 24, 48], [24, 5, 5], [1, 10, 10], [30, 30, 30], [1, 2], 1, 0.001, 1, False, True 4.328545358528694 102.55651827549896 25.869651369591804 1.054705378966107 30.388115046828847 9.665965535476698 
[1, 24, 48], [24, 10, 5], [1, 10, 10], [20, 20, 20], [1, 2], 1, 0.001, 1, False, True 6.421673298944479 170.31199161724672 67.74121802861765 3.422344984378156 90.05621895928297 49.643076852965834 
[1, 24, 48], [24, 15, 5], [1, 20, 20], [20, 20, 20], [1, 2], 1, 0.001, 1, False, True 4.771874918078108 120.60831559885463 37.84520874763181 2.5131584474126902 66.25498283934647 36.501070399144446 
[1, 24, 48], [24, 10, 5], [1, 20, 20], [30, 30, 30], [1, 2], 1, 0.001, 1, False, True 5.835374631356725 145.3515250319273 45.4629147824983 1.987437395762236 54.57415978530897 30.672890263573617 
[1, 24, 48], [24, 20, 15], [1, 10, 10], [30, 30, 30], [1, 2], 1, 0.001, 1, False, True 2.6450132488309737 60.68605465072556 8.916453122201146 0.24434831658376854 6.717179524434049 1.5868306450636336 
[1, 24, 48], [24, 20, 5], [1, 10, 10], [20, 20, 20], [1, 2], 1, 0.001, 1, False, True 4.545622602029257 117.09468963878236 32.39742880425219 1.8370237118031045 55.657562427173 22.513860197532995 
[1, 24, 48], [24, 20, 10], [1, 20, 20], [20, 20, 20], [1, 2], 1, 0.001, 1, False, True 8.549801019110063 232.85144294961492 98.44307710690988 0.7532564536580652 24.73261652189261 19.43658005312203 
[1, 24, 48], [24, 20, 5], [1, 20, 20], [30, 30, 30], [1, 2], 1, 0.001, 1, False, True 6.402655504478351 167.3077616916374 52.054616270591765 0.3700395331740822 15.44504517580231 7.5875858936719425 
[1, 24, 48], [24, 20, 20], [1, 10, 10], [30, 30, 30], [0, 1, 2], 1, 0.001, 1, False, True 4.192086962575991 91.9693390601924 26.85264421419492 1.2571628280676501 33.071211134574035 13.155713001580667 
[1, 24, 48], [24, 20, 15], [1, 20, 20], [20, 20, 20], [0, 1, 2], 1, 0.001, 1, False, True 3.804596594476178 90.84203424875581 20.00880807121074 1.063285756100761 29.901015789106054 9.996487169482483 
[1, 24, 48], [24, 5, 5], [1, 10, 10], [20, 20, 20], [2], 1, 0.001, 1, False, True 4.635799435539932 117.64918602300055 29.47204093834642 1.5215842352295552 48.03728361898111 14.719668651074358 
[1, 24, 48], [24, 5, 5], [1, 20, 20], [30, 30, 30], [2], 1, 0.001, 1, False, True 7.564610802409827 218.5424733024124 79.57200111127149 0.20264217023899753 6.772767595344503 5.149886106871439 
[1, 24, 48], [24, 20, 20], [1, 10, 10], [20, 20, 20], [2], 1, 0.001, 1, False, True 5.682159296119656 152.23868056472207 42.092165588166324 1.3513489390885132 39.68920969704404 18.847493510025608 
[1, 24, 48], [24, 20, 15], [1, 10, 10], [30, 30, 30], [2], 1, 0.001, 1, False, True 4.517488296923264 117.30107195424385 36.24264381218643 2.824536300100087 83.11462061497446 36.813994570834616 
[1, 24, 48], [24, 20, 10], [1, 20, 20], [20, 20, 20], [2], 1, 0.001, 1, False, True 6.032737341992283 169.96330815478998 51.20370071396604 1.200782319278747 39.196822311422444 21.238305427244722 
[1, 24, 48], [24, 5, 5], [1, 10, 10], [30, 30, 30], [0, 1, 2], 1, 0.001, 1, False, True 4.725789419672005 108.4923620418164 31.621460478680703 1.2912448559714715 35.06274007060419 15.761263335280194 
[1, 24, 48], [24, 5, 5], [1, 20, 20], [20, 20, 20], [1, 2], 1, 0.001, 1, False, True 5.739756953219575 154.65633573283947 50.04828113271185 2.0454031602016944 61.38820543989263 27.33607516666863 
[1, 24, 48], [24, 20, 10], [1, 20, 20], [30, 30, 30], [0, 1, 2], 1, 0.001, 1, False, True 4.4174246543811435 119.09783609605165 28.112809051625458 0.7402320465990828 20.374483037964307 7.806689565036921 
[1, 24, 48], [24, 10, 5], [1, 10, 10], [30, 30, 30], [1, 2], 1, 0.001, 1, False, True 5.528712980918313 144.78765411363258 48.10429576721335 2.725916953943722 78.58198587153122 36.29923464677165 
[1, 24, 48], [24, 20, 10], [1, 10, 10], [20, 20, 20], [0, 1, 2], 1, 0.001, 1, False, True 6.0958186146768725 158.7354861054004 60.50405632431563 2.9026549918839883 90.80542458540296 52.21105340271504 
[1, 24, 48], [24, 20, 15], [1, 20, 20], [20, 20, 20], [1, 2], 1, 0.001, 1, False, True 6.288654874072033 169.38590647594404 54.653650987454036 1.53286851476783 47.21633422053075 27.634622313767416 
[1, 24, 48], [24, 20, 5], [1, 10, 10], [30, 30, 30], [0, 1, 2], 1, 0.001, 1, False, True 3.3617347731634433 73.68454303754753 15.053164696388722 0.8820059532992613 21.901225806661053 6.342019616999728 
[1, 24, 48], [24, 20, 10], [1, 10, 10], [20, 20, 20], [1, 2], 1, 0.001, 1, False, True 6.077370030267372 156.2557319718026 56.149255708332255 2.7891812435968175 81.8216725386421 48.227165345363595 
[1, 24, 48], [24, 15, 5], [1, 20, 20], [30, 30, 30], [1, 2], 1, 0.001, 1, False, True 5.3074643429782675 137.69802745848457 38.64191817844982 1.1778543334246259 40.179786479690314 16.7100072619096 
[1, 24, 48], [24, 20, 10], [1, 20, 20], [30, 30, 30], [1, 2], 1, 0.001, 1, False, True 4.26500634426872 103.86889516342153 27.80535321810631 1.769027596264925 49.56433428788585 19.18586234100655 
[1, 24, 48], [24, 20, 5], [1, 10, 10], [30, 30, 30], [1, 2], 1, 0.001, 1, False, True 7.3471048925761835 178.53158465371007 66.70820900894132 1.1206319757272656 37.026995489250424 21.322434617895716 
[1, 24, 48], [24, 15, 5], [1, 10, 10], [20, 20, 20], [1, 2], 1, 0.001, 1, False, True 7.12245760502087 188.2982801507646 77.32733133057098 2.4924533519786296 75.66012903425292 43.88121916421939 
[1, 24, 48], [24, 10, 5], [1, 10, 10], [20, 20, 20], [0, 1, 2], 1, 0.001, 1, False, True 4.945402571517562 109.06104276038384 41.88966730773584 2.4985974834277656 53.267050422207106 36.1343614375563 
[1, 24, 48], [24, 20, 20], [1, 10, 10], [20, 20, 20], [1, 2], 1, 0.001, 1, False, True 4.723298142353694 116.39088483597381 34.25871470355221 2.3468165250663895 61.90959354184486 29.51605924610296 
[1, 24, 48], [24, 20, 20], [1, 20, 20], [30, 30, 30], [1, 2], 1, 0.001, 1, False, True 4.140514864303449 96.40172065958241 23.34431907195271 0.21829077521893409 1.851132731644139 3.172270960829925 
[1, 24, 48], [24, 5, 5], [1, 10, 10], [30, 30, 30], [2], 1, 0.001, 1, False, True 4.11986174238501 104.63823384586705 22.572017980289598 1.732123661855063 43.24784883365834 15.303125887168045 
[1, 24, 48], [24, 20, 20], [1, 10, 10], [30, 30, 30], [2], 1, 0.001, 1, False, True 7.92258533874044 210.92161517774483 74.98234736511101 0.6273688266454764 14.213642630907245 11.025627941629338 
[1, 24, 48], [24, 20, 10], [1, 10, 10], [20, 20, 20], [2], 1, 0.001, 1, False, True 4.989765737771438 129.81276333138683 36.63734181641758 2.11659577720734 60.99625472511214 21.18928350204472 
[1, 24, 48], [24, 20, 15], [1, 20, 20], [20, 20, 20], [2], 1, 0.001, 1, False, True 8.16850696647609 227.15410888887595 87.32698759168267 1.4147012471769111 33.37975755189035 23.800420553280084 
[1, 24, 48], [24, 20, 10], [1, 20, 20], [30, 30, 30], [2], 1, 0.001, 1, False, True 7.224919306597227 207.10824051516872 74.51965250074872 1.3535694061990224 42.49388638369867 31.469269972303845 
[1, 24, 48], [24, 20, 20], [1, 20, 20], [30, 30, 30], [2], 1, 0.001, 1, False, True 7.69286973592308 220.72741037588494 82.32871949141135 0.48275511371426083 12.553715354202078 9.036858030859664 
[1, 24, 48], [24, 15, 5], [1, 20, 20], [20, 20, 20], [0, 1, 2], 1, 0.001, 1, False, True 5.169002159395154 115.97839523834521 38.627843539100354 0.7498442109386011 31.099170092327917 5.033101006569512 
[1, 24, 48], [24, 10, 5], [1, 20, 20], [30, 30, 30], [0, 1, 2], 1, 0.001, 1, False, True 4.23822560215507 102.56405411020928 25.202717198985084 0.44123720774094716 25.608065323459044 6.913506352730954 
[1, 24, 48], [24, 5, 5], [1, 20, 20], [20, 20, 20], [2], 1, 0.001, 1, False, True 6.724206975461159 183.81306871291576 57.310042443345914 0.17014366345153062 7.048211539792198 4.302829037458547 
[1, 24, 48], [24, 20, 20], [1, 20, 20], [20, 20, 20], [0, 1, 2], 1, 0.001, 1, False, True 2.8973935379724334 61.23310546043562 14.2639858653161 0.7714951543647933 17.057609412077586 5.938602967661505 
[1, 24, 48], [24, 20, 20], [1, 20, 20], [20, 20, 20], [2], 1, 0.001, 1, False, True 6.36421180797948 178.0405147263925 56.01423849434872 1.027207959520954 37.340268421601905 19.936113986213364 
[1, 24, 48], [24, 20, 10], [1, 10, 10], [30, 30, 30], [2], 1, 0.001, 1, False, True 6.914975870593832 187.73312362901007 73.19948937368831 2.6098768690341605 83.9628021955338 41.51826188169333 
[1, 24, 48], [24, 20, 15], [1, 20, 20], [30, 30, 30], [1, 2], 1, 0.001, 1, False, True 4.403475229704272 107.04282203256491 32.0004428916889 2.637660721752603 70.38861464891852 30.130342656623434 
[1, 24, 48], [24, 20, 15], [1, 10, 10], [20, 20, 20], [2], 1, 0.001, 1, False, True 4.776617335445352 125.74086875795724 34.54804293938214 1.93801266233658 64.00264377764671 26.80970835582147 
[1, 24, 48], [24, 20, 15], [1, 20, 20], [30, 30, 30], [2], 1, 0.001, 1, False, True 8.15660595248143 234.35129012388825 93.28202965076817 0.828161582567408 24.77746920151275 19.77450038619037 
[1, 24, 48], [24, 20, 5], [1, 20, 20], [20, 20, 20], [1, 2], 1, 0.001, 1, False, True 7.100410376820302 196.13718404755699 68.65795045785154 1.1291374772019098 30.299455049315256 20.788419228372895 
[1, 24, 48], [24, 20, 15], [1, 10, 10], [20, 20, 20], [1, 2], 1, 0.001, 1, False, True 6.69431086080494 180.91579260012455 73.29650369866366 3.2191845191702777 91.30653312897222 47.428943602251636 
[1, 24, 48], [24, 20, 15], [1, 20, 20], [30, 30, 30], [0, 1, 2], 1, 0.001, 1, False, True 2.852744685794676 64.20530937273755 11.424568412063286 0.7455902162546015 18.430235305945615 4.240577303287883 
[1, 24, 48], [24, 20, 10], [1, 10, 10], [30, 30, 30], [1, 2], 1, 0.001, 1, False, True 3.978043630660547 107.41273886330343 26.679634194135815 2.0094095682466344 57.61361255080009 20.82377880001555 
[1, 24, 48], [24, 20, 20], [1, 10, 10], [30, 30, 30], [1, 2], 1, 0.001, 1, False, True 3.8927456109474114 99.71166053720168 21.286387536412875 1.50352186479616 36.491699669531485 13.396152313574344 
[1, 24, 48], [24, 20, 15], [1, 10, 10], [20, 20, 20], [0, 1, 2], 1, 0.001, 1, False, True 2.9874142400230532 62.54415731489271 14.607192167457873 0.9200661217811801 20.312337611062965 6.958030839150368 
[1, 24, 48], [24, 20, 10], [1, 10, 10], [30, 30, 30], [0, 1, 2], 1, 0.001, 1, False, True 3.686387164652762 85.2996204043517 20.01960733945006 0.31814791545079985 8.366111033558218 3.470107268589136 
[1, 24, 48], [24, 5, 5], [1, 20, 20], [20, 20, 20], [0, 1, 2], 1, 0.001, 1, False, True 4.924529550790237 114.68621158250647 41.47306553565085 2.4529584876022708 69.27121884280659 36.61645825618494 
[1, 24, 48], [24, 20, 5], [1, 20, 20], [20, 20, 20], [0, 1, 2], 1, 0.001, 1, False, True 6.508541848427721 166.6268761470478 57.9857133089601 2.1661361918430475 53.802139662494795 31.03351015023052 
[1, 24, 48], [24, 10, 5], [1, 10, 10], [30, 30, 30], [0, 1, 2], 1, 0.001, 1, False, True 3.752822629850428 85.4680339776001 18.465058213314563 0.7143883907532177 14.594971335727767 6.171486070637643 
[1, 24, 48], [24, 20, 20], [1, 20, 20], [20, 20, 20], [1, 2], 1, 0.001, 1, False, True 6.138959602404525 162.98603535926338 53.75336637678487 1.7697325655045095 57.16826072297444 25.239250827315107 
[1, 24, 48], [24, 15, 5], [1, 10, 10], [20, 20, 20], [0, 1, 2], 1, 0.001, 1, False, True 3.3318765456167365 87.80128062299976 15.116634879590912 0.6478085793352254 14.066909429045479 4.239177963050817 
[1, 24, 48], [24, 15, 5], [1, 20, 20], [30, 30, 30], [0, 1, 2], 1, 0.001, 1, False, True 5.261425899569361 122.507927798578 44.51006837686183 2.633051422614447 70.86094129817265 38.08043215953475 
