layers lag time_steps epochs l2 learning_rate mean_mae                         mean_mape mean_mse std mae std_mape std_mse 
[15], 24, 1, 1, 0.001, 0.05, 1, False 3.022775741542379 38.252977085391144 15.686114537098208 0.5170597823641627 5.506782944774749 5.490643596508131 
[15], 36, 1, 1, 0.001, 0.05, 1, False 2.274825185013038 31.753676719279824 8.04253618269867 0.1414747293631218 1.418476121121792 0.8304073943190323 
[10], 1, 1, 1, 0.001, 0.05, 1, False 3.6717513011837446 41.98963495836966 22.11074927982096 0.31695900034498764 1.1408231648060942 4.432371212462183 
[10], 12, 1, 1, 0.001, 0.05, 1, False 3.312729111479388 41.818597136761106 16.705600758738452 0.16963158868598213 0.6236393264489284 3.186737521269196 
[10], 24, 1, 1, 0.001, 0.05, 1, False 2.2225597579170153 32.38955962939858 8.33424044857693 0.4116143834202833 4.416107346207214 2.7630268579653365 
[15], 1, 1, 1, 0.001, 0.05, 1, False 4.02984246308053 43.84551229558881 26.085026430704417 0.4065203953945953 3.6597189194095066 4.559721414709204 
[15], 12, 1, 1, 0.001, 0.05, 1, False 3.8978254314787963 43.196318284884974 25.63272701424515 0.2653587012387029 1.9734403857650518 3.5308969288205976 
[10], 36, 1, 1, 0.001, 0.05, 1, False 2.4645085143270316 34.25517294462946 8.489088068213515 0.2628109324405677 1.5780069967440993 1.3981994793399355 
[5], 1, 1, 1, 0.001, 0.05, 1, False 3.5326118235510804 41.52669031088083 19.859965852711795 0.17423081631084175 0.8125772472180782 2.2514198922510915 
[5], 36, 1, 1, 0.001, 0.05, 1, False 2.4415514095237962 34.82599995892071 8.409725420451329 0.24297697138456728 2.6514365897042182 2.1275137193171396 
[5], 24, 1, 1, 0.001, 0.05, 1, False 2.8704713522560064 38.361820909365115 12.071540920074263 0.19196876282617564 2.2306794577745355 2.1013575523569337 
[20], 12, 1, 1, 0.001, 0.05, 1, False 3.634237116602836 42.60259549371906 21.360185976719166 0.07552021151299938 1.6513556605295785 1.4429546704110763 
[20], 1, 1, 1, 0.001, 0.05, 1, False 3.96227177730589 42.59835347392421 25.43248872171148 0.1754402627597709 1.4901054086473362 2.267827788129483 
[20], 24, 1, 1, 0.001, 0.05, 1, False 2.365677979478129 34.834853041616775 8.733955613080226 0.10961311796507449 0.9847112383148927 0.8132823613493237 
[5], 12, 1, 1, 0.001, 0.05, 1, False 3.518256457536309 44.096107499308594 19.253219416673705 0.15194532694641216 0.6046415227643688 2.880043102617108 
[20], 36, 1, 1, 0.001, 0.05, 1, False 2.248227849740673 31.36307793781536 7.706993200478887 0.2443172000797335 2.401913487283294 1.0521412031406432 
[15], 36, 15, 5, 0.001, 0.05, 1, False 1.5105442030562297 23.518495250569732 2.984218620513437 0.16509586963555903 2.0066822487096583 0.5796214717679926 
[15], 24, 1, 5, 0.001, 0.05, 1, False 2.0110509549026134 30.333205484359947 6.065823678660277 0.16542601623764686 1.9563942720853016 0.8194696364447074 
[15], 36, 1, 5, 0.001, 0.05, 1, False 2.0604648294548196 28.712477895041385 6.284069305800615 0.2910003735121979 3.2726160725108797 2.337422328985306 
[15], 24, 15, 5, 0.001, 0.05, 1, False 1.4752982445613105 23.8046589861398 2.82234404085397 0.0677773273713901 0.8580142425738455 0.10302579916484012 
[15], 12, 15, 5, 0.001, 0.05, 1, False 1.7068972566061549 26.68819020110665 3.84666381298324 0.09650393168893724 1.020340336032638 0.37253582815158487 
[20], 12, 1, 5, 0.001, 0.05, 1, False 2.970642224450906 42.07018976683469 12.266243810581692 0.21617100601725392 2.103976503968394 1.8031654424476107 
[15], 1, 1, 5, 0.001, 0.05, 1, False 2.9922398965667796 42.58716386612775 11.649870475876845 0.04234579232373476 1.242231023749538 0.19296327287247506 
[10], 36, 1, 5, 0.001, 0.05, 1, False 2.0073741659522057 27.9350570884065 5.724683081363282 0.0847007015456451 0.9651683025495859 0.805551887608196 
[20], 1, 1, 5, 0.001, 0.05, 1, False 2.6647861101561126 38.69194095647524 9.479191286461274 0.2117603055910004 1.3977316998531994 1.686736728212505 
[10], 1, 1, 5, 0.001, 0.05, 1, False 3.3046201018823513 39.89306052126755 16.921426697698315 0.2875646838180399 0.5867628756338515 3.8112033872438373 
[15], 12, 1, 5, 0.001, 0.05, 1, False 3.1217913660186305 43.40145653738702 13.06736707797558 0.10506582255047647 1.9180872610569624 0.8735034874566161 
[20], 24, 1, 5, 0.001, 0.05, 1, False 2.0509013034127377 30.25962603768581 6.167734026362862 0.13682976113442927 1.3277397119993266 0.7747277579449303 
[20], 24, 15, 5, 0.001, 0.05, 1, False 1.4676241096247127 23.469523775099518 2.782756320463409 0.07913333947630309 0.7299027083259021 0.23806465914993022 
[30], 12, 1, 1, 0.001, 0.05, 1, False 3.4870512268609466 41.02075581886916 19.800607678899894 0.15983789189074524 0.9826040786346267 2.1858315175546856 
[30], 1, 1, 1, 0.001, 0.05, 1, False 3.939811481756193 42.54003577286425 25.11768079284738 0.13538836986998393 0.963715365453096 1.3690041540146662 
[15], 24, 5, 10, 0.001, 0.05, 1, False 1.5618850149766164 24.40797063440873 3.260482182760034 0.05842628805428034 0.8625865243895722 0.24973304245869213 
[5], 1, 1, 5, 0.001, 0.05, 1, False 3.450808975183302 40.732543354100564 18.824783481424998 0.28226597958252114 0.636406837090069 4.126949558760059 
[15], 1, 15, 5, 0.001, 0.05, 1, False 2.0709318476142706 31.208467329414713 5.662077590527102 0.06780618810082714 0.7856341466429551 0.4199472045026651 
[10], 36, 15, 5, 0.001, 0.05, 1, False 1.4022044987038331 22.4927959740819 2.6549275686087532 0.035394506215719594 0.7196804452002994 0.1858896994847663 
[10], 24, 15, 5, 0.001, 0.05, 1, False 1.4878298214464276 23.471399259112783 2.906332186859133 0.08316514791051893 1.3040231888295644 0.1682420026317816 
[15], 36, 5, 10, 0.001, 0.05, 1, False 1.4502539321228312 22.36908592040039 2.7652449343259273 0.008847078659365711 0.6052574782773255 0.10546609291921992 
[5], 36, 15, 5, 0.001, 0.05, 1, False 1.6355869518937893 24.883142576751393 3.4291244263645217 0.1003469228054963 1.5716940542702593 0.3567502278019343 
[10], 12, 1, 5, 0.001, 0.05, 1, False 3.388467959121422 45.02554766124337 16.27437088389117 0.22059900652402387 1.9957537152317788 2.43325448431103 
[15], 24, 10, 1, 0.001, 0.05, 1, False 1.7792264643918587 28.010062134725505 4.413623926857328 0.017122229785201074 0.1519385192943502 0.36029781189804966 
[5], 24, 1, 5, 0.001, 0.05, 1, False 2.1004588751881212 30.510552653389237 7.005242399476532 0.4726793343065994 4.4262585900606535 3.4376513931632267 
[20], 1, 5, 10, 0.001, 0.05, 1, False 2.0636736495075403 30.34585934354966 6.347788865128706 0.03657242797674371 0.4322999398172923 0.18986367949950447 
[10], 24, 1, 5, 0.001, 0.05, 1, False 1.95292673530402 29.273507242528073 5.722317850676135 0.269556812961663 2.902714034821808 1.4208019287999583 
[5], 36, 1, 5, 0.001, 0.05, 1, False 1.9492728274729518 27.802097034594468 5.582311506085843 0.13494663523716882 1.001601827978981 0.7409454388270115 
[15], 1, 5, 10, 0.001, 0.05, 1, False 2.0912451499038274 30.41793424243265 6.3566164362520965 0.08803789707156014 0.9069516167895626 0.42123496328338367 
[10], 1, 15, 5, 0.001, 0.05, 1, False 2.099802336262332 31.880471590612185 5.837088622768498 0.13570689162768795 1.948798601009886 0.6855393089209628 
[20], 24, 5, 10, 0.001, 0.05, 1, False 1.5356580495558403 24.52127697519616 3.1063268101777184 0.03210484737644514 0.27394273758528964 0.11233711028508714 
[15], 36, 10, 1, 0.001, 0.05, 1, False 1.6933556050890024 27.67107948678526 4.034478695664038 0.14145304826782248 0.2937016657052089 0.35697967579145923 
[5], 12, 1, 5, 0.001, 0.05, 1, False 3.1277143401128265 41.955484214575044 13.785268569364346 0.11339831471292555 1.321640497482893 0.6872516908426461 
[10], 12, 15, 5, 0.001, 0.05, 1, False 1.6700809892404964 26.918593289225324 4.017910422837146 0.2252327513655601 3.786400201240756 1.023157851756794 
[10], 36, 5, 10, 0.001, 0.05, 1, False 1.3922449050402197 21.790670179843783 2.4877635169407912 0.09569586606531738 1.3558060466996669 0.2928951944111039 
[20], 36, 1, 5, 0.001, 0.05, 1, False 2.248913332212855 29.805355246919174 7.873614467711985 0.2112557510449759 1.415716896081805 2.027028855157287 
[15], 12, 5, 10, 0.001, 0.05, 1, False 1.712369565058638 26.837294244561637 4.188552425439727 0.13482615388463193 1.8237959724050385 0.6524858422639465 
[5], 24, 15, 5, 0.001, 0.05, 1, False 1.5601512625537541 25.286809772584206 3.2957377813169635 0.07514647130694607 1.0822716280055447 0.23892572983570826 
[5], 1, 15, 5, 0.001, 0.05, 1, False 2.3397750915752513 34.3377055595952 7.236287205595905 0.11706296970183264 1.0689707032653348 0.7243391761786955 
[20], 1, 10, 1, 0.001, 0.05, 1, False 2.72266852789455 36.7548579427733 10.297044450639598 0.057461482530839894 0.2988004736299447 0.5947251486875673 
[10], 24, 5, 10, 0.001, 0.05, 1, False 1.54350993445626 24.685748985074497 3.2005685422929293 0.0693151991946474 1.1675630027751231 0.1637865628482812 
[20], 1, 15, 5, 0.001, 0.05, 1, False 2.0114493510237446 30.522507980266965 5.370170816570531 0.14509208191878872 1.500928903196118 0.7953319698867923 
[30], 12, 1, 5, 0.001, 0.05, 1, False 2.916213300934544 42.40744833245356 12.265685418031746 0.4027268976716205 4.20758768919968 3.1152483914680857 
[15], 1, 10, 1, 0.001, 0.05, 1, False 2.6532713561146344 36.24759415744356 9.637680413986885 0.036791749317929986 0.5586413984137215 0.2597270032728197 
[30], 1, 1, 5, 0.001, 0.05, 1, False 2.262702340936219 35.67084780501705 6.997246029267359 0.0873678080098575 0.9337298204423705 0.35313957978049415 
[20], 24, 10, 1, 0.001, 0.05, 1, False 1.6653380675172367 26.827555355511894 3.7218500798329095 0.1112553666852218 1.7152198514954344 0.513176807852725 
[30], 1, 15, 5, 0.001, 0.05, 1, False 1.8772736463281847 29.380674137993328 4.567995903977962 0.007495469444753517 0.12531952157403312 0.044147346782325673 
[30], 12, 15, 5, 0.001, 0.05, 1, False 1.557990412827995 25.679613298276276 3.6494545394519853 0.1227673593995688 2.071383893199454 0.6311652447757055 
[5], 1, 5, 10, 0.001, 0.05, 1, False 2.3456912370743574 34.29151448563304 7.274971987512145 0.07956101725542458 1.0569079441123646 0.38257646751534263 
[10], 36, 10, 1, 0.001, 0.05, 1, False 1.7145807007396663 25.664882084450724 4.005142402460973 0.1832903772274432 1.7056501221620424 0.6322969880873935 
[20], 12, 15, 5, 0.001, 0.05, 1, False 1.6240111315140018 26.462537137552996 4.007777349774558 0.18650958964980388 1.9709981154250475 0.640313305120819 
[15], 24, 1, 10, 0.001, 0.05, 1, False 2.1910041184888946 31.351779916961238 6.969265176699502 0.17337717063425082 1.6861229280484775 1.4556698514357842 
[10], 1, 5, 10, 0.001, 0.05, 1, False 2.0529053003147792 30.351815961096523 6.177241848891694 0.11061065753347349 1.3053602783277554 0.4010065047549288 
[15], 12, 10, 1, 0.001, 0.05, 1, False 2.4010482915573648 34.93824678181283 7.699007047988943 0.07616283686052214 0.8205969422589668 0.5429344042915891 
[15], 36, 1, 10, 0.001, 0.05, 1, False 2.21442054361105 29.665294896922916 7.320395997221236 0.0776246299866778 1.2786774258142768 0.691325452778124 
[30], 24, 1, 1, 0.001, 0.05, 1, False 2.3243736239495103 33.342287294156485 8.733891979552553 0.2611421173537404 2.1331461316726266 2.1797282818807755 
[10], 24, 10, 1, 0.001, 0.05, 1, False 1.8373047844955215 29.335298653233068 4.555140108431536 0.12483991170165716 1.0329854629661614 0.3806739570220502 
[20], 36, 15, 5, 0.001, 0.05, 1, False 1.5537974911155528 24.306198364651696 3.0105829531744877 0.04183929835818476 0.07435138209113767 0.06212410410922309 
[5], 1, 10, 1, 0.001, 0.05, 1, False 2.671348001614765 37.065004865237746 9.599212880603192 0.0582129892428078 0.7585291908303601 0.43129406565597805 
[15], 24, 5, 1, 0.001, 0.05, 1, False 1.7697002854060246 27.6024219823464 4.4371400333720485 0.08674373812054055 1.5610692564858357 0.6794406946606124 
[15], 24, 10, 5, 0.001, 0.05, 1, False 1.5095375354643223 24.561122614502015 3.1246310218394417 0.04686793968623273 0.7099019065722832 0.15534678227512053 
[20], 12, 1, 10, 0.001, 0.05, 1, False 2.982966157683619 43.585469387679346 13.052267326094283 0.22992136905976215 3.9898847284124153 2.0200467480049977 
[20], 24, 1, 10, 0.001, 0.05, 1, False 2.025936955820631 29.654603936666096 6.000951979211611 0.13534769245229003 1.2392625935120338 0.8441131103699402 
[15], 36, 15, 10, 0.001, 0.05, 1, False 1.543134410817314 24.294551695259116 3.0934949947250465 0.012962129475875016 0.28011583272053664 0.043394513719175284 
[10], 1, 10, 1, 0.001, 0.05, 1, False 2.713439310424858 37.42032165136035 10.015397786357235 0.027718355194056733 0.35994332098728016 0.2233623440360295 
[20], 1, 1, 10, 0.001, 0.05, 1, False 1.4327370202651728 26.516512116916417 3.9453138561077488 0.12364726853716716 1.3968725265192141 0.38410974028672085 
[30], 1, 5, 10, 0.001, 0.05, 1, False 2.051646626933857 30.31339259402966 6.4110896592330535 0.02532154597000618 0.3735561179675465 0.015184096649584736 
[15], 36, 10, 5, 0.001, 0.05, 1, False 1.4796868636100384 23.11606301457719 2.8030058943161777 0.06797749785417002 0.8885822264156154 0.2192028869103433 
[15], 36, 5, 1, 0.001, 0.05, 1, False 1.7777906006685014 27.528135328742337 4.22730443943337 0.1688175615487223 2.595253763525961 0.8052419831958672 
[30], 12, 5, 10, 0.001, 0.05, 1, False 1.9546245929819566 30.942763971134223 5.631275736113049 0.0794608547978356 1.3174177209311086 0.503394716001442 
[15], 24, 15, 10, 0.001, 0.05, 1, False 1.4662105864120856 23.740156369792818 2.840528624187175 0.06173733023904688 0.7459888699431435 0.13355329905105753 
[5], 24, 5, 10, 0.001, 0.05, 1, False 1.9042041673704428 29.23576445466402 4.61644937242984 0.03627895010384609 0.07969288368876325 0.10571308916654748 
[15], 12, 15, 10, 0.001, 0.05, 1, False 1.666607112409892 26.319894654318336 3.9509530148881886 0.11165512639508234 1.5386936247737055 0.544132514674325 
[5], 36, 5, 10, 0.001, 0.05, 1, False 1.6319594892086808 24.96099401212626 3.4360736839847275 0.07986155776125035 1.0719048558950526 0.3918092857616273 
[30], 1, 10, 1, 0.001, 0.05, 1, False 2.694056995544169 36.00735607154829 10.202211364499894 0.04169335631030619 0.22236715302288054 0.44795749876485363 
[15], 1, 1, 10, 0.001, 0.05, 1, False 2.1455500703167036 34.63999959822899 6.205413163329212 0.11982949636617804 1.7958222154220829 0.5140051312070157 
[5], 12, 5, 10, 0.001, 0.05, 1, False 2.0045010462403297 31.26661857411102 5.731333894446723 0.16257989168586331 2.5565554662920853 0.9218005257830105 
[10], 36, 1, 10, 0.001, 0.05, 1, False 1.8175289167850106 25.840609784071674 4.756828367455228 0.08964674538121256 1.41060126106513 0.6659455275945076 
[15], 36, 20, 1, 0.001, 0.05, 1, False 1.6945651557710437 26.697397143405126 3.824043266601898 0.13494154972211844 2.2718434440488955 0.5959341315249476 
[10], 12, 5, 10, 0.001, 0.05, 1, False 2.00575255299056 31.622059205120863 5.238465249649128 0.09956562079689764 1.4990971908457562 0.5336979494160045 
[15], 12, 1, 10, 0.001, 0.05, 1, False 3.0169308917941873 44.15716935333942 13.573279844602828 0.5028639851656049 6.3890965268255915 4.060113716441968 
[30], 12, 10, 1, 0.001, 0.05, 1, False 2.093711222984173 31.580882547021513 5.921501185230525 0.0928546706338576 0.9784225908886568 0.5118705334458906 
[20], 24, 15, 10, 0.001, 0.05, 1, False 1.4372283323771426 22.758250525518847 2.651481876338991 0.014483967975508659 0.3963109860095483 0.06859741595097017 
[20], 12, 5, 1, 0.001, 0.05, 1, False 2.3125531960968613 33.57507346667487 7.441275930266531 0.11792850888894606 1.1243914061414384 0.6870003466661748 
[20], 1, 5, 1, 0.001, 0.05, 1, False 2.850359216277246 38.34365089384173 11.408167703701096 0.07275360665756878 0.736718396199235 0.6999450874179197 
[20], 1, 10, 5, 0.001, 0.05, 1, False 2.0626817317472574 30.709209738840997 5.621783027839723 0.04799036475591784 0.3730612490599395 0.23834086673034371 
[20], 24, 5, 1, 0.001, 0.05, 1, False 1.828146350356164 28.65285786821629 4.467976732793292 0.12979823547735372 1.8246483701202982 0.4618375424449687 
[20], 24, 10, 5, 0.001, 0.05, 1, False 1.5210060959612883 25.018789809404396 3.1048234248318773 0.07636078253996936 1.0094623786344392 0.25858296404151837 
[15], 24, 20, 1, 0.001, 0.05, 1, False 1.602651190868131 26.050685150044846 3.3881980324966086 0.05767098239042564 0.7397769460888665 0.21548235630830198 
[10], 1, 1, 10, 0.001, 0.05, 1, False 2.712118488660565 38.88505136411391 9.56987704470726 0.03465225775909858 0.5926470695168774 0.3907027579658152 
[30], 36, 1, 1, 0.001, 0.05, 1, False 2.463650413326643 33.25426097755547 8.99790333665743 0.19791783101395247 2.4094479581640327 1.6331708674167622 
[5], 1, 1, 10, 0.001, 0.05, 1, False 2.932365702534163 39.716556406925996 12.136092535408624 0.22344058935548436 1.3579876230910493 2.847796340442481 
[15], 12, 20, 1, 0.001, 0.05, 1, False 2.186601044292803 32.11200498859804 6.386308425395229 0.08726674880878663 0.9250052251540348 0.5001622354592395 
[15], 1, 10, 5, 0.001, 0.05, 1, False 2.1696080521852887 31.79096735917636 6.2058595466197035 0.08518429627902484 0.9697795663525466 0.42965549535952113 
[15], 1, 5, 1, 0.001, 0.05, 1, False 2.8241081140107576 38.4980891815618 11.03500490658085 0.04200202100027838 0.2939246948461255 0.4637074378551699 
[10], 36, 5, 1, 0.001, 0.05, 1, False 1.6974852598927639 25.653568635792183 4.043553609929361 0.10333992844194904 1.7135856541744374 0.519545344046053 
[5], 36, 10, 1, 0.001, 0.05, 1, False 2.0513866690021976 30.7312318823062 5.576245425614114 0.2087915784516794 2.150459757314019 1.1711165418761165 
[5], 24, 10, 1, 0.001, 0.05, 1, False 1.8822207153395372 28.404455754114295 4.732261630745735 0.04897531804262483 1.0326029733724713 0.5623499692017697 
[10], 36, 10, 5, 0.001, 0.05, 1, False 1.6018237211638031 25.627073397594383 3.450921031950496 0.11678504841948244 2.3768772180359434 0.6038655436387738 
[15], 12, 5, 1, 0.001, 0.05, 1, False 2.449954179481223 35.41057421978787 8.261921557093446 0.14700317471606603 1.733334630932065 0.9365472560571279 
[5], 12, 10, 1, 0.001, 0.05, 1, False 2.53530217077997 35.723171749261006 8.528199302187376 0.056513615648504975 0.6103709290543559 0.3982440536952924 
[10], 12, 10, 1, 0.001, 0.05, 1, False 2.3987780491511024 34.20638543644764 7.955856207929479 0.2187708853156938 1.9394541009518533 1.647268259940357 
[20], 24, 20, 1, 0.001, 0.05, 1, False 1.4793336011469365 24.500220445633442 3.1494499558167672 0.03546645076117063 0.7147860933818504 0.18017716791428756 
[15], 12, 10, 5, 0.001, 0.05, 1, False 1.8850014213058683 29.090524587730528 4.858451052383713 0.03707901583620949 0.7817874059169803 0.021153925811909523 
[30], 24, 1, 5, 0.001, 0.05, 1, False 2.0149240730537312 29.608535692604402 6.192945071394867 0.16014580143676033 1.6719133568151787 0.866475229339643 
[5], 1, 5, 1, 0.001, 0.05, 1, False 2.76383067805458 38.104718771284645 10.445168640664543 0.07504093737046545 0.6614384895003401 0.7764759720001305 
[20], 36, 5, 10, 0.001, 0.05, 1, False 1.3855269073060266 22.04784666951628 2.575753518374596 0.19634282630566025 2.3097145167378947 0.5862374912707853 
[15], 24, 5, 5, 0.001, 0.05, 1, False 1.5133536747484297 23.404656242666046 3.0755660057739846 0.09385402006219427 1.9002774278577814 0.339138997092907 
[30], 12, 1, 10, 0.001, 0.05, 1, False 2.5228255821047 37.812676758528795 9.897465530391834 0.3416870884394148 4.232357028067609 2.5547855547927343 
[10], 24, 10, 5, 0.001, 0.05, 1, False 1.6097410723015118 26.50143054709549 3.5124915721684054 0.06994774842988928 0.8257200217898895 0.19475014799300125 
[10], 1, 5, 1, 0.001, 0.05, 1, False 2.7936290781807016 38.451375337759885 10.670672559640856 0.04928603878591607 0.5247904957398808 0.48698183795828337 
[30], 1, 1, 10, 0.001, 0.05, 1, False 1.4060559909100885 25.16970572379977 3.0723107886860603 0.03891050326524679 0.4194088712981851 0.0459114860962533 
[15], 36, 5, 5, 0.001, 0.05, 1, False 1.4502336745736777 22.687838686934843 2.795010113614443 0.09702939971786215 1.4263404212876254 0.3222060718381064 
[30], 36, 1, 5, 0.001, 0.05, 1, False 2.1467817180686524 28.630455779097986 7.612173075085575 0.1597245287806844 1.8504134982436102 1.1649934715731018 
[15], 1, 15, 10, 0.001, 0.05, 1, False 1.8049692819515866 28.491546248815567 4.5547201213400506 0.08528707621588157 1.2561671550992684 0.30145631417702995 
[10], 36, 15, 10, 0.001, 0.05, 1, False 1.463932993180222 23.252907931762024 2.788396290909836 0.0603272410878258 0.8083276362694276 0.20736201495259035 
[20], 36, 10, 1, 0.001, 0.05, 1, False 1.695038338447059 26.123885912058253 3.906999833053378 0.13989132587296813 2.4243881292679466 0.5419950188312862 
[30], 12, 5, 1, 0.001, 0.05, 1, False 2.276675460956715 33.7829484454386 7.3577951891382405 0.07493319504606281 0.8119753159591673 0.444098462554024 
[10], 24, 15, 10, 0.001, 0.05, 1, False 1.4439810565776297 23.393273531430015 2.7976257785700214 0.10878001445350631 1.5268412273311338 0.35735854149234864 
[30], 1, 5, 1, 0.001, 0.05, 1, False 2.7584367741589193 37.3153936943876 10.656044452136458 0.13449524391222212 1.0668123030964407 1.2802629412258206 
[30], 1, 10, 5, 0.001, 0.05, 1, False 2.0637159461776418 30.69381849802512 5.663419027294353 0.08363787114593293 0.899984887292775 0.3098461630891033 
[10], 1, 10, 5, 0.001, 0.05, 1, False 2.2574018404439644 32.89908691330451 6.74386130152839 0.13908325802883803 1.0646314574896745 0.8685461659319584 
[5], 1, 10, 5, 0.001, 0.05, 1, False 2.542122956779268 36.35534293179928 8.490251825180787 0.08332851279051257 0.5702250288820866 0.6764487743132531 
[20], 1, 5, 5, 0.001, 0.05, 1, False 2.247144031579848 32.51714972926533 7.03979839521154 0.18985650626709175 2.1757340246079298 0.9461938359490286 
[30], 24, 15, 5, 0.001, 0.05, 1, False 1.4277398186701318 22.930653694756657 2.764841032938713 0.10447454004353118 1.2216269079644217 0.2986336767757359 
[20], 12, 5, 5, 0.001, 0.05, 1, False 1.926837919266136 30.357610102560546 5.126435742850011 0.11412397295702179 1.4644582461212157 0.7889379573180332 
[5], 36, 1, 10, 0.001, 0.05, 1, False 1.7881928519794235 25.6423733216331 4.654278640368916 0.05075115883291835 0.46165306009068374 0.307150014965654 
[20], 24, 5, 5, 0.001, 0.05, 1, False 1.4567882699546988 23.636215070408383 2.967701834402922 0.12910792399060667 1.3503916327183432 0.46240233533477 
[10], 12, 1, 10, 0.001, 0.05, 1, False 3.128739871967721 44.28348746961527 13.781834345657652 0.2595418211859118 2.631193512328968 2.3171650397382106 
[15], 36, 20, 5, 0.001, 0.05, 1, False 1.553436543544134 24.313796904226447 2.9822394671311403 0.06090864674692753 0.78440188782348 0.21690549521455135 
[5], 24, 1, 10, 0.001, 0.05, 1, False 2.027721447525201 29.175469102677287 5.961300935877958 0.17157113668066673 1.767815195069933 1.3530612501371242 
[20], 36, 1, 10, 0.001, 0.05, 1, False 2.107244716777845 28.296670130145174 6.521612027310186 0.13681761599422723 0.9515507444852431 1.0426683250503972 
[15], 1, 20, 1, 0.001, 0.05, 1, False 2.636335770123534 35.89121739962151 9.546053956721865 0.023872656115789707 0.07705636850059963 0.2594809478341118 
[30], 12, 10, 5, 0.001, 0.05, 1, False 1.7710457581612804 28.83984732724775 4.484469175250894 0.04218732516013371 0.11427406360769937 0.16515756561435554 
[10], 24, 1, 10, 0.001, 0.05, 1, False 2.251270908200078 32.82222926335771 7.089883997781339 0.051717975007932855 0.5278609791069829 0.2629521554121761 
[15], 24, 10, 10, 0.001, 0.05, 1, False 1.4804353550904328 24.276775799836333 2.974810761691313 0.12757264791611922 1.6426896271217397 0.44192318671394154 
[10], 36, 20, 1, 0.001, 0.05, 1, False 2.1277869106442844 30.57307511815695 5.639272181183201 0.2755619716476123 2.621851655488339 1.0986019069068864 
[5], 12, 1, 10, 0.001, 0.05, 1, False 3.3689139660309864 47.394497604681995 15.443001840229414 0.3166291502155568 4.360844494642052 2.7090526068524863 
[30], 12, 15, 10, 0.001, 0.05, 1, False 1.5336748500113133 25.988326747331087 3.6593588179024805 0.09564820097723994 1.465230997541133 0.5167090482305525 
[30], 1, 15, 10, 0.001, 0.05, 1, False 1.8212938488633543 28.424792044474117 4.752456001097375 0.01497780555327289 0.34409571888568236 0.2363357554365662 
[15], 24, 20, 5, 0.001, 0.05, 1, False 1.4814110337308162 24.33822007286423 2.9337592380019775 0.04250561285930957 0.9388559287323792 0.26516980987561206 
[10], 24, 20, 1, 0.001, 0.05, 1, False 1.7040147499629743 27.298576446741873 3.8292470553928415 0.06532599490052965 1.2507915893610917 0.4342161117071113 
[15], 36, 10, 10, 0.001, 0.05, 1, False 1.342513671986483 21.433851098245437 2.3561980168182064 0.11003126644365048 1.3547270777807843 0.2648019727215255 
[30], 24, 5, 10, 0.001, 0.05, 1, False 1.3434854053236818 22.1543529570822 2.544474494029466 0.0210201904557233 0.4952872177846387 0.03075353101708423 
[15], 12, 20, 5, 0.001, 0.05, 1, False 1.7705823396091107 28.654431931133825 4.427540260418421 0.21114872826543787 3.1693787567637517 0.7712915653781125 
[15], 1, 5, 5, 0.001, 0.05, 1, False 2.306612080390807 33.37083989898684 7.392206817792419 0.24012242693453056 2.5264934722949715 1.4161980836080894 
[10], 36, 5, 5, 0.001, 0.05, 1, False 1.6177005431718297 24.722904984571638 3.3787747909785852 0.10145746405719719 1.455255028515967 0.35527906227606953 
[15], 12, 5, 5, 0.001, 0.05, 1, False 1.8996240690350532 29.17137328769627 5.246927389962287 0.3302100370922026 4.925781509046756 1.790841688657438 
[5], 36, 5, 1, 0.001, 0.05, 1, False 1.9284891792469558 28.790481809331965 4.795546223263572 0.10939824458094961 1.2482590792201047 0.21919499482631438 
[20], 36, 5, 1, 0.001, 0.05, 1, False 1.7039872049733449 25.880148066039876 4.032218873899325 0.21678323276390787 3.325328928021674 1.0200498186915836 
[20], 24, 20, 5, 0.001, 0.05, 1, False 1.3830030813261314 22.43014564265695 2.5975128753240884 0.16386952559783635 1.6690747306310278 0.37466442930357147 
[10], 12, 5, 1, 0.001, 0.05, 1, False 2.5914086018447517 36.271875947676286 9.228007370787486 0.13940371260322146 1.344542969488291 1.0896613335972907 
[5], 36, 15, 10, 0.001, 0.05, 1, False 1.4733762349795416 22.95397379881736 2.7761379976480796 0.05463510849888666 0.7060507020180985 0.25895219917762036 
[15], 24, 15, 1, 0.001, 0.05, 1, False 1.722246532086973 27.601767203390548 3.9656982284588023 0.02217914196229566 0.48909417926571386 0.18824016917406278 
[5], 24, 5, 1, 0.001, 0.05, 1, False 2.1463472355847006 31.96955998969562 6.615067278064167 0.01506997186304323 1.0809751608545037 0.6647737665730892 
[30], 12, 20, 1, 0.001, 0.05, 1, False 1.9213076741055206 29.35628204195719 4.75310663594192 0.05862726508425889 0.3989024066078877 0.3286011229339497 
[30], 1, 20, 1, 0.001, 0.05, 1, False 2.605146739604297 35.374562637107054 9.38565357915561 0.02409142780775015 0.114097474421597 0.2738180470007295 
[20], 1, 10, 10, 0.001, 0.05, 1, False 1.9831405093824426 29.927904949362883 5.452203452554645 0.1285985621059807 1.5265414686595784 0.4390637914049823 
[10], 24, 5, 1, 0.001, 0.05, 1, False 1.934374981621901 29.604892634757032 5.328393259178472 0.17359139190252154 3.638141746054114 1.0867189959177286 
[15], 36, 15, 1, 0.001, 0.05, 1, False 1.5624844561296483 24.748743342535892 3.252819550313509 0.1292067367343289 2.1684604368695153 0.4556078469299764 
[30], 24, 10, 1, 0.001, 0.05, 1, False 1.6211622993703243 27.148063095146338 3.963818117571742 0.06053973953093074 0.7079898739086443 0.20061631275189415 
[20], 24, 10, 10, 0.001, 0.05, 1, False 1.3817137191968936 22.527404648648723 2.6142025580154296 0.06490011436852312 0.919890420356164 0.1655177628927047 
[5], 12, 5, 1, 0.001, 0.05, 1, False 2.7228770764337646 36.37082096758915 10.514625308844543 0.09312600622626087 1.513059868002283 1.417041215474287 
[30], 36, 5, 10, 0.001, 0.05, 1, False 1.4932760312325426 22.95647668246389 2.8588483213386198 0.08096923163107494 0.9172692198125069 0.2576761792241213 
[5], 1, 5, 5, 0.001, 0.05, 1, False 2.7691552204666317 38.22636828176942 10.430829468552417 0.06606306272539775 0.8154180978602898 0.5593776221942505 
[10], 1, 5, 5, 0.001, 0.05, 1, False 2.4893360556275757 35.51978152577317 8.249263417746942 0.17575534321484193 2.225793874134118 1.0677850733951082 
[30], 12, 5, 5, 0.001, 0.05, 1, False 2.0166697816716295 32.104836193710305 5.8012606921307 0.012566746246541196 0.2611684800945056 0.2522571349376118 
[5], 36, 10, 5, 0.001, 0.05, 1, False 1.3875378779515077 21.605487069646557 2.449017093247349 0.08241250538933374 0.70371653772013 0.2583204464573384 
[30], 36, 1, 10, 0.001, 0.05, 1, False 2.046690088206971 28.42397046665376 6.320281865256366 0.16578747988788717 1.6884979785553305 1.1787894086052983 
[10], 12, 10, 5, 0.001, 0.05, 1, False 1.866210344047458 28.894323373064324 4.842998400644847 0.028311256153611283 0.33666508967981434 0.33784605727126527 
[5], 24, 10, 5, 0.001, 0.05, 1, False 1.595833605859015 25.89863319963533 3.559770117511228 0.10350495961334964 1.685135793560589 0.43357697006912704 
[30], 36, 10, 1, 0.001, 0.05, 1, False 1.5868646412535952 24.996389577023944 3.5744404160277643 0.09048103758554854 0.970448817109903 0.39763205375537186 
[5], 36, 20, 1, 0.001, 0.05, 1, False 2.0865999193655127 30.596417260356812 5.4257130733429415 0.2677911249246804 2.453091908844564 1.2270973890917667 
[10], 1, 15, 10, 0.001, 0.05, 1, False 1.8469255851374735 28.868244838873164 4.753894886839922 0.021135675901082104 0.33982172303326863 0.2729385480961239 
[30], 1, 5, 5, 0.001, 0.05, 1, False 2.220716073060477 31.980696488823288 6.801014092632641 0.0990665854084144 1.1356696714687033 0.47932624493587367 
[5], 12, 10, 5, 0.001, 0.05, 1, False 2.066018492093793 31.49626876859161 5.83161185995814 0.041165469827453435 0.9591139903693534 0.15818177692118185 
[20], 1, 15, 1, 0.001, 0.05, 1, False 2.7326984882906635 36.027081247253825 10.626470913030383 0.03635024852993941 0.33494009871372465 0.3382322843100721 
[20], 36, 15, 10, 0.001, 0.05, 1, False 1.329804846506428 21.248185957507115 2.4017985464060576 0.014884213654379771 0.6472154066017649 0.05672676228952515 
[20], 24, 15, 1, 0.001, 0.05, 1, False 1.5614895929340964 25.413421869791733 3.344584782449449 0.033706000165238004 0.26263121190679534 0.10679700186079817 
[10], 12, 15, 10, 0.001, 0.05, 1, False 1.7779394102317319 28.050489136501984 4.4822781467321 0.02355366954201443 0.8342881883129004 0.16194485988939958 
[20], 36, 10, 5, 0.001, 0.05, 1, False 1.5037165946154687 23.492799532392826 2.9188958248007624 0.0268757060709847 0.5917970973500751 0.1251949705619533 
[30], 36, 5, 1, 0.001, 0.05, 1, False 1.5993432030357697 24.72461985328469 3.5555076094717055 0.08756568319778599 0.9718483907466369 0.4945246112085287 
[20], 1, 15, 10, 0.001, 0.05, 1, False 1.9084001444004202 29.498770047319343 4.922781289302028 0.1044280808871124 1.3427164469293666 0.39482710787975284 
[5], 24, 15, 10, 0.001, 0.05, 1, False 1.520323227594296 24.739463675470134 3.1063127036099742 0.05311341675304143 0.4678620885699423 0.15168803928233765 
[5], 12, 15, 5, 0.001, 0.05, 1, False 2.135084453942599 32.18474739238339 6.194826029635191 0.1419480845943534 1.8087085583503875 0.7823371235358794 
[5], 1, 15, 10, 0.001, 0.05, 1, False 2.2215224768276567 33.47986290454593 6.4661553543925665 0.09231746128893387 1.5584722497362482 0.43226571378574713 
[30], 36, 15, 5, 0.001, 0.05, 1, False 1.4273454626125321 22.415676703590364 2.542296123339478 0.022607620694403006 0.2600135233673074 0.04558703555791809 
[10], 1, 20, 1, 0.001, 0.05, 1, False 2.621674705600297 36.31466386490103 9.270963615056354 0.05551628680341234 0.122546342488781 0.5546744601684781 
[20], 36, 20, 1, 0.001, 0.05, 1, False 1.6612458346066654 25.38058165802252 3.5428179822703867 0.17432877251902298 2.3094112597561 0.6751747543472765 
[15], 1, 10, 10, 0.001, 0.05, 1, False 2.045486496830428 30.423135644628733 5.482119056247502 0.03019884978780351 0.3420721416566581 0.18798748172908308 
[30], 24, 1, 10, 0.001, 0.05, 1, False 2.0766651518918846 30.199711196767907 6.24915504510831 0.12481150844772947 0.9698073406496021 0.951034101643778 
[10], 36, 10, 10, 0.001, 0.05, 1, False 1.4140019693860306 21.942148192837738 2.569109577259329 0.07017778789491444 0.7011319648579996 0.2695632631223771 
[10], 12, 20, 1, 0.001, 0.05, 1, False 2.404165160048891 34.29534717052434 7.7467198706180085 0.12465103971969055 1.4798753150022579 0.824438384682523 
[15], 1, 20, 5, 0.001, 0.05, 1, False 1.8951786186960007 29.229126017048547 4.9111476115979125 0.045498294029722386 0.4657303298087165 0.23589770776282304 
[10], 36, 20, 5, 0.001, 0.05, 1, False 1.4659726229806747 22.918659170567267 2.796717731284332 0.11197780731941012 2.134306457517281 0.4447825855967408 
[10], 24, 20, 5, 0.001, 0.05, 1, False 1.5379975033303104 25.30180243221641 3.125315039756971 0.047282051399445815 0.8551743424787819 0.16203415046445802 
[20], 12, 15, 10, 0.001, 0.05, 1, False 1.7142513287288168 27.914845584405054 4.440340188355343 0.029197256319886195 0.26280697547313747 0.3131254784745747 
[15], 12, 10, 10, 0.001, 0.05, 1, False 1.9335589626321086 30.501422109022727 5.132085947278928 0.023369989090674212 0.8368271597653935 0.16325507327339708 
[10], 24, 10, 10, 0.001, 0.05, 1, False 1.482557824778336 23.55312024331108 2.924795889949428 0.051240764794490856 0.9003307356349821 0.2196285477845591 
[20], 36, 5, 5, 0.001, 0.05, 1, False 1.488618361066889 23.080747765784295 2.914324297235425 0.1620254043056036 1.970230798665048 0.6086981228351548 
[30], 36, 10, 5, 0.001, 0.05, 1, False 1.396629043447751 22.231862832076615 2.5467135018364626 0.046580700353753945 0.5844639423690593 0.0800624062398406 
[20], 1, 20, 1, 0.001, 0.05, 1, False 2.666081955532233 35.54190129775791 9.977691520264804 0.009728870601179627 0.08924633669076946 0.10899639561704316 
[15], 1, 15, 1, 0.001, 0.05, 1, False 2.691909029307189 36.038207974112595 10.130249097827651 0.045538967068263915 0.16961973371067882 0.48128739527758974 
[30], 24, 5, 1, 0.001, 0.05, 1, False 1.8472651367110233 29.03845771393959 5.11373265355314 0.061087769256169135 0.7915230780445072 0.3157145716435092 
[5], 24, 20, 1, 0.001, 0.05, 1, False 2.0738412346552924 32.84588836216342 6.105928000672108 0.3189274161328476 4.825562773991366 1.8632580340705265 
[5], 1, 20, 1, 0.001, 0.05, 1, False 2.596404712950742 36.01393284129488 9.081273057365271 0.004941067355901916 0.2237942770690739 0.10336675276703325 
[10], 36, 15, 1, 0.001, 0.05, 1, False 1.6762695688340399 24.872997060974797 3.5673053309764917 0.21188166030185343 3.008726023244089 0.7865998484841082 
[30], 12, 20, 5, 0.001, 0.05, 1, False 1.7128492074984096 27.93773940421222 4.360832065248754 0.11447555770757901 1.6929705452657995 0.3711460062277148 
[30], 1, 20, 5, 0.001, 0.05, 1, False 1.7196025816378773 27.929007125282535 4.265102759068128 0.019181285251376183 0.3747789611981129 0.1961943393278532 
[30], 1, 10, 10, 0.001, 0.05, 1, False 1.9663136413803806 29.60833959004829 5.370864732065101 0.02510531341264545 0.2638177929033491 0.12176476537046209 
[5], 36, 5, 5, 0.001, 0.05, 1, False 1.4566738452072496 22.46709032765341 2.72290652146981 0.09136879067819983 0.6183271008779989 0.1979484262718598 
[10], 12, 5, 5, 0.001, 0.05, 1, False 1.9785116830357803 30.573122459984187 5.395851035040489 0.05411012693986105 0.6669453953388738 0.27083992279017155 
[30], 24, 10, 5, 0.001, 0.05, 1, False 1.3901664441106496 23.346784871257935 2.6697780462134255 0.009995917988560676 0.23474906026644318 0.05366456528970233 
[15], 12, 15, 1, 0.001, 0.05, 1, False 1.9189969553991604 28.86646090158442 4.830498738087646 0.22301231444599168 2.580739541873501 1.1502089653463523 
[5], 24, 5, 5, 0.001, 0.05, 1, False 1.7734325636040282 27.220671316366623 4.393027485412393 0.16185923690646203 1.5369308419163725 0.6181639090563608 
[10], 24, 15, 1, 0.001, 0.05, 1, False 1.670671683881018 26.708161761339444 3.7061344355577375 0.06513953976345283 0.6896099505041233 0.3065323631144231 
[20], 24, 20, 10, 0.001, 0.05, 1, False 1.4633746101900382 23.60335754442427 2.9007083444873096 0.07799996862493813 1.6484116224506395 0.3132601240940733 
[10], 24, 5, 5, 0.001, 0.05, 1, False 1.7732767731503205 27.35240144301817 4.348552570268112 0.1043356044238738 1.6472757535628233 0.3847612358178874 
[30], 36, 5, 5, 0.001, 0.05, 1, False 1.4889344760941137 23.410414701794327 2.982871089169255 0.06041921473671625 1.3019917663279752 0.21511667936417023 
[20], 12, 20, 1, 0.001, 0.05, 1, False 1.883793416508922 28.987676545855052 4.777058204720578 0.07558092785827591 0.9683054472873179 0.38645220759720383 
[5], 12, 5, 5, 0.001, 0.05, 1, False 2.1844242653361072 32.23518522736281 6.510697506433611 0.050825140378799975 0.6194023357520506 0.3049050925887425 
[30], 12, 10, 10, 0.001, 0.05, 1, False 1.8420940089005011 30.07928103594855 4.777239786418362 0.06557835464527194 0.8801209818969541 0.35537943062103 
[30], 1, 15, 1, 0.001, 0.05, 1, False 2.7026694897148342 35.613374182580465 10.385539482415911 0.027724748472403735 0.12514834033028496 0.3236163210438539 
[20], 12, 5, 10, 0.001, 0.05, 1, False 1.8746102382187493 29.62671586169778 5.216307916402745 0.041355703597793156 0.47535817407369274 0.5468821526974204 
[15], 36, 20, 10, 0.001, 0.05, 1, False 1.4917307858389837 23.307525390701667 2.8178973393869615 0.025105770930338823 0.27252162668259244 0.07973681760986043 
[30], 12, 15, 1, 0.001, 0.05, 1, False 1.859080754937949 28.67523026935325 4.452680942592088 0.09195005599655291 0.7845783939677722 0.4589674735644529 
[15], 12, 20, 10, 0.001, 0.05, 1, False 1.760060503913297 27.85198543935751 4.524136913481404 0.027030193924556384 0.1295230417039244 0.4177694897922943 
[10], 1, 10, 10, 0.001, 0.05, 1, False 2.0055936113551813 30.371449676960168 5.504583908554348 0.07647172367272592 0.9202114512143326 0.17158780438775892 
[15], 24, 20, 10, 0.001, 0.05, 1, False 1.4251738295786909 23.139894626658194 2.745821956319899 0.05287527860217722 0.5311612283176995 0.1490151820519219 
[5], 36, 20, 5, 0.001, 0.05, 1, False 1.6657322117299946 25.96095919025198 3.49179192648905 0.06279024871549906 1.919748127353751 0.247006265129743 
[20], 12, 10, 1, 0.001, 0.05, 1, False 2.2148811141649887 32.43012346561993 6.507889797558666 0.1303501503895255 1.4734009215515165 0.8001771697562337 
[5], 1, 10, 10, 0.001, 0.05, 1, False 2.1662415749496886 32.56696160673223 6.330569363026092 0.2835952460574622 3.0018326175967776 1.5036931650160008 
[30], 24, 15, 10, 0.001, 0.05, 1, False 1.475862605842175 23.7479074729754 2.895480694366752 0.038235688199535045 0.3536554379508657 0.11162263473319356 
[10], 1, 20, 5, 0.001, 0.05, 1, False 2.123139468608079 31.951093298431164 6.072514370404071 0.18284342432310827 2.141613962252471 0.931031144925391 
[10], 1, 15, 1, 0.001, 0.05, 1, False 2.7042949883474243 36.436023911437196 10.125033468006473 0.022350293432473287 0.641786831651463 0.27815131636774704 
[20], 36, 20, 5, 0.001, 0.05, 1, False 1.460060298525625 22.96528587907072 2.720648452269956 0.12746053477966526 1.965798425495877 0.5225392255087745 
[5], 1, 15, 1, 0.001, 0.05, 1, False 2.7419736136992774 37.8178033717672 10.12387890565985 0.007039199125100882 0.6809012202692165 0.21703698585688702 
[10], 12, 20, 5, 0.001, 0.05, 1, False 1.9152596483627955 29.385215454648478 5.0324596838082964 0.08332180154966527 0.5913891537640122 0.4245497808387548 
[30], 24, 20, 1, 0.001, 0.05, 1, False 1.4687877671310197 24.499421419790277 3.0269555981535383 0.04760531949420644 0.942703964211713 0.2419879549262427 
[30], 24, 5, 5, 0.001, 0.05, 1, False 1.4424319876564873 23.228116671217677 2.9357694752083354 0.11677278724949831 1.0227513640686545 0.34590146889026535 
[30], 36, 10, 10, 0.001, 0.05, 1, False 1.5021536464492484 23.080301285905012 2.7748057740690792 0.0494145007377738 0.9234756091016012 0.24052591085320357 
[5], 24, 20, 5, 0.001, 0.05, 1, False 1.6306207638371877 26.075684474011112 3.5713367554987006 0.12338815920895642 2.4803997595128284 0.5476791753044321 
[20], 36, 10, 10, 0.001, 0.05, 1, False 1.4720139416279618 22.734377709628617 2.785223058521772 0.03799004928526458 0.533777856751658 0.1097972172559915 
[5], 36, 10, 10, 0.001, 0.05, 1, False 1.6928597677361088 26.331460994953858 3.50113220557958 0.17513856500238653 2.03340539044552 0.6794998414425332 
[10], 12, 10, 10, 0.001, 0.05, 1, False 1.9028802225987118 29.874006549167742 5.109390455537132 0.0517565340878122 0.9485329169535588 0.357416711148591 
[30], 1, 20, 10, 0.001, 0.05, 1, False 1.7308291739887662 27.80792790257344 4.172126760656057 0.019178530935619078 0.46635005936227936 0.24559775264923991 
[15], 1, 20, 10, 0.001, 0.05, 1, False 1.7674328427623822 27.680950811625525 4.170094807961753 0.06386929593753755 0.8288946859427769 0.4343573294019301 
[5], 1, 20, 5, 0.001, 0.05, 1, False 2.5142721239615367 35.90855173299906 8.374452082279674 0.08264445593044034 0.5610708325077166 0.5727729103185242 
[5], 24, 10, 10, 0.001, 0.05, 1, False 1.6454531915209916 26.848607389183297 3.654293078988092 0.03436558156806607 0.789996449909925 0.2538774025628237 
[30], 36, 15, 1, 0.001, 0.05, 1, False 1.6072829255351315 26.488203709791303 3.620049740320834 0.10090340208127908 1.7766400816536747 0.4055444365112908 
[20], 1, 20, 5, 0.001, 0.05, 1, False 1.9434261607903023 29.86916135460439 5.245961265679605 0.06948496521729064 0.6680680120656259 0.3310194494907503 
[10], 36, 20, 10, 0.001, 0.05, 1, False 1.52035934963712 23.776538425390914 3.127793847235122 0.1950743477338039 1.8602317483248707 0.5297588902127078 
[10], 24, 20, 10, 0.001, 0.05, 1, False 1.4469185202761932 23.90396816001679 2.885317397583988 0.10433530482342543 1.5337687090575947 0.2244392360878128 
[20], 36, 15, 1, 0.001, 0.05, 1, False 1.5190067935597018 24.932000302747994 3.3377286878327843 0.14879374565409048 2.286558850246318 0.6013503653471736 
[30], 12, 20, 10, 0.001, 0.05, 1, False 1.7472435800013717 28.023682657908395 5.502375264342983 0.1721084566303754 2.6367442926131255 1.27529711768421 
[5], 12, 10, 10, 0.001, 0.05, 1, False 1.8523869829045403 28.397777483897524 4.812639187334704 0.009267742293940704 0.1781448874089239 0.24438904417220603 
[5], 36, 15, 1, 0.001, 0.05, 1, False 1.975180005806464 29.478086314033288 5.2291876218862585 0.27235471145653634 3.4419123502058193 1.5966105542650282 
[10], 12, 15, 1, 0.001, 0.05, 1, False 2.2227817960911325 32.07200999447661 6.82052099381752 0.12137791647991555 0.4278163574964887 0.7651166549406869 
[20], 12, 20, 5, 0.001, 0.05, 1, False 1.7471654342004548 28.270433471034043 4.349012850472655 0.12631008459314577 1.6088903852862828 0.5010841102604487 
[5], 24, 15, 1, 0.001, 0.05, 1, False 2.045331487942625 31.23432606015335 5.5718966141195905 0.3033932032741065 3.419358041863024 1.4492640538225114 
[20], 12, 10, 5, 0.001, 0.05, 1, False 1.871851014594237 29.736113244948143 4.81070259479533 0.07290056189396003 1.0535290569689268 0.3857080551047352 
[5], 12, 15, 10, 0.001, 0.05, 1, False 1.783860033033071 27.904889026111217 4.517224557819625 0.20042891985193878 3.0342318718816594 1.1823581400456127 
[30], 36, 15, 10, 0.001, 0.05, 1, False 1.4395905012057888 22.1530042870636 2.613691868744303 0.07205067334181266 1.297335668418005 0.30252338171458715 
[5], 12, 15, 1, 0.001, 0.05, 1, False 2.381404851211442 34.83683701068359 7.614681000523262 0.09872822755188189 0.9535011068989613 0.813532824720219 
[5], 12, 20, 1, 0.001, 0.05, 1, False 2.4631086019454185 34.45869749943251 8.448548457898726 0.06236480558738739 1.030325327985836 0.3049216536687213 
[30], 24, 10, 10, 0.001, 0.05, 1, False 1.4358291205984577 23.40015074653282 2.795647200087666 0.009079127174762466 0.18697367769130657 0.0546546968731911 
[30], 24, 20, 5, 0.001, 0.05, 1, False 1.464812720622178 23.84604500484024 2.8439678612781627 0.021320526379856236 0.5421414146213513 0.09649261902952563 
[30], 36, 20, 1, 0.001, 0.05, 1, False 1.6259799129985 26.434542714433945 3.58688792115847 0.0956881054836721 1.402711766526244 0.34359547717154937 
[30], 24, 15, 1, 0.001, 0.05, 1, False 1.4781196533529848 24.694116243709313 3.1355163005838036 0.030390955265936978 0.7084766364573526 0.05734744326138077 
[5], 24, 20, 10, 0.001, 0.05, 1, False 1.5532774374440865 24.940998214671293 3.2906312854330757 0.14603752903189127 2.4696764010642513 0.7537356620962082 
[5], 36, 20, 10, 0.001, 0.05, 1, False 1.449601338996932 22.373493981807503 2.767858230540067 0.04546484927273638 0.6384204802688782 0.234162893329252 
[10], 1, 20, 10, 0.001, 0.05, 1, False 1.9701699806032364 30.352308254771646 5.826521032932566 0.27373591920919677 3.5751143770522162 1.815090627560665 
[10], 12, 20, 10, 0.001, 0.05, 1, False 1.8414234920784278 29.07099267503 4.913446045254685 0.13394467444030148 1.626093457349688 0.9954013244078992 
[20], 36, 20, 10, 0.001, 0.05, 1, False 1.4780129827558997 23.070270673702712 2.8336422782777735 0.0775846350711836 0.9189145148555962 0.27313915288763074 
[5], 12, 20, 5, 0.001, 0.05, 1, False 2.104651865694258 32.194150054867286 6.1823265016853135 0.11459324797093756 0.895085193882379 0.3539940160376925 
[30], 36, 20, 5, 0.001, 0.05, 1, False 1.4330049387558745 23.137732705445046 2.7134510181671447 0.013812912175418472 0.19037955869869494 0.030625162243153654 
[20], 12, 10, 10, 0.001, 0.05, 1, False 1.8799688360205404 29.709204223920736 4.851128053718686 0.03881902647337831 0.7907402698760903 0.18396903195358544 
[5], 1, 20, 10, 0.001, 0.05, 1, False 2.226063877785647 33.30610762530893 7.196755031146324 0.11703416954760659 1.6436339649930085 1.0965525024121818 
[20], 1, 20, 10, 0.001, 0.05, 1, False 1.8526001155928329 29.12098924432117 4.8562934292629505 0.16672422836087164 2.2613634111825673 1.1196077537863283 
[20], 12, 15, 1, 0.001, 0.05, 1, False 1.8997859880880072 29.37788050850966 4.960124054129763 0.22276326207536637 2.085353438606928 1.0022966428070572 
[30], 24, 20, 10, 0.001, 0.05, 1, False 1.433633737873148 23.047537642400886 2.7457556449991407 0.052856671962447824 0.8024659150390722 0.1456793903631798 
[20], 12, 20, 10, 0.001, 0.05, 1, False 1.7802787339245831 28.262005668764242 4.519390798499312 0.05683171705602282 1.950927891079154 0.17794311938283114 
[5], 12, 20, 10, 0.001, 0.05, 1, False 2.008025348738388 31.455192655497058 5.738026488515544 0.114840388232149 1.2015181635330274 0.3615963731883974 
[30], 36, 20, 10, 0.001, 0.05, 1, False 1.4502488406719989 22.597908753948587 2.7953177344928464 0.09010957766469829 1.2642403920429783 0.19550857400458196 
