layers lag time_steps epochs l2 learning_rate mean_mae                         mean_mape mean_mse std mae std_mape std_mse 
[5], 24, 1, 1, 0.001, 0.05, 1, False 2.965783075603691 34.134801126727865 12.403730494394585 0.6559010833004982 8.333452997928239 4.9453903922338505 
[10], 12, 1, 1, 0.001, 0.05, 1, False 3.8136448595414145 44.49855253176657 18.510552772424955 0.8214847330271767 9.27078167240756 6.991121175476331 
[15], 24, 1, 1, 0.001, 0.05, 1, False 3.486537383864117 40.323392828489816 16.17418174520245 0.5129154308911932 5.670628277462107 5.278627063033723 
[15], 36, 1, 1, 0.001, 0.05, 1, False 2.6597624458424334 33.10217263234479 9.102735875995242 0.2340705211710673 2.605217851189136 1.2465224355039801 
[15], 1, 1, 1, 0.001, 0.05, 1, False 3.9882098550511587 41.83436819361756 21.88393718597274 0.266702759198689 2.709703958808682 2.6654630930882366 
[20], 1, 1, 1, 0.001, 0.05, 1, False 4.394853540302979 46.32439518561544 25.75348616874086 0.38669748742350557 4.29932570818499 3.6824464496120757 
[15], 12, 1, 1, 0.001, 0.05, 1, False 3.610656848761977 42.4438797249627 15.816186110241132 0.45007080922280723 5.635109689613568 3.706039301093991 
[10], 36, 1, 1, 0.001, 0.05, 1, False 3.1378576127941606 37.82728878074906 13.164213566048076 0.2860843464826511 3.599400032942099 2.5560644739969236 
[10], 1, 1, 1, 0.001, 0.05, 1, False 4.965078710176534 52.8767648880095 31.521087907286528 0.5809901758061178 6.98997488477257 5.664236357295512 
[10], 24, 1, 1, 0.001, 0.05, 1, False 3.329799663957157 38.91808589189524 16.439035165494047 1.116060488311585 11.708772442200553 10.777892732883787 
[5], 36, 1, 1, 0.001, 0.05, 1, False 2.6232637029710326 29.644350112635337 9.476818410592506 0.05415431825729561 1.2090716911455541 0.27512563199092044 
[30], 24, 1, 1, 0.001, 0.05, 1, False 3.221883938064005 38.46230677657625 13.229374429655104 0.40468338590539105 4.902443272420561 3.081519399025876 
[30], 36, 1, 1, 0.001, 0.05, 1, False 2.929363447239329 36.23615934750213 11.864599737684776 0.6754279010147671 8.6325336428225 5.895551757449296 
[20], 24, 1, 1, 0.001, 0.05, 1, False 2.9949776362481146 35.43973134501787 12.00384576643242 0.393462580131124 4.759978095249424 3.4510482210502706 
[30], 1, 1, 1, 0.001, 0.05, 1, False 4.236834175008592 44.523580818507064 24.275776693269663 0.36031503949278626 3.9005740888065867 3.5040252461624286 
[30], 12, 1, 1, 0.001, 0.05, 1, False 4.144051256411951 47.22448165166883 22.629631244137972 0.2797250670999744 2.5901805504207775 3.4630394193994034 
[20], 12, 1, 1, 0.001, 0.05, 1, False 3.7603837829561795 44.22951084094719 18.59213799922231 0.8541083021303006 9.982330641685829 8.584201897694403 
[20], 36, 1, 1, 0.001, 0.05, 1, False 3.172882986121112 38.799852193577074 13.906306161274665 0.5319517374448852 6.226889711632051 4.855114200057864 
[5], 12, 1, 1, 0.001, 0.05, 1, False 4.657512523563734 53.30417627715926 28.000662048370724 1.9425671944503151 22.69549667114718 20.455616431722806 
[5], 1, 1, 1, 0.001, 0.05, 1, False 5.26579146116834 56.579744982817374 34.57554752490047 0.7059199820624275 8.461103569798038 7.240483970752997 
[10], 24, 1, 5, 0.001, 0.05, 1, False 3.502562893770152 40.944965202826104 17.928400014388163 0.6345863210935155 6.589555923075359 7.054152702518346 
[5], 24, 1, 5, 0.001, 0.05, 1, False 3.4286200857540177 39.108316030120115 17.022837129715757 0.9296700456307003 10.551558804107172 7.980438154010223 
[10], 24, 15, 5, 0.001, 0.05, 1, False 1.632757259298254 19.570281891719464 3.8193616227541125 0.057588704615640536 0.4914457698266147 0.060372936808823253 
[10], 12, 1, 5, 0.001, 0.05, 1, False 3.903623371479895 44.85131127711605 22.347898790109046 0.6989071107737156 8.420744682372755 7.9830363454235265 
[30], 12, 15, 5, 0.001, 0.05, 1, False 1.9896850366524799 20.46511278851457 6.126612803915365 0.13042060012629866 1.536775696860371 0.5485253318117032 
[30], 24, 1, 5, 0.001, 0.05, 1, False 2.8205475673269205 35.01472173615735 10.584712507358907 0.4096068844301952 4.9162777603608125 2.7508194654060594 
[30], 36, 15, 5, 0.001, 0.05, 1, False 1.723661229197212 21.940662629748932 4.556974055182226 0.02525797798609909 0.3257631008558268 0.2592417522721293 
[5], 12, 15, 5, 0.001, 0.05, 1, False 1.8232967170817709 21.07272873600801 4.666435614206855 0.05752954856659696 1.4734946583218616 0.5756099672967024 
[30], 36, 1, 5, 0.001, 0.05, 1, False 3.22276622582296 41.063132524866774 13.785998309176756 0.39898791440871983 4.725058370085217 3.8838424314245072 
[30], 24, 15, 5, 0.001, 0.05, 1, False 1.5791545736741412 19.41281566338115 3.6468265140115737 0.0621093069837254 1.0256727432737285 0.24193749757270522 
[5], 24, 15, 5, 0.001, 0.05, 1, False 2.0849388938845586 23.669370558728186 5.905230846074224 0.2114059726972135 2.4535346623266157 1.3302145566113235 
[10], 1, 15, 5, 0.001, 0.05, 1, False 1.9227786990227524 21.71309851706395 5.120114256882466 0.028130225575385866 0.24624300101391902 0.20862127731130123 
[10], 12, 15, 5, 0.001, 0.05, 1, False 1.8112721720227487 18.878315676820822 5.119589388792945 0.059406528261978175 0.30886813637007154 0.7155480160208506 
[15], 36, 1, 5, 0.001, 0.05, 1, False 3.1250727495719697 39.801314421742994 12.78493203498086 0.22607589080874693 2.138533668013298 3.2169363060677263 
[15], 24, 1, 5, 0.001, 0.05, 1, False 3.0416041660018007 37.43628423077825 12.90866249866889 0.5381120117882915 7.017228571766099 4.372334924984261 
[15], 1, 1, 5, 0.001, 0.05, 1, False 2.547245481420584 28.137871958056763 9.562053981833373 0.5380780984516216 4.11172942184206 4.410605201857606 
[15], 24, 15, 5, 0.001, 0.05, 1, False 1.5968253769118477 19.986649757173023 3.7110613676110096 0.03802618263578437 0.34708446697259177 0.11302119190266313 
[20], 1, 1, 5, 0.001, 0.05, 1, False 2.691418774626045 29.374700389968428 10.293916662967726 0.39041454035645295 3.041875331330958 3.321986303419891 
[10], 36, 1, 5, 0.001, 0.05, 1, False 4.187792203525789 50.49849841707519 27.14067669491303 1.0820109235271964 11.788393553191575 13.879554286397328 
[15], 1, 15, 5, 0.001, 0.05, 1, False 1.9324956455716382 22.06472403710286 5.134256359648891 0.017302269029332726 0.35543586812250405 0.10192513941470265 
[15], 12, 1, 5, 0.001, 0.05, 1, False 3.0070087980410016 34.26593751781314 12.459236700355321 0.6941534417412265 7.878311455519827 4.831879552903349 
[15], 36, 15, 5, 0.001, 0.05, 1, False 1.718271543947911 21.32909801387917 3.99645712089085 0.16595371621530539 2.090408321491109 0.5179278730588471 
[10], 24, 5, 10, 0.001, 0.05, 1, False 1.999654525808162 23.385807357893043 5.02686324703451 0.20380459340465595 2.4085978317344527 1.1251562708484764 
[10], 1, 1, 5, 0.001, 0.05, 1, False 3.240072005035149 35.487926703538136 15.865500136255113 0.9032543441171523 6.551014346180424 7.277312914831133 
[20], 1, 15, 5, 0.001, 0.05, 1, False 1.934105205956709 21.975229105166893 5.128312006093485 0.01617032409048294 0.28863003861113024 0.042071303996019944 
[30], 1, 1, 5, 0.001, 0.05, 1, False 2.0514862545696952 25.774811549607914 5.582760518516643 0.12844048511102044 0.46206788658792886 0.5832261911051634 
[20], 24, 1, 5, 0.001, 0.05, 1, False 3.2231738806094246 40.3993601769046 13.95714265381221 0.16110630347049926 1.9877552038932562 1.4056045853902273 
[30], 12, 1, 5, 0.001, 0.05, 1, False 3.518282686927597 41.07465104719827 15.6003872389731 0.4106068557279407 4.7110998288409345 3.799117714205973 
[5], 36, 1, 5, 0.001, 0.05, 1, False 2.6703841133698543 32.063684391367794 10.954388538148521 0.40403477012053807 4.502362179364239 4.201230556807692 
[15], 12, 15, 5, 0.001, 0.05, 1, False 1.7338457790375859 18.95503056090593 4.362476317170827 0.07457573731260728 1.0636925307290994 0.2561677769827616 
[20], 12, 1, 5, 0.001, 0.05, 1, False 3.761049391402587 43.64794694048328 18.97607548666267 0.7038514859228766 8.114692062948249 7.3493634675711785 
[10], 36, 15, 5, 0.001, 0.05, 1, False 1.5683329593666178 19.27534549611599 3.6488349778300506 0.09411658090029727 1.1571252071797238 0.11645070944407923 
[20], 36, 1, 5, 0.001, 0.05, 1, False 4.021992714920391 50.185101999886825 22.754076978638512 0.4308827029657006 4.36619198542847 5.5525181576461895 
[5], 1, 1, 5, 0.001, 0.05, 1, False 4.677741612857898 50.02910618978607 28.49528964484217 1.1083132315819402 12.400268743896893 10.938685980162555 
[5], 12, 1, 5, 0.001, 0.05, 1, False 3.228958070464001 37.57015295040279 16.763516808980764 1.5132635310650195 16.076348444689028 13.547316523793983 
[20], 24, 15, 5, 0.001, 0.05, 1, False 1.6668907039005447 20.790007832049422 3.974834927451456 0.11300138846528002 1.9984467871293814 0.38807680466707156 
[20], 12, 15, 5, 0.001, 0.05, 1, False 1.8713235078862411 19.40757436308075 5.452360927483778 0.057952218190425446 0.5015615223876638 0.3369483019309825 
[30], 1, 15, 5, 0.001, 0.05, 1, False 1.9120554290159981 21.88736875952136 4.953516690005471 0.012494424176554737 0.08285920176609411 0.12316689231373336 
[20], 36, 15, 5, 0.001, 0.05, 1, False 1.8181659853672267 22.99130608817627 4.861635648985466 0.1501222927924773 2.2867711563860333 0.9874114292189841 
[10], 24, 10, 1, 0.001, 0.05, 1, False 1.9171142262337664 21.64450293672361 4.979601656256577 0.211827522871338 2.0931116042299127 1.0550862812171187 
[5], 36, 15, 5, 0.001, 0.05, 1, False 1.7581314936556198 21.19958565297569 4.131655629497351 0.09016930063643297 1.6219119072237325 0.32715849410952 
[30], 36, 5, 10, 0.001, 0.05, 1, False 1.775303255804573 22.788103824440327 4.293093035806273 0.16279935965223405 2.158521679630044 0.6136598417073902 
[30], 24, 5, 10, 0.001, 0.05, 1, False 1.6643224706976782 19.44615628932132 3.498478895163812 0.17492737845427295 2.1876694608749925 0.6559423241914772 
[5], 12, 5, 10, 0.001, 0.05, 1, False 1.9477934051753472 23.445573059358463 5.025051164050621 0.04247411164830799 1.2175498325123149 0.42667521859343704 
[5], 1, 15, 5, 0.001, 0.05, 1, False 2.012664454147495 21.020183238207895 6.562065227967339 0.048576691413988134 0.062173110023408674 0.5001868406007548 
[5], 24, 5, 10, 0.001, 0.05, 1, False 1.982827686846118 22.528335941509074 5.053424718186349 0.15971274751823714 1.5537383445507538 0.9205010855205703 
[10], 12, 5, 10, 0.001, 0.05, 1, False 1.9568578521583089 22.738037130298267 5.066368657415456 0.0041037957205746255 0.41177558953962956 0.09399445506889216 
[10], 1, 5, 10, 0.001, 0.05, 1, False 1.9878263246130061 21.58076808249007 5.964159809369936 0.027531744861911605 0.6255488819663729 0.651128423555699 
[15], 12, 5, 10, 0.001, 0.05, 1, False 1.9300405206814133 22.29895224302176 4.845955134610036 0.022262656137915553 0.3298946607836174 0.09629325557483621 
[10], 36, 5, 10, 0.001, 0.05, 1, False 1.8490450372333047 23.63100997425613 4.68997380158386 0.1969311886766219 2.294492243582514 0.6970915129728156 
[20], 1, 5, 10, 0.001, 0.05, 1, False 2.168159861979937 26.114565851989564 6.071022189879432 0.13553845053322972 2.214078459676551 0.6162624801502875 
[15], 24, 5, 10, 0.001, 0.05, 1, False 1.79592165823129 20.42717574245968 4.130266593371254 0.1723007823031712 2.1000393780418345 0.744150377263607 
[30], 36, 10, 1, 0.001, 0.05, 1, False 1.4874818591987369 18.218879560511215 3.335386661738647 0.045615316282740764 0.553099762203061 0.28636686610226336 
[5], 12, 10, 1, 0.001, 0.05, 1, False 1.8925152017079572 22.015991998814865 4.829629956205982 0.12441746412784904 0.783653994108222 0.752582386923995 
[30], 24, 10, 1, 0.001, 0.05, 1, False 1.5501096940737356 17.682193280050782 3.391543549441851 0.1391075976571677 1.3496000543020263 0.6271592976064341 
[5], 24, 10, 1, 0.001, 0.05, 1, False 1.9038217499507244 22.113167971347405 4.716573493371006 0.1543817243822371 1.9309619572158891 0.7863403903095336 
[15], 36, 5, 10, 0.001, 0.05, 1, False 1.6541861367825834 20.951659061678015 3.845515263203478 0.061564510115013286 0.9191862630691481 0.271390860893294 
[15], 1, 5, 10, 0.001, 0.05, 1, False 2.128055008266259 24.41340492236095 6.018271301308254 0.16108966012204934 2.4938580249441853 0.6218277953508339 
[10], 12, 10, 1, 0.001, 0.05, 1, False 1.8453701208345592 21.655914792813277 4.373937931532392 0.030549473205499212 0.8108812131759647 0.1482948690899477 
[10], 1, 10, 1, 0.001, 0.05, 1, False 2.00530635168155 21.487306784128602 6.244177685726092 0.030244621286130185 0.2001048940865962 0.19984035069529923 
[10], 36, 10, 1, 0.001, 0.05, 1, False 1.6276648172384336 19.22147054467153 4.125378123899387 0.22939598884484416 2.211545516509503 1.2488384856574128 
[15], 12, 10, 1, 0.001, 0.05, 1, False 1.771993911321516 21.21843075908691 3.9235277417262213 0.024116783551743372 0.6386051153221664 0.03843808082048683 
[20], 1, 10, 1, 0.001, 0.05, 1, False 1.9964855559239227 21.586723947161843 6.132193118932329 0.024087347765433576 0.4660852042563672 0.06711632165355984 
[20], 12, 5, 10, 0.001, 0.05, 1, False 2.0022897978278773 22.16210982133188 5.525950793720252 0.02944766404990062 0.7994862322669215 0.17843178945929672 
[10], 24, 1, 10, 0.001, 0.05, 1, False 3.4431152948502803 41.770229549940844 16.258566632442026 0.3534406091394862 4.737120523375646 2.462752207721999 
[20], 36, 5, 10, 0.001, 0.05, 1, False 1.7336954403703138 21.802238001287336 4.124846165551259 0.18411382550391345 2.5092261800386373 0.7268126232684625 
[15], 24, 10, 1, 0.001, 0.05, 1, False 1.7091456522854667 19.03604781813528 4.216185199919191 0.333763894004731 3.378262237145028 1.5162787031846818 
[30], 1, 5, 10, 0.001, 0.05, 1, False 2.219211197271943 26.206190731324412 6.214244122988063 0.11578806828721493 1.9068888416851966 0.5595490514931396 
[5], 24, 1, 10, 0.001, 0.05, 1, False 3.0118702383772304 36.79671176330512 12.83530610025611 0.6311599547914103 6.912632818652067 6.523963557372599 
[15], 36, 10, 1, 0.001, 0.05, 1, False 1.578652630498012 18.7144892399316 3.762185391208708 0.14159911971396794 1.6405397180055894 0.5003198924548615 
[30], 12, 5, 10, 0.001, 0.05, 1, False 1.9214607608918517 21.591740945360428 5.038263143676996 0.009081182259504047 0.6420376531685511 0.26774491366768005 
[15], 1, 10, 1, 0.001, 0.05, 1, False 1.987918723754033 21.39448412146712 6.142683522414488 0.01168897601169296 0.2008990542856697 0.20456767532094838 
[20], 24, 5, 10, 0.001, 0.05, 1, False 1.7799317949382516 20.51500508550592 4.202940680892129 0.2653993733358307 3.7256738472695377 1.1238682009848304 
[30], 24, 1, 10, 0.001, 0.05, 1, False 3.2966106194065006 41.01931592887337 14.490239994594162 0.31982876779089814 3.57037263507539 2.9512988661907666 
[10], 24, 5, 1, 0.001, 0.05, 1, False 1.8659393853921855 21.048592018517287 5.052297736517171 0.19007513391838649 1.326744390473537 0.8628403989934931 
[30], 36, 1, 10, 0.001, 0.05, 1, False 3.0117018218583387 39.13784575319212 11.509829326365209 0.11782018118581265 1.4588354130942527 1.1774528186872695 
[5], 36, 5, 10, 0.001, 0.05, 1, False 1.868404010873012 23.805240064669096 4.414925863132699 0.17593863470069013 2.503114576345254 0.7770633476206299 
[10], 24, 10, 5, 0.001, 0.05, 1, False 1.7307150170620946 20.272862133252232 4.00653306262771 0.10217538953668423 0.9545415532050201 0.4492132653449982 
[20], 12, 10, 1, 0.001, 0.05, 1, False 1.808335172169393 21.35818319853067 4.198212312282684 0.05287642046096095 0.4210467924157732 0.3891334262208941 
[5], 1, 5, 10, 0.001, 0.05, 1, False 2.0338771267552613 21.673139347640245 6.252757917958704 0.07091573056010703 0.5114198625957107 0.6327038554825255 
[20], 36, 10, 1, 0.001, 0.05, 1, False 1.6783651481624007 19.843252611398768 3.950989683047965 0.033003950594329784 0.5477963127486531 0.12746730827360422 
[5], 24, 5, 1, 0.001, 0.05, 1, False 2.1923417369697105 25.207632522850897 6.236090003819022 0.15547369439246644 2.529459521237291 0.7677854519384102 
[30], 1, 10, 1, 0.001, 0.05, 1, False 1.9783621820586694 21.41151654233858 6.0593376361104765 0.008759884732018289 0.06779077202713343 0.11432835199751878 
[10], 12, 1, 10, 0.001, 0.05, 1, False 4.138194960036695 48.36230046443297 25.261471168327173 1.1104996280225354 12.680074963276597 15.2820023846021 
[20], 24, 10, 1, 0.001, 0.05, 1, False 1.5555266631249751 18.536252284447585 3.2723425701492808 0.1491531437689457 0.8061816688086374 0.6384331553700866 
[30], 12, 10, 1, 0.001, 0.05, 1, False 1.773471266772874 20.374445870227365 4.060581902458014 0.023221762269961744 0.3101494055995712 0.22115741295813815 
[5], 36, 10, 1, 0.001, 0.05, 1, False 1.8593839401586187 21.385257381374505 5.540676454178602 0.08044613024906194 2.0438920308578616 0.2643415749872021 
[30], 24, 5, 1, 0.001, 0.05, 1, False 2.0432513812211925 23.386408634294014 5.3566870120385675 0.13738072438181598 1.89093090241291 0.8379926235907058 
[5], 1, 10, 1, 0.001, 0.05, 1, False 2.0501255919053047 21.903504339810436 6.517549141141219 0.03982486500275428 0.26763607528186806 0.5262980268707127 
[30], 36, 15, 10, 0.001, 0.05, 1, False 1.737378035189101 22.24272792919274 4.501139492910153 0.05856368571741179 0.787655592163949 0.3581688602190682 
[30], 36, 5, 1, 0.001, 0.05, 1, False 1.8778165394336812 23.20952434978447 4.549771789536349 0.0723032095029861 1.1131614139296777 0.3148670868712233 
[30], 24, 15, 10, 0.001, 0.05, 1, False 1.6265476460327155 20.35845768052515 3.768886888991497 0.04926754685263343 0.5472713463890191 0.1828699781224904 
[30], 12, 15, 10, 0.001, 0.05, 1, False 1.8731705921046709 19.376570959704484 5.472364513232368 0.12427707883413669 1.1291102347210207 0.6462885193188249 
[30], 24, 10, 5, 0.001, 0.05, 1, False 1.4452271757405943 17.847036842339993 2.9208172879693675 0.150711424701095 1.9419864320469538 0.5368796430813003 
[30], 36, 10, 5, 0.001, 0.05, 1, False 1.6953951163803815 21.21528567720651 3.9700021783551462 0.07281600695218164 0.417607225225589 0.10646830928123563 
[15], 1, 1, 10, 0.001, 0.05, 1, False 2.1442225068359186 28.618594446313562 6.317233312452348 0.3442727931617599 4.317238588365382 1.8690563373979683 
[5], 12, 10, 5, 0.001, 0.05, 1, False 1.7525629371887552 20.19059044793039 4.0487793311471725 0.0589618901578942 1.0366534416026723 0.2304920138134899 
[15], 24, 1, 10, 0.001, 0.05, 1, False 3.400543669338718 41.97803812759404 16.72080843325425 0.43384942174956026 4.925381224089442 3.971143970076375 
[10], 36, 1, 10, 0.001, 0.05, 1, False 3.0770682854931457 38.52250053768807 13.062922309516507 0.19166407792477202 2.6156461267240356 1.7273181370217838 
[5], 24, 10, 5, 0.001, 0.05, 1, False 1.8778541029327445 21.49277375251684 4.738605373797633 0.12315927581621759 1.3875919383206448 0.5552226921285872 
[15], 36, 1, 10, 0.001, 0.05, 1, False 3.3028183037986985 41.52309280316664 15.125549502039675 0.4432571770297467 5.47913603535198 4.182230700773875 
[10], 12, 5, 1, 0.001, 0.05, 1, False 1.9145682920908762 23.22024230056049 4.792866099691347 0.058053590426470784 0.5420330353984472 0.23197956468583605 
[20], 1, 1, 10, 0.001, 0.05, 1, False 1.744862618956163 23.607531937254862 4.985280458796361 0.0849688943264521 1.0748437448078774 0.8619334565880444 
[15], 12, 1, 10, 0.001, 0.05, 1, False 3.7271924015910667 43.37318517330433 17.44551698655609 0.26096879740428813 3.2448520823693228 2.742185207847491 
[10], 24, 15, 10, 0.001, 0.05, 1, False 1.7172925481676227 21.56477120174519 4.162950904511432 0.13703619265300487 1.8324172976475872 0.4809907505946643 
[30], 36, 20, 1, 0.001, 0.05, 1, False 1.5983083712385484 20.008826747315027 3.9049405119622294 0.1296371300049748 1.7387800438966952 0.6366595865240261 
[20], 12, 1, 10, 0.001, 0.05, 1, False 3.9883052914782815 46.45500571562573 20.83293985623636 0.6107972552396516 7.179246260844314 6.33167617274016 
[30], 24, 20, 1, 0.001, 0.05, 1, False 1.4472324197939423 18.279311354300532 3.0213775833873378 0.07360055110755052 0.8814818303049423 0.23449329226823273 
[30], 12, 20, 1, 0.001, 0.05, 1, False 1.7859201170159154 19.730419501885844 4.4141838380101435 0.025452756681591273 0.3755740425402105 0.10893574043391233 
[30], 1, 1, 10, 0.001, 0.05, 1, False 1.8552327389242471 24.90950793087916 5.423752621203948 0.10497819346288491 1.2357414498141104 0.799121082785999 
[10], 1, 10, 5, 0.001, 0.05, 1, False 1.9992485012514176 22.75308048440967 5.299719157221443 0.07896281686932574 1.7648964297516352 0.17538734474214665 
[10], 12, 10, 5, 0.001, 0.05, 1, False 1.8038833160022343 20.783217783709734 4.286361568367597 0.021421368497496165 1.096525833922952 0.39417017168750335 
[30], 12, 1, 10, 0.001, 0.05, 1, False 3.945959946464454 46.472383296329575 19.825490386410674 0.2847748555623283 3.079623446319953 3.0488941649333614 
[20], 24, 1, 10, 0.001, 0.05, 1, False 3.4069949749099404 42.15408815869222 15.869451646562757 0.039269205453755444 0.3759517874941849 0.4656744420092892 
[5], 12, 15, 10, 0.001, 0.05, 1, False 1.6698613513916454 17.912849612967563 4.177095422338881 0.11367809951037672 1.1930361096579358 0.6117971890951491 
[10], 12, 15, 10, 0.001, 0.05, 1, False 1.7608839968426355 18.71717298965609 4.667174730251779 0.10607528703777275 0.8974611220069135 0.6391689126897121 
[5], 24, 15, 10, 0.001, 0.05, 1, False 1.8554031061939895 22.02994952831918 4.804562509714852 0.24533644064456073 2.2165626936060696 1.0473047419331314 
[10], 1, 15, 10, 0.001, 0.05, 1, False 1.888443202732338 21.06609416792206 5.02769966281068 0.016339704779591006 0.30140859526464414 0.27238421830397197 
[20], 36, 1, 10, 0.001, 0.05, 1, False 3.2803758042429023 42.03525593072764 15.114617647197386 0.3808481515239801 4.806904160768024 4.559828953860056 
[20], 1, 10, 5, 0.001, 0.05, 1, False 1.911908714542234 21.690193658688063 4.9554026602900905 0.04268490231611575 0.2864426259148891 0.20092390890913478 
[15], 12, 10, 5, 0.001, 0.05, 1, False 1.8145374496225957 19.92317878936286 4.534430092986759 0.022871714279016405 0.42881084640809763 0.23903485272990732 
[10], 36, 10, 5, 0.001, 0.05, 1, False 1.6714051874940872 20.375739534731416 3.7487759789530286 0.03213006696063671 0.844256951369461 0.11132368015497346 
[15], 1, 5, 1, 0.001, 0.05, 1, False 2.2094142389311275 22.932577510850976 7.6490832511152504 0.03830563508569453 0.306353410871894 0.26004479706895905 
[10], 1, 1, 10, 0.001, 0.05, 1, False 1.9525467283057942 23.4264607495404 5.118202788001747 0.23958765089137737 1.3196239598496449 1.2086445813103959 
[15], 24, 5, 1, 0.001, 0.05, 1, False 1.96789468486138 21.57516211568849 5.417850264816544 0.09934509872786039 1.0213825574834354 0.43070518106718353 
[10], 24, 20, 1, 0.001, 0.05, 1, False 1.8398567696239938 22.044306929079152 4.683587740912956 0.17654951994443532 1.2725453835066727 0.7733854653484504 
[10], 36, 5, 1, 0.001, 0.05, 1, False 2.0389328696075135 24.35502800865291 6.238182783231392 0.11315304445646403 1.9427177328695484 0.9072371815177475 
[15], 36, 5, 1, 0.001, 0.05, 1, False 1.823813056997541 22.266530442777793 4.749576459449579 0.17093480237506906 1.8427699163163276 1.0339512146170906 
[20], 1, 5, 1, 0.001, 0.05, 1, False 2.191676663710839 22.805277088994416 7.515121961556473 0.045826429138367826 0.370098293270008 0.3351674331666761 
[10], 24, 5, 5, 0.001, 0.05, 1, False 2.1900795870236363 25.51545581690233 6.12368288153855 0.25376991452464187 3.0619882779792897 1.464825836365194 
[5], 36, 1, 10, 0.001, 0.05, 1, False 3.261228672811099 40.04092480875565 16.422578534352958 0.5937171101807739 7.365855913056686 6.249531061174193 
[15], 1, 10, 5, 0.001, 0.05, 1, False 1.906098319362435 21.45567108135259 5.044303353817784 0.021886236778950092 0.8689316812334095 0.29747490420959305 
[15], 12, 5, 1, 0.001, 0.05, 1, False 2.00616874417842 24.620136231658687 5.128893000497854 0.07531279658456694 0.7169321462465362 0.4692280517470704 
[15], 24, 10, 5, 0.001, 0.05, 1, False 1.7298685766929003 21.28396243440996 3.9124566599539006 0.03884025730858272 0.5216518842018009 0.17964839578732913 
[5], 1, 1, 10, 0.001, 0.05, 1, False 2.488339753838739 28.88963363186993 9.123444506030525 0.6812473799499622 5.258242391238378 5.304507625726392 
[20], 12, 5, 1, 0.001, 0.05, 1, False 1.9036889712153762 22.437901584715444 4.656138541493068 0.05506889776726856 0.39097690695717174 0.4923122111920941 
[15], 36, 10, 5, 0.001, 0.05, 1, False 1.6633697050002716 20.798947944019982 3.8452536369727532 0.015074035217913303 0.12698498084099685 0.031187286682394767 
[30], 1, 5, 1, 0.001, 0.05, 1, False 2.166469905639274 22.55407947002801 7.355270663742972 0.031411203967806646 0.3198117658562798 0.20456196506083765 
[5], 12, 1, 10, 0.001, 0.05, 1, False 3.1796972224109434 36.67703160215388 13.400100327025436 0.6230591487630116 6.965444819145907 4.775209470691383 
[5], 24, 5, 5, 0.001, 0.05, 1, False 2.266112935887995 25.69513773347909 6.8367709764481 0.11616698643028542 1.9498351385231358 0.5871253272328443 
[5], 12, 20, 1, 0.001, 0.05, 1, False 1.8596013419813027 22.672048516326186 4.534445202647841 0.09131610024737534 0.4384700845178834 0.41335497018868145 
[5], 24, 20, 1, 0.001, 0.05, 1, False 1.9121552847601746 21.063479224482794 5.001595240218855 0.1525199981911761 1.4524669583646053 0.748793032608321 
[10], 1, 20, 1, 0.001, 0.05, 1, False 2.0214293501236367 22.059331106822565 6.099330473327409 0.036421621229501065 0.7773582103525424 0.1590885924634664 
[10], 12, 20, 1, 0.001, 0.05, 1, False 1.8259260085825286 21.673434411739436 4.56437739407071 0.026012971683837996 1.4347941272277727 0.26343386655907164 
[15], 1, 15, 10, 0.001, 0.05, 1, False 1.8818074296608012 21.403332907937255 4.809795528227827 0.0175256429424401 0.27626580216849433 0.18198400837514436 
[30], 12, 5, 1, 0.001, 0.05, 1, False 1.869477581905408 21.401228259269562 4.59212044845746 0.0393851021339234 0.17971810843273478 0.3177100694299191 
[20], 24, 5, 1, 0.001, 0.05, 1, False 2.007277202530316 21.83953061956615 5.507171994238931 0.1479645955753825 1.7795451042090376 0.7104172797474931 
[20], 36, 5, 1, 0.001, 0.05, 1, False 1.7602673942740592 21.590743700418624 4.601475538889372 0.32910783340147304 4.681328502860988 1.067664764696105 
[15], 24, 15, 10, 0.001, 0.05, 1, False 1.7701533767325737 21.907823705882535 4.229917621390299 0.08371116412492145 0.6364613694884033 0.36045574698741417 
[30], 36, 5, 5, 0.001, 0.05, 1, False 1.763841897766623 22.467332068716814 4.455760835651323 0.1087001727543924 1.3899613498711052 0.3063185213240025 
[30], 24, 5, 5, 0.001, 0.05, 1, False 1.6816325377707402 19.142733446211036 3.6944578171756066 0.2130612601292043 2.725626920466881 0.7308919918041962 
[15], 36, 15, 10, 0.001, 0.05, 1, False 1.6092251075776636 19.78146832219382 3.7077178912465327 0.14069607324173083 1.609309087370249 0.514568491983752 
[20], 12, 10, 5, 0.001, 0.05, 1, False 1.753034793295794 19.37930663931786 4.187026642037591 0.01538210242053134 0.42778762629517414 0.10222211503636458 
[10], 1, 5, 1, 0.001, 0.05, 1, False 2.1498144895700673 22.84047923325414 7.061176168028361 0.05333983321223742 0.49404903688236534 0.4697056125358196 
[20], 1, 15, 10, 0.001, 0.05, 1, False 1.882495685597812 21.49433590814603 4.767711797437644 0.018989380149710692 0.11186602041420869 0.14564011111859454 
[20], 36, 10, 5, 0.001, 0.05, 1, False 1.6696014802799457 20.978792522688526 4.04345649678981 0.19169625325378942 2.6586176455517028 0.8920739582991146 
[30], 1, 10, 5, 0.001, 0.05, 1, False 1.866617262315143 21.341639116188304 4.756236503342734 0.02920105777509681 0.5101918788283175 0.022132361347955442 
[10], 36, 15, 10, 0.001, 0.05, 1, False 1.6930354111517467 21.1431216609384 3.9631347563070083 0.04023476293752422 1.0305595297643184 0.3521997263897316 
[5], 36, 5, 1, 0.001, 0.05, 1, False 1.585920655951594 18.72118661500509 4.087933006568542 0.10550596398805424 1.6512598474196332 0.6341153855519195 
[15], 12, 15, 10, 0.001, 0.05, 1, False 1.8637501131984644 19.216389452809803 5.477711791164141 0.10663965698527686 0.9506547989572436 0.6118595876565165 
[5], 1, 5, 1, 0.001, 0.05, 1, False 2.041242425350679 22.73757751726899 5.852626239799534 0.04235411877680435 0.7670037831365335 0.09136316710737478 
[5], 12, 5, 1, 0.001, 0.05, 1, False 2.054322139084063 24.167062574692622 5.707309687323112 0.17229795862811775 2.0029534394545667 1.1310637314864804 
[20], 24, 10, 5, 0.001, 0.05, 1, False 1.5113588922588086 18.735974654623607 3.1108219279438205 0.04133195867836394 0.5950119323274696 0.12791371322376488 
[30], 12, 10, 5, 0.001, 0.05, 1, False 1.8177555925799187 19.92985630547801 4.532951520635667 0.0007895416917702354 0.054416934941793 0.01481355262155246 
[15], 1, 20, 1, 0.001, 0.05, 1, False 1.995781625200201 21.842391441228017 5.995115406299369 0.003075714108666848 0.14469646287357432 0.09097132714936418 
[5], 36, 10, 5, 0.001, 0.05, 1, False 1.8053020082241682 21.749710411544253 4.409410746606564 0.09451987568535607 1.1853380415655121 0.30473044752006095 
[15], 24, 20, 1, 0.001, 0.05, 1, False 1.540062994910059 17.990110962601772 3.405439598324266 0.11546498365377456 0.5849361124572547 0.4045119942122245 
[20], 12, 15, 10, 0.001, 0.05, 1, False 1.7899201294717688 19.02050471836736 4.869515070122433 0.06160300444832532 0.19427340975295673 0.4964201205220396 
[15], 36, 20, 1, 0.001, 0.05, 1, False 1.7456082236711625 21.552155101515655 4.5044213194705565 0.045557315554384956 0.4589762820474453 0.2549634146010888 
[5], 1, 10, 5, 0.001, 0.05, 1, False 2.0700421358562173 20.63814260260828 7.395383608387594 0.046577678755110055 0.23715091486152207 0.46003124387889205 
[20], 36, 15, 10, 0.001, 0.05, 1, False 1.7083102320907295 21.587175481737177 4.058607457373141 0.06097791755824781 0.3452403039946695 0.21628780146686902 
[20], 1, 20, 1, 0.001, 0.05, 1, False 1.964967252079535 21.439954338718113 5.905032179241091 0.009989262348158393 0.08657238689679968 0.07054800395708598 
[10], 12, 5, 5, 0.001, 0.05, 1, False 1.9402644365232578 24.534719629685366 4.811657899796145 0.044706970718745104 0.5936177712261347 0.24459974120499497 
[20], 24, 15, 10, 0.001, 0.05, 1, False 1.7869919272760548 22.463785828455247 4.356277954221779 0.14085785972406337 1.808889288252897 0.6595042982992738 
[30], 12, 20, 5, 0.001, 0.05, 1, False 1.8617353233198324 19.69795995801771 5.262148246392067 0.08578451482774348 0.29933679772201083 0.792592810179086 
[30], 1, 15, 10, 0.001, 0.05, 1, False 1.8782610816122205 21.560085205951932 4.708529450751471 0.006616597937040314 0.09245787368082163 0.05966441643944955 
[30], 36, 20, 5, 0.001, 0.05, 1, False 1.7021919225308075 21.46705418001656 4.0379338847648585 0.10704612803324862 1.3493451991330727 0.30383040053661403 
[10], 36, 20, 1, 0.001, 0.05, 1, False 1.773101042538743 20.89608579786925 5.27547436655384 0.3120893409285511 4.325728388870821 1.963956770172251 
[30], 24, 20, 5, 0.001, 0.05, 1, False 1.7915550700630305 22.420865769654004 4.680106104630475 0.11792716277196633 1.3522652024814448 0.7022190992930878 
[15], 12, 20, 1, 0.001, 0.05, 1, False 1.8191638520332398 20.539853619557732 4.553763613008087 0.018559905823217596 0.9881983915958332 0.3983807545041595 
[5], 1, 15, 10, 0.001, 0.05, 1, False 1.927070234019171 20.94038803112125 5.507873237448105 0.04243814183387568 0.29578810961184016 0.46988525125923386 
[5], 36, 15, 10, 0.001, 0.05, 1, False 1.6380491715683432 20.407595921482386 3.5840397714658163 0.20642231369395994 2.8431423414385213 0.8344531010089573 
[15], 24, 5, 5, 0.001, 0.05, 1, False 1.8620487630263802 22.126948345719203 4.336435424027539 0.13179053485132544 1.8529417921023752 0.5101972476773803 
[15], 1, 5, 5, 0.001, 0.05, 1, False 2.0653625034140766 22.633975912457274 6.187499529945633 0.07283080984112222 1.8806667732646805 0.23516011654243782 
[30], 24, 10, 10, 0.001, 0.05, 1, False 1.4112434096565403 17.117711040122092 2.801705527178551 0.038768270232366446 0.27329045940339264 0.08445542141147826 
[20], 12, 20, 1, 0.001, 0.05, 1, False 1.8021159040948582 19.683648189317115 4.625332724429314 0.017078786724325164 0.062110381243947854 0.16656980399684407 
[10], 24, 20, 5, 0.001, 0.05, 1, False 1.7977706320031925 22.508602202811275 4.579542693991223 0.0759964932002782 1.106740202880812 0.3210025360715402 
[10], 24, 10, 10, 0.001, 0.05, 1, False 1.7425865914500145 21.72646267010829 4.045989861843325 0.05664757061006607 0.9243665892842867 0.274907311733469 
[30], 36, 10, 10, 0.001, 0.05, 1, False 1.7684540633974528 22.377140883111608 4.201219398948456 0.055930683529427275 0.904298067210831 0.2919414257061984 
[20], 36, 20, 1, 0.001, 0.05, 1, False 1.5080093328944513 18.863508323299214 3.4579144963038337 0.02779962623022491 0.17990754021561334 0.16291399887579808 
[10], 36, 5, 5, 0.001, 0.05, 1, False 1.6751823155726824 20.427485712051595 3.963909696112346 0.12754269617977837 1.490835765252072 0.6434269060749599 
[20], 24, 20, 1, 0.001, 0.05, 1, False 1.6205751413858875 18.14929201094031 3.9026947226838793 0.15946259880297756 0.8805590168761058 0.8831278939723252 
[20], 1, 5, 5, 0.001, 0.05, 1, False 2.06800403446649 24.035150096575023 5.574958291915002 0.02628113428900974 0.4173496248717479 0.12080741446800347 
[30], 1, 20, 1, 0.001, 0.05, 1, False 1.9772407792301638 21.750820030095003 5.832314682296587 0.015033085115798572 0.36269591021459713 0.06103473374553356 
[15], 12, 5, 5, 0.001, 0.05, 1, False 2.019601009948248 23.38443902844342 5.424223838118846 0.11251253320620287 1.5484566404868223 0.5930525773040456 
[15], 36, 5, 5, 0.001, 0.05, 1, False 1.6544211129278497 20.519021354336697 3.624471116825779 0.09593901066628392 1.3928285489003949 0.31299363732562546 
[5], 1, 20, 1, 0.001, 0.05, 1, False 1.9971884785633949 21.91961584703905 5.9710553003895335 0.02344446723532571 0.5727540323217112 0.14828908441232588 
[5], 24, 20, 5, 0.001, 0.05, 1, False 1.9579296308569607 22.133846146215863 5.495643059692696 0.16487278348713671 2.516828324500277 1.0511381342523332 
[5], 12, 20, 5, 0.001, 0.05, 1, False 1.8749991891698705 21.227031152401835 4.8667147245910165 0.06707618374483927 0.38531540643015694 0.6277682419452085 
[5], 24, 10, 10, 0.001, 0.05, 1, False 1.6114495543625067 18.854287088781536 3.797890392038534 0.21472557135868062 2.651159438821913 0.5729511453483955 
[20], 12, 5, 5, 0.001, 0.05, 1, False 1.9272092476142226 22.50881388015056 4.845275719272262 0.02541036904938777 0.6799339819315827 0.12912290795204975 
[30], 1, 5, 5, 0.001, 0.05, 1, False 2.212652075525235 25.526102499385242 6.155380813838829 0.028107815376380723 0.8204594668487769 0.03276594977053442 
[5], 36, 20, 1, 0.001, 0.05, 1, False 1.9423492962459996 23.157559358634455 5.153050801594234 0.41541815653570563 4.28012632537401 1.8021989495013677 
[5], 12, 10, 10, 0.001, 0.05, 1, False 1.8100890814809614 19.832217682912614 4.943992334471029 0.1891609896206616 1.7547531483169438 1.680956778613026 
[10], 24, 15, 1, 0.001, 0.05, 1, False 1.8703996966386007 20.631165990444828 4.91837740128081 0.08887111056698317 0.6829628101433187 0.5190863877345048 
[30], 24, 15, 1, 0.001, 0.05, 1, False 1.5265714477057808 18.328918264363818 3.4456000313304447 0.2687626612404045 2.379072918061483 0.8939247595538137 
[30], 12, 5, 5, 0.001, 0.05, 1, False 1.9377145158333908 21.918675038548326 4.986001198889073 0.03265999349145433 0.13037516659082693 0.2317267137226193 
[20], 24, 5, 5, 0.001, 0.05, 1, False 1.927345961459947 23.0972879669866 4.5216320930672795 0.13374536600305537 1.6738660906125966 0.6514392242499941 
[20], 36, 5, 5, 0.001, 0.05, 1, False 1.9048645814570289 24.033422680404126 4.689932153186702 0.09310951246469806 1.3602157135006734 0.44005454787413195 
[30], 36, 15, 1, 0.001, 0.05, 1, False 1.5371830419257833 18.801507810158256 3.8164975557397773 0.12341630943728904 2.106504854653174 0.25871644383373893 
[10], 12, 20, 5, 0.001, 0.05, 1, False 1.8274942749248886 19.393580394092243 5.0762035869757645 0.03337208412403862 0.5294946975553136 0.1000483772201999 
[10], 1, 20, 5, 0.001, 0.05, 1, False 1.9299162155983074 21.579572115676275 5.241545347947736 0.04287936129777575 0.3562657208657219 0.3585951115008689 
[10], 1, 5, 5, 0.001, 0.05, 1, False 2.0101524921548033 21.36032103251014 6.267807693364312 0.04544215350833807 0.3543625277103289 0.6918020654919387 
[5], 36, 5, 5, 0.001, 0.05, 1, False 1.9238813714227747 23.901537627038223 4.762394341385313 0.11984574018225835 1.7215664717148234 0.5277792456790907 
[5], 1, 5, 5, 0.001, 0.05, 1, False 2.1087013264290158 22.04325509406276 7.023851960519015 0.09900867590649376 0.047329656758044764 1.1379180667163091 
[5], 12, 5, 5, 0.001, 0.05, 1, False 1.8888187252054058 22.541604199627304 4.482436847176923 0.0546538297244639 0.4742353494661912 0.3046518908732699 
[10], 1, 10, 10, 0.001, 0.05, 1, False 1.9028400385131434 21.162863993561288 4.990351348357522 0.03999952894669564 0.4911252652571394 0.12901285418141845 
[5], 24, 15, 1, 0.001, 0.05, 1, False 2.229943556849051 24.42984467671086 6.687938514659964 0.13702895322735784 1.4149090059119953 0.9329235355701102 
[10], 12, 10, 10, 0.001, 0.05, 1, False 1.8001308745463138 20.389672114110557 4.325554265149495 0.0687981542881169 1.5053945467195042 0.07088469700916371 
[5], 12, 15, 1, 0.001, 0.05, 1, False 1.926388600185789 21.454973580738976 5.187502283933671 0.08967845485756705 1.5737062067174643 0.3757514642994035 
[15], 1, 20, 5, 0.001, 0.05, 1, False 1.8841945169700514 21.665404965508657 4.728169551991378 0.01381667285902416 0.1117267660181961 0.12927810649582985 
[10], 36, 10, 10, 0.001, 0.05, 1, False 1.785541121020085 22.621906017874025 4.362546753042896 0.15776847734816482 2.2144272680663653 0.6841655727564481 
[15], 24, 20, 5, 0.001, 0.05, 1, False 1.8304434612427871 23.104211952435577 4.733277566743857 0.13262403922567687 1.485131421364558 0.6861289966527172 
[15], 12, 10, 10, 0.001, 0.05, 1, False 1.8200524690457514 19.240689415966333 4.874044795922016 0.012762730897538176 0.7048635660754529 0.3521283469189467 
[20], 1, 20, 5, 0.001, 0.05, 1, False 1.89144465888126 21.379878848835393 4.884198459604057 0.014690832552631925 0.5775655468314542 0.17519163119970382 
[15], 36, 20, 5, 0.001, 0.05, 1, False 1.7392591146752236 21.927894029772002 4.405180079844093 0.11209431024750315 1.584897408059655 0.8718644960393602 
[20], 1, 10, 10, 0.001, 0.05, 1, False 1.8399669876874043 21.28079065681965 4.526467900111934 0.006614932343720387 0.12956485604503934 0.07607629702145377 
[10], 1, 15, 1, 0.001, 0.05, 1, False 2.010189038618571 22.326347470373474 5.834114038044645 0.04840051609197691 0.6620259825399596 0.17504372457900658 
[15], 24, 10, 10, 0.001, 0.05, 1, False 1.5762510871583666 19.361523818548317 3.3570722540325484 0.07040261008307355 0.8924995569993611 0.09024121350435728 
[15], 12, 20, 5, 0.001, 0.05, 1, False 1.8597551690104108 19.616902372331168 5.357377639887678 0.05990677197217861 0.48006416688538855 0.43740217142120785 
[10], 12, 15, 1, 0.001, 0.05, 1, False 1.7683977753096431 20.807007868200706 4.133751892196087 0.043318711434721595 0.8973114856214224 0.09674380574527651 
[10], 36, 20, 5, 0.001, 0.05, 1, False 1.4480545254010293 17.671459440244423 3.030886676741865 0.1291139805295344 1.615833800565058 0.6524657247938924 
[15], 1, 10, 10, 0.001, 0.05, 1, False 1.85625652404571 20.483569096246647 5.006297211098594 0.015736983615358097 0.11317848698674672 0.17268445752321215 
[15], 36, 10, 10, 0.001, 0.05, 1, False 1.734272419516411 22.28767577930537 4.457416247875325 0.2225605296595807 2.9495437833407774 0.874202649503607 
[30], 12, 20, 10, 0.001, 0.05, 1, False 1.6769685550558344 17.894180423065297 4.361202238990079 0.21908639723759707 2.1208611402532025 1.0640863396716147 
[10], 36, 15, 1, 0.001, 0.05, 1, False 1.8379043021411807 22.176442485457486 4.817199700975698 0.3577931837770224 5.08252173945646 1.2936126949733076 
[20], 12, 20, 5, 0.001, 0.05, 1, False 1.7435601052069278 18.24241321248725 4.837467786822085 0.1512316092510774 1.0633986592703244 1.0600287286332906 
[15], 12, 15, 1, 0.001, 0.05, 1, False 1.7624455243762993 20.116806968122955 4.110408054932818 0.07307180790554585 0.4279920722242785 0.5384357623361943 
[20], 36, 20, 5, 0.001, 0.05, 1, False 1.678009174098433 20.691560699796653 3.843873810288516 0.13197275567437505 1.0506110931750836 0.4379901266219455 
[20], 24, 20, 5, 0.001, 0.05, 1, False 1.8751928260204966 23.78363457408906 4.963888222602134 0.03715032086005481 0.3888044248758472 0.44901094666315694 
[20], 12, 10, 10, 0.001, 0.05, 1, False 1.759181443505265 18.917589617206872 4.510459007601875 0.023167825777672117 0.5283453853031675 0.0759394373777477 
[20], 1, 15, 1, 0.001, 0.05, 1, False 1.9525124578702229 21.310051589198817 5.829372370881383 0.007726290271171441 0.014220955869981077 0.11535966471462017 
[15], 24, 15, 1, 0.001, 0.05, 1, False 1.79191097157007 20.446717855214512 4.432096278185013 0.11350042962423644 1.2462602062512833 0.6459825671982055 
[30], 1, 20, 5, 0.001, 0.05, 1, False 1.896568739938515 21.796026934389115 4.803831273486167 0.00900906854204371 0.11783913973155051 0.07028270161907936 
[5], 1, 20, 5, 0.001, 0.05, 1, False 1.9791761654394646 21.366595746277383 5.962226261231124 0.027230758932035807 0.36428996029852007 0.4320897159450878 
[30], 36, 20, 10, 0.001, 0.05, 1, False 1.612733878215982 20.4154757380176 3.6974733341553994 0.0825138462661739 1.2146625510465128 0.38183451997692985 
[20], 36, 10, 10, 0.001, 0.05, 1, False 1.77082347129989 22.636217473712048 4.548918626631466 0.12796199442510336 1.6971041131762215 0.4875377075732537 
[30], 1, 10, 10, 0.001, 0.05, 1, False 1.8516688603631872 21.03405541444533 4.692133222936188 0.005327635736528367 0.07560898828068419 0.055590022086555675 
[30], 24, 20, 10, 0.001, 0.05, 1, False 1.6374340383784365 20.710658315050182 3.8956313755717384 0.09379534382113597 1.124426678238784 0.2857696680426992 
[5], 36, 20, 5, 0.001, 0.05, 1, False 1.7190326920227597 21.143972476680393 4.062595294739656 0.22402189092536323 2.9764416555557958 0.897895053268127 
[15], 36, 15, 1, 0.001, 0.05, 1, False 1.6223567298510009 20.343901062499075 4.028834757899253 0.16632905580289445 2.260526597654723 0.6288778928108752 
[15], 1, 15, 1, 0.001, 0.05, 1, False 1.991056171984032 21.902993667952156 5.889196049794698 0.018433366000527238 0.44954305406705547 0.08274074510559266 
[20], 24, 10, 10, 0.001, 0.05, 1, False 1.5664624510574399 19.578591200145585 3.339406598099212 0.05119646377432915 0.6895820237399622 0.26407123297470486 
[5], 36, 10, 10, 0.001, 0.05, 1, False 1.7145175149491816 21.1678958689789 4.01903259078849 0.0752236643900444 0.9118190007313546 0.1966149439627519 
[20], 12, 15, 1, 0.001, 0.05, 1, False 1.6948580281670995 18.353645974548176 4.299662385984688 0.025583985677067378 0.6520624267946149 0.33308023171693335 
[30], 12, 10, 10, 0.001, 0.05, 1, False 1.8158948653205123 19.779579928246946 4.569352270257915 0.038829067043597565 0.2974640372338185 0.31549088912285533 
[10], 24, 20, 10, 0.001, 0.05, 1, False 1.6680524482771204 20.71048748365917 3.769725529831151 0.16826862281921992 2.0719101992045235 0.7591050857262384 
[20], 36, 15, 1, 0.001, 0.05, 1, False 1.6246764185734923 19.8103994740959 3.9402072358120463 0.07877973894745764 1.3044459784261844 0.39849916373221467 
[30], 1, 15, 1, 0.001, 0.05, 1, False 1.9705741983458946 21.93048187061419 5.645456023809945 0.020598981464281563 0.2935255289287401 0.17774553236993096 
[20], 24, 15, 1, 0.001, 0.05, 1, False 1.633743163895 18.279218093531938 3.95305626064803 0.19369088475167137 2.030734083795589 0.6542747563731004 
[5], 1, 10, 10, 0.001, 0.05, 1, False 1.9474855633452535 20.948099988942868 5.792392318391843 0.1328726853787221 0.6203591984227617 1.2499411177404605 
[5], 12, 20, 10, 0.001, 0.05, 1, False 1.827389196610009 21.125368599749706 5.214728573302221 0.08063782324791784 1.9033459738441467 0.7012610160607274 
[5], 36, 15, 1, 0.001, 0.05, 1, False 1.7920710861613902 21.12034412784595 4.836987684323982 0.15476610422710313 2.7050417075544586 0.6741940412337293 
[30], 12, 15, 1, 0.001, 0.05, 1, False 1.7636618062474385 19.13381105602595 4.527986534072717 0.07949001303141826 0.43135351853972104 0.7690160951459075 
[5], 24, 20, 10, 0.001, 0.05, 1, False 1.7997848698007013 21.952596193699005 4.3518009844622245 0.02545665145977716 0.31804571305646284 0.14470794763642747 
[5], 1, 15, 1, 0.001, 0.05, 1, False 2.017772256127662 22.21992856546653 5.951645821387609 0.03354316492239237 0.8893929708867627 0.21561332023989635 
[10], 12, 20, 10, 0.001, 0.05, 1, False 1.9399615814874844 21.146279033709742 5.630266849025663 0.14446566441148428 1.2165172440543797 1.2477625109121901 
[10], 1, 20, 10, 0.001, 0.05, 1, False 1.8532722558826205 20.784837809993814 4.725874539819682 0.005150159813117381 0.2720977511796401 0.16828836453854976 
[30], 1, 20, 10, 0.001, 0.05, 1, False 1.875546266304122 21.272011543151347 4.766676723777713 0.003770742456262587 0.2406306047368466 0.11488420957040174 
[20], 36, 20, 10, 0.001, 0.05, 1, False 1.726219812097649 21.943190680661576 4.243448090031323 0.18958232361524374 2.343891167290647 0.7276997099696899 
[20], 12, 20, 10, 0.001, 0.05, 1, False 1.7116676708614385 18.80952103061414 4.527766709389841 0.23210822383632218 1.5974040682741064 1.2423316316443935 
[20], 24, 20, 10, 0.001, 0.05, 1, False 1.6780237112711704 21.208622503426568 4.119003647152192 0.1515426388195919 1.8961327865623119 0.5702113484548145 
[15], 1, 20, 10, 0.001, 0.05, 1, False 1.8738820958606623 21.003717436450177 4.887997825447507 0.012524137841156706 0.39009740983063196 0.21709539228349556 
[5], 36, 20, 10, 0.001, 0.05, 1, False 1.8863346414881998 22.301386945794764 4.945734144593196 0.04539054935072535 0.3453543443668356 0.32354037571251726 
[15], 24, 20, 10, 0.001, 0.05, 1, False 1.7261091019268389 21.985565723443788 4.4547926210274005 0.1306412913683951 1.6111124250032007 0.6594095284084759 
[20], 1, 20, 10, 0.001, 0.05, 1, False 1.8469900614547508 20.701047858217482 4.693191066770662 0.006923538479355008 0.2858411553115979 0.08499221286498322 
[5], 1, 20, 10, 0.001, 0.05, 1, False 1.9163110046061098 21.105570799436933 5.3170299204736695 0.07769192531358599 0.6671346150443807 0.6005893012143201 
[15], 36, 20, 10, 0.001, 0.05, 1, False 1.8278473321072484 23.056114019453556 4.478320742601096 0.09588657726122878 1.3282091942950145 0.478873770854015 
[10], 36, 20, 10, 0.001, 0.05, 1, False 1.828098954429367 23.058823595234518 4.470450129996167 0.10474720114583169 1.4500547276179414 0.3867959196853962 
[15], 12, 20, 10, 0.001, 0.05, 1, False 1.8286261612687396 19.25792098438366 5.220455778028267 0.06920114223394323 0.4692262466974242 0.5572826978971193 
