layers lag time_steps epochs l2 learning_rate mean_mae                         mean_mape mean_mse std mae std_mape std_mse 
[5], 1, 1, 1, 0.001, 0.05, 1, False 3.1310983879284726 73.60145064251218 12.88479372414175 0.28683550432489824 15.44801902934621 2.03979655586822 
[5], 12, 1, 1, 0.001, 0.05, 1, False 4.068914735469002 110.54687315761424 22.219656056015562 0.7426916040449263 22.687289306665452 7.615645653871647 
[5], 1, 15, 5, 0.001, 0.05, 1, False 2.742271689077219 76.967820158608 10.01662524043318 0.13794595536722376 6.163159777341981 1.3268318922744764 
[5], 24, 1, 1, 0.001, 0.05, 1, False 2.769761165569502 58.95939107110072 10.524567958837158 0.259317206173858 9.575787274347107 1.8272317642195404 
[5], 1, 1, 5, 0.001, 0.05, 1, False 3.136792033869359 60.9980307785778 12.746338989206697 0.6942429989681269 12.270113877683887 4.791183302819901 
[10], 1, 1, 1, 0.001, 0.05, 1, False 3.054237260600484 70.50051528508708 12.312471216807205 0.09582679071611208 12.983530797976915 0.36416218498404984 
[5], 12, 1, 5, 0.001, 0.05, 1, False 3.005631414842274 74.90077095445059 11.73311878848893 0.0030932376089271747 3.9236849670906735 0.09848241932983083 
[5], 36, 1, 1, 0.001, 0.05, 1, False 3.344355889123485 79.67337736468524 14.909423983177627 0.3173471589003142 16.457406623593855 2.694453532925687 
[10], 12, 1, 1, 0.001, 0.05, 1, False 3.101827439486429 67.99408020129307 12.906602908988077 0.20493679607398757 13.409343976289524 1.2838683335169379 
[5], 12, 15, 5, 0.001, 0.05, 1, False 2.7467567121541063 80.43099361783885 11.0337846805829 0.46432691241839863 13.984960052596165 3.3085231012040226 
