lags time_steps dense_nodes lstm_nodes processed scales                        epochs l2 learning_rate mean_mae mean_mape mean_mse                         std mae std_mape std_mse 
[1, 24], [24, 5], [1, 5], [20, 20], [0, 1], 1, 0.001, 1, False, False 3.27612527873781 70.95027471698185 13.069058824872334 0.03218942856879548 0.7873135025661605 0.24870940681732304 
[1, 24], [24, 1], [1, 5], [10, 10], [0, 1], 1, 0.001, 1, False, False 3.243862909409735 69.46121405248819 12.901758299860704 0.038649174230033854 0.3503615378517238 0.27281165149454933 
[1, 24], [24, 5], [1, 10], [10, 10], [0, 1], 5, 0.001, 1, False, False 1.5773502677679059 41.73469903226941 4.43276571097888 0.20387122150599102 3.60112475328693 0.9427570993703034 
[1, 24], [24, 1], [1, 5], [20, 20], [0, 1], 5, 0.001, 1, False, False 2.331395267777973 57.59446075685626 7.732201491443456 0.17837315095422723 2.8861037653942736 0.8931519056261671 
[1, 24], [24, 15], [1, 10], [20, 20], [0, 1], 1, 0.001, 1, False, False 3.1502398037248187 68.41332573849245 12.302253983206944 0.10669809041911547 0.16193816363672264 0.7882533107711903 
[1, 24], [24, 10], [1, 10], [10, 10], [0, 1], 1, 0.001, 1, False, False 3.170341482758523 68.28520616201973 12.349292400319152 0.07188314844863801 0.780436666586496 0.527897431151278 
[1, 24], [24, 1], [1, 5], [10, 10], [0, 1], 5, 0.001, 1, False, False 2.5108627329270043 58.2657147650633 8.414482359330192 0.08618437960139579 1.2313506116824964 0.47844861988672654 
[1, 24], [24, 5], [1, 5], [20, 20], [0, 1], 5, 0.001, 1, False, False 1.7098126807698497 45.25558995554737 5.089662653767044 0.3501698672106041 5.775561437920112 1.4378444300286315 
[1, 24], [24, 5], [1, 5], [10, 10], [1], 1, 0.001, 1, False, False 3.220882086621391 68.04403174345782 12.726599441097711 0.018035991753730392 0.18666802924812662 0.08806258588881691 
[1, 24], [24, 10], [1, 5], [20, 20], [1], 1, 0.001, 1, False, False 3.224844788842732 69.3976195715684 12.7147039140754 0.0478594636417767 1.3060692884728304 0.31869250836092566 
[1, 24], [24, 1], [1, 10], [10, 10], [0, 1], 10, 0.001, 1, False, False 1.2988389915338268 34.08359667855686 2.955253300059599 0.03126372211533257 0.1276956399477452 0.12858832105626078 
[1, 24], [24, 5], [1, 5], [20, 20], [1], 5, 0.001, 1, False, False 1.5113031669899268 40.674455346052675 4.184199034348272 0.2586839847372621 5.6734671769556515 1.0611560480914901 
[1, 24], [24, 5], [1, 5], [10, 10], [1], 5, 0.001, 1, False, False 2.4421238146446367 56.64906830814909 8.417897485702708 0.43913973111133153 6.990589360080081 2.0757167599181146 
[1, 24], [24, 10], [1, 5], [20, 20], [1], 5, 0.001, 1, False, False 1.5482203379825312 40.79967080595371 4.317282679764026 0.2097007669740809 4.923497016430328 0.898038553541331 
[1, 24], [24, 10], [1, 10], [20, 20], [0, 1], 5, 0.001, 1, False, False 1.5266736390414062 41.29571841975368 4.3736591466798185 0.26532753877726006 5.147121581976595 0.8670825881402048 
[1, 24], [24, 15], [1, 10], [10, 10], [1], 1, 0.001, 1, False, False 3.1716906663444306 67.49003669461813 12.443238284228213 0.08396391844510234 1.2510864330423939 0.5850817070058446 
[1, 24], [24, 10], [1, 10], [10, 10], [1], 5, 0.001, 1, False, False 1.7681037996654159 43.31755489887262 5.580437094902014 0.6321771225641162 11.147758917018141 2.5623925157533396 
[1, 24], [24, 5], [1, 10], [10, 10], [1], 10, 0.001, 1, False, False 1.2997963253546647 33.037125743187964 2.9518617322248786 0.010207037833626266 0.4912330953981302 0.10049020018650222 
[1, 24], [24, 15], [1, 10], [20, 20], [0, 1], 5, 0.001, 1, False, False 1.275868509102751 34.530815413243864 2.895619681544522 0.013716961178137673 0.9840397383490306 0.4091447664079676 
[1, 24], [24, 10], [1, 10], [10, 10], [0, 1], 5, 0.001, 1, False, False 1.456281818615066 39.37986246717027 3.909170521302278 0.1363873389161847 3.633184264592811 0.6730398857767821 
[1, 24], [24, 5], [1, 10], [20, 20], [0, 1], 10, 0.001, 1, False, False 1.3028201928845158 33.308943391729734 3.0027461861726255 0.055725829954904195 2.2256280854372825 0.19399066048440383 
[1, 24], [24, 10], [1, 10], [20, 20], [1], 10, 0.001, 1, False, False 1.2707976601741933 31.284567721854643 2.6806590825674133 0.0540051246043829 1.2655989699992178 0.1438732073034693 
[1, 24], [24, 15], [1, 10], [20, 20], [1], 5, 0.001, 1, False, False 1.3445211317804127 37.73450321629724 3.452442755616351 0.09347461336856497 3.0702076013728514 0.619711775796605 
[1, 24], [24, 5], [1, 5], [20, 20], [1], 10, 0.001, 1, False, False 1.2811843369294096 33.03562971101982 2.8130630910728933 0.037386897088954596 0.745988632227621 0.18483377869336018 
[1, 24], [24, 5], [1, 10], [10, 10], [0, 1], 10, 0.001, 1, False, False 1.266588084234132 31.622920550634817 2.726753807515646 0.02342681403911222 1.2820861156703123 0.12960171350404165 
[1, 24], [24, 1], [1, 5], [20, 20], [0, 1], 10, 0.001, 1, False, False 1.3210209026380824 37.10841944418573 3.2940078346110635 0.07063505083712317 2.503925392817053 0.39955333840911306 
[1, 24], [24, 15], [1, 10], [10, 10], [1], 5, 0.001, 1, False, False 1.5245501650704274 39.06510710206164 4.292381951854473 0.26077590804648343 5.262008709906012 1.3393789663603524 
[1, 24], [24, 1], [1, 5], [10, 10], [0, 1], 10, 0.001, 1, False, False 1.530788825838654 40.17362705234499 4.031998160743069 0.21300895939663855 6.092578386602971 1.0158852008103487 
[1, 24], [24, 5], [1, 5], [10, 10], [1], 10, 0.001, 1, False, False 1.8898161702685885 43.65306353552453 5.671589183486123 0.816107275918709 15.687459634450326 4.245112344399046 
[1, 24], [24, 10], [1, 5], [20, 20], [1], 10, 0.001, 1, False, False 1.2758730398284068 32.455437690467136 2.8260296396888567 0.05808175071615654 2.5229064696911614 0.3323155320110921 
[1, 24], [24, 5], [1, 5], [20, 20], [0, 1], 10, 0.001, 1, False, False 1.3199847869299077 33.86209442536856 3.016825689926682 0.0854983070838148 1.6156683868309067 0.339178845627458 
[1, 24], [24, 1], [1, 10], [20, 20], [1], 1, 0.001, 1, False, False 3.1609616110722225 67.88185269398471 12.320145738319505 0.08785853626105262 1.3276359593406275 0.588802831718526 
[1, 24], [24, 5], [1, 10], [20, 20], [1], 20, 0.001, 1, False, False 1.1574267188156095 29.355590416262928 2.4439884163622505 0.04202255238047794 1.1076329935733726 0.14546014061372436 
[1, 24], [24, 10], [1, 10], [10, 10], [1], 10, 0.001, 1, False, False 1.281189594776542 30.78264993603118 2.637157960528899 0.04443707672393575 0.8397312701755328 0.12116078975861841 
[1, 24], [24, 1], [1, 5], [10, 10], [1], 10, 0.001, 1, False, False 1.7036520466760354 41.39205320924551 5.026698407855688 0.6117366998282697 12.063670417050561 2.7797544843785635 
[1, 24], [24, 10], [1, 5], [10, 10], [1], 1, 0.001, 1, False, False 3.2107660220728977 68.83435866208329 12.691382726817594 0.04087501847255034 0.5667062790935589 0.25096123922736 
[1, 24], [24, 1], [1, 10], [20, 20], [0, 1], 20, 0.001, 1, False, False 1.1976563119226034 30.535009751319205 2.533135778859265 0.059479280923623326 2.547233018666838 0.3426364676611078 
[1, 24], [24, 1], [1, 10], [20, 20], [1], 5, 0.001, 1, False, False 1.6038637909624314 41.96761666207086 4.417576118834411 0.2495869578154282 5.539411035014337 0.8590140990906074 
[1, 24, 48], [24, 1, 1], [1, 10, 10], [10, 10, 10], [0, 1, 2], 1, 0.001, 1, False, False 3.162102775441275 67.89666473887901 12.397330439548426 0.043674081773826305 0.6797467967075058 0.24284389177564658 
[1, 24], [24, 15], [1, 5], [10, 10], [0, 1], 10, 0.001, 1, False, False 1.397038403043041 36.54610807389938 3.3768436736488714 0.07674228562792901 3.579813710683278 0.5034661096281645 
[1, 24], [24, 5], [1, 5], [10, 10], [0, 1], 1, 0.001, 1, False, False 3.2586317075623406 69.72389010163216 12.96558017199007 0.044045888948975986 0.6186386196305486 0.2815524828492622 
[1, 24], [24, 10], [1, 5], [10, 10], [1], 5, 0.001, 1, False, False 2.2518195782546644 53.21388986883472 7.820673938248547 0.7238160280977253 11.064068781979042 3.770364552394242 
[1, 24], [24, 1], [1, 10], [20, 20], [1], 10, 0.001, 1, False, False 1.28400878481291 32.32291262179275 2.8442550193718006 0.019004383421071084 0.8513216692994791 0.088867684516796 
[1, 24], [24, 1], [1, 5], [20, 20], [1], 20, 0.001, 1, False, False 1.1979024510140774 29.997394810911207 2.467314723313192 0.02152403502005759 0.7000056691059636 0.11307791234285831 
[1, 24, 48], [24, 10, 1], [1, 5, 5], [10, 10, 10], [0, 1, 2], 1, 0.001, 1, False, False 3.176839650008413 68.29937788591127 12.435898489563849 0.06713317599620505 1.183894917906734 0.4242366490400214 
[1, 24, 48], [24, 5, 1], [1, 10, 10], [20, 20, 20], [0, 1, 2], 1, 0.001, 1, False, False 2.9696436136960984 66.82958782905389 11.134591096440623 0.19993858717259383 3.1297838891384377 1.2212542852138906 
[1, 24, 48], [24, 15, 1], [1, 5, 5], [20, 20, 20], [0, 1, 2], 1, 0.001, 1, False, False 3.110383528139856 69.17600298261088 11.972409180308548 0.15047560357678308 2.387703908174009 1.0109825328566941 
[1, 24, 48], [24, 15, 5], [1, 10, 10], [10, 10, 10], [0, 1, 2], 1, 0.001, 1, False, False 3.116608067353567 67.774439567373 11.989753082715959 0.132718584863832 1.9701130595527556 0.8578533362104006 
[1, 24], [24, 1], [1, 10], [10, 10], [1], 1, 0.001, 1, False, False 3.3012877394755686 69.02460074963453 13.333243176891626 0.02632107795317418 0.36962802361561053 0.16925178517100561 
[1, 24], [24, 5], [1, 10], [10, 10], [1], 20, 0.001, 1, False, False 1.1514805807007684 28.371755757910766 2.2708746096852357 0.012581171955748335 0.4858573786092976 0.053528449781150615 
[1, 24], [24, 15], [1, 10], [20, 20], [1], 10, 0.001, 1, False, False 1.3627452980037091 33.47238367968313 3.062048195758663 0.0165922357573118 1.1947578673604302 0.20421547357376532 
[1, 24], [24, 5], [1, 10], [20, 20], [1], 1, 0.001, 1, False, False 3.2065351214673785 68.8739283459813 12.605696610636246 0.015549380703335043 0.2148875947924287 0.14049146857786168 
[1, 24], [24, 15], [1, 10], [10, 10], [1], 10, 0.001, 1, False, False 1.2834248110100075 31.27359055641165 2.6051464752733238 0.019365726296232223 0.3877131543671471 0.10319030431551963 
[1, 24], [24, 10], [1, 5], [10, 10], [0, 1], 20, 0.001, 1, False, False 1.341127359867096 33.5604506832052 3.0308134209574735 0.07628948607248581 1.2005133792782903 0.23997464541340172 
[1, 24], [24, 1], [1, 10], [10, 10], [1], 5, 0.001, 1, False, False 2.040419431196319 50.72557394223463 6.454826763726678 0.4415371226031992 8.037860077740008 2.090788970149071 
[1, 24], [24, 1], [1, 5], [10, 10], [1], 20, 0.001, 1, False, False 1.2061123919707761 30.420303021316574 2.457393015693203 0.07508889468323168 1.656523334021242 0.14444825555734225 
[1, 24], [24, 5], [1, 5], [10, 10], [0, 1], 5, 0.001, 1, False, False 2.220757224493557 53.15576509134521 7.473886178932463 0.686155464875566 11.825409145687713 3.201477266170514 
[1, 24], [24, 10], [1, 10], [20, 20], [1], 20, 0.001, 1, False, False 1.16759118658525 28.561762426055207 2.4328058879269725 0.07057847945793841 1.4329058079752917 0.23432599724865316 
[1, 24, 48], [24, 1, 1], [1, 10, 10], [20, 20, 20], [0, 1, 2], 5, 0.001, 1, False, False 1.3673445618814892 34.92699815007693 3.0734190456697816 0.0695494100583121 2.072357019559724 0.502738416427499 
[1, 24], [24, 1], [1, 5], [20, 20], [1], 1, 0.001, 1, False, False 3.256846616665523 68.42608691525497 13.040778534423602 0.05588725362424274 0.35680629111648654 0.397759059851434 
[1, 24], [24, 10], [1, 5], [20, 20], [0, 1], 1, 0.001, 1, False, False 3.2297945929898155 69.98577931287122 12.860683607385488 0.04615802803781489 0.44434101450068875 0.28112281919816157 
[1, 24], [24, 15], [1, 5], [10, 10], [1], 1, 0.001, 1, False, False 3.2781960586706798 69.04886529305998 13.175063126258358 0.03444551631144557 0.3759476464941584 0.2282250269613146 
[1, 24], [24, 10], [1, 10], [20, 20], [0, 1], 10, 0.001, 1, False, False 1.3663559703915207 33.81891209293883 3.0955587818400674 0.04089769739703404 1.5672661475497076 0.32495134126512737 
[1, 24], [24, 15], [1, 5], [10, 10], [1], 20, 0.001, 1, False, False 1.237443317031419 30.73155602834503 2.541190249552491 0.05349036283685329 0.8705010560509208 0.12035377935229884 
[1, 24], [24, 5], [1, 5], [20, 20], [1], 20, 0.001, 1, False, False 1.162561458018091 29.357165086267987 2.397680106428218 0.04999150818213825 2.316998607280651 0.23155780602345258 
[1, 24, 48], [24, 15, 15], [1, 10, 10], [20, 20, 20], [0, 1, 2], 1, 0.001, 1, False, False 2.903621071245935 65.92736028493464 10.71822447677475 0.18327971208580776 2.8897617018866684 1.2326006680100678 
[1, 24], [24, 15], [1, 5], [20, 20], [1], 1, 0.001, 1, False, False 3.217758161822955 68.73060676606754 12.797481377658114 0.10314775890099426 2.0992320775092366 0.6956535767064083 
[1, 24], [24, 5], [1, 10], [20, 20], [1], 5, 0.001, 1, False, False 1.337258851528168 36.947897290596465 3.510478007461888 0.006553938021817129 1.1757460191076612 0.14729314666706206 
[1, 24], [24, 5], [1, 10], [10, 10], [1], 1, 0.001, 1, False, False 3.220163780781958 68.29420642311415 12.746122441369232 0.013137657752991248 0.5134828039298953 0.059569871872492235 
[1, 24], [24, 10], [1, 5], [10, 10], [1], 10, 0.001, 1, False, False 1.261047373877631 31.3310630962936 2.6160983497946373 0.05352890526124446 2.645448443092495 0.2851648377362251 
[1, 24], [24, 5], [1, 5], [10, 10], [1], 20, 0.001, 1, False, False 1.1900550627046163 29.91179542116475 2.491537474672 0.06888798400129362 1.6693858857588275 0.20512880068336725 
[1, 24, 48], [24, 1, 1], [1, 10, 10], [10, 10, 10], [0, 1, 2], 5, 0.001, 1, False, False 1.3270057436492706 35.45205826298052 3.0849380098789325 0.05530000236857271 1.3836888419115385 0.5203750813723055 
[1, 24], [24, 1], [1, 5], [20, 20], [1], 5, 0.001, 1, False, False 2.5028705871767465 57.71825344191367 8.678128944444582 0.43341095469909396 6.369478429594504 2.0869051034886565 
[1, 24], [24, 1], [1, 10], [10, 10], [1], 10, 0.001, 1, False, False 1.226030780706141 30.989109077768816 2.5294030598999306 0.013892333208233822 0.600883235651353 0.08242799692528113 
[1, 24], [24, 10], [1, 10], [10, 10], [1], 20, 0.001, 1, False, False 1.1625444979027468 28.978593444409213 2.3857124653554678 0.023712935228937537 0.21840382722047502 0.03912327783100437 
[1, 24], [24, 5], [1, 5], [20, 20], [1], 1, 0.001, 1, False, False 3.264833710259861 69.36940976575579 13.046254604132477 0.032791937041356654 0.9449571815491711 0.1933040625552825 
[1, 24], [24, 15], [1, 10], [20, 20], [0, 1], 10, 0.001, 1, False, False 1.3514152872341654 33.32280687242689 2.8892927637554924 0.0037797845857235972 0.48339775799903695 0.07645232444656004 
[1, 24], [24, 10], [1, 10], [10, 10], [0, 1], 10, 0.001, 1, False, False 1.36301743493036 33.7464187057976 3.0130265843145776 0.03718770923616556 0.81037431192658 0.1873948560015273 
[1, 24], [24, 1], [1, 10], [20, 20], [1], 20, 0.001, 1, False, False 1.1821067161582137 30.226242398059984 2.4979281265073108 0.025820488511328763 1.068081736888407 0.15428290032633007 
[1, 24], [24, 10], [1, 10], [20, 20], [1], 1, 0.001, 1, False, False 2.878500518865055 64.38318085586593 10.606306017342979 0.27618265276453347 3.5067306674599523 1.4365577184644767 
[1, 24], [24, 15], [1, 5], [10, 10], [1], 5, 0.001, 1, False, False 2.4896120154195365 56.78457829725622 8.690905903805504 0.4806618888468658 8.26772897372648 2.3395735638499335 
[1, 24], [24, 10], [1, 5], [20, 20], [1], 20, 0.001, 1, False, False 1.2631259365766137 32.1757667731006 2.836999746105672 0.14078841414434792 3.426483760944249 0.4435873163450835 
[1, 24], [24, 10], [1, 10], [10, 10], [1], 1, 0.001, 1, False, False 3.145553693175316 67.37092932715444 12.224752842507897 0.01967426860619094 0.09909394899158808 0.10665662775541608 
[1, 24], [24, 1], [1, 10], [10, 10], [0, 1], 20, 0.001, 1, False, False 1.1901058495044712 30.4181949030591 2.5527917421296364 0.020536166763113973 1.5377207014362515 0.11048868151983098 
[1, 24], [24, 5], [1, 10], [10, 10], [1], 5, 0.001, 1, False, False 1.9022236873706184 48.62442310067404 5.773419693755556 0.16267732440617325 3.1881689339215806 0.685097000130983 
[1, 24], [24, 15], [1, 5], [20, 20], [1], 5, 0.001, 1, False, False 2.2626917511224747 53.242088341763214 7.543359255536234 0.7180520367559189 12.97950567196411 3.314064556469848 
[1, 24], [24, 1], [1, 10], [20, 20], [0, 1], 1, 0.001, 1, False, False 3.177716126706865 69.28855629629032 12.458368418242513 0.0661465506022514 0.45350381636788134 0.4391077373323309 
[1, 24, 48], [24, 15, 1], [1, 10, 10], [10, 10, 10], [0, 1, 2], 5, 0.001, 1, False, False 1.3097124127878086 35.36365111734403 3.270823013396831 0.07596855368438807 1.7318213336136503 0.4762674821088812 
[1, 24, 48], [24, 15, 5], [1, 10, 10], [20, 20, 20], [0, 1, 2], 5, 0.001, 1, False, False 1.3484269592497087 33.99655209892492 3.061337197217469 0.04831978380402382 0.8990378388297925 0.15583852695211817 
[1, 24], [24, 1], [1, 5], [20, 20], [1], 10, 0.001, 1, False, False 1.2393687583782056 32.189867124487265 2.655073230445705 0.039246890579887436 1.6933114119105224 0.2815118870154774 
[1, 24], [24, 15], [1, 5], [20, 20], [0, 1], 20, 0.001, 1, False, False 1.3159398923869485 31.405383603647078 2.8728430024982394 0.016292670422546545 0.8277151296257119 0.05775050739431492 
[1, 24, 48], [24, 10, 1], [1, 5, 5], [20, 20, 20], [0, 1, 2], 5, 0.001, 1, False, False 1.8370095017883514 48.387184046644855 5.701573189199177 0.525784240140679 10.081257294635002 2.3391836225903115 
[1, 24], [24, 10], [1, 10], [20, 20], [1], 5, 0.001, 1, False, False 1.5611485885249243 40.91035349704515 4.647753978021419 0.1408184471083255 2.8069966885416893 0.3589093916249862 
[1, 24, 48], [24, 5, 1], [1, 5, 5], [10, 10, 10], [0, 1, 2], 5, 0.001, 1, False, False 1.3166785224720285 34.90065304688113 3.1417237469338173 0.022288717845759042 1.1596138554791846 0.33163432725322006 
[1, 24], [24, 10], [1, 5], [20, 20], [0, 1], 5, 0.001, 1, False, False 2.013502807363316 49.658213388838305 6.297379247125651 0.5143842764733655 10.563426735736144 2.342532625407976 
[1, 24], [24, 15], [1, 10], [10, 10], [0, 1], 1, 0.001, 1, False, False 3.1179049866067037 67.51860981110725 12.180812634371037 0.17674867753473741 1.685773708085149 1.0950186995793554 
[1, 24], [24, 5], [1, 10], [20, 20], [1], 10, 0.001, 1, False, False 1.2677320227578834 32.362037354264544 2.779696946904856 0.03726581061112052 1.5136957935665265 0.19805223560053892 
[1, 24, 48], [24, 15, 15], [1, 5, 5], [10, 10, 10], [0, 1, 2], 5, 0.001, 1, False, False 1.3342055171176241 36.09121717026724 3.345732810951341 0.054302553946275825 3.1709431642540347 0.5564492136256834 
[1, 24, 48], [24, 10, 1], [1, 5, 5], [10, 10, 10], [0, 1, 2], 5, 0.001, 1, False, False 1.5103676242960828 38.46471674674705 4.065137496530492 0.22533662378696162 5.1052288614168315 0.9393269419165161 
[1, 24, 48], [24, 15, 1], [1, 5, 5], [20, 20, 20], [0, 1, 2], 5, 0.001, 1, False, False 1.3675487062445393 36.9862892124873 3.189056798437832 0.06896296714483437 2.615575493089121 0.28469268103405326 
[1, 24, 48], [24, 5, 1], [1, 10, 10], [20, 20, 20], [0, 1, 2], 5, 0.001, 1, False, False 1.3400323164131906 34.07776808516379 2.9976668578629035 0.010066197125342154 0.5665627695786658 0.10640520785643053 
[1, 24], [24, 15], [1, 5], [10, 10], [1], 10, 0.001, 1, False, False 1.197463686598672 29.901521192232476 2.326393727595891 0.032451814621307994 0.8430197031820461 0.19246718424995532 
[1, 24, 48], [24, 15, 5], [1, 10, 10], [10, 10, 10], [0, 1, 2], 5, 0.001, 1, False, False 1.3078569811803324 33.983997120869866 3.1331007450220167 0.027817033497390065 1.0295942898116994 0.12965750970624002 
[1, 24, 48], [24, 1, 1], [1, 5, 5], [10, 10, 10], [0, 1, 2], 10, 0.001, 1, False, False 1.299172854423523 33.09533949564448 2.8327588543715354 0.009304692794024752 0.7223261302864744 0.12882958388151916 
[1, 24], [24, 1], [1, 10], [10, 10], [1], 20, 0.001, 1, False, False 1.162596781772596 30.090080160984698 2.4400143087610076 0.034048879433615536 0.9895634505329547 0.0931232478708715 
[1, 24, 48], [24, 1, 1], [1, 5, 5], [10, 10, 10], [1, 2], 1, 0.001, 1, False, False 3.218474869595634 68.55344835263249 12.731532783023697 0.03219868397139619 0.31066053128136767 0.22028310050037503 
[1, 24, 48], [24, 10, 1], [1, 5, 5], [20, 20, 20], [1, 2], 1, 0.001, 1, False, False 3.113056835863325 68.22512351382527 11.954758851380227 0.08581729618855954 0.9840681092416435 0.5553410128723311 
[1, 24, 48], [24, 15, 5], [1, 5, 5], [10, 10, 10], [0, 1, 2], 10, 0.001, 1, False, False 1.2600401416420937 31.091024086266998 2.6334745041219922 0.05245710299377019 1.2725957734107196 0.19241659746716797 
[1, 24], [24, 5], [1, 5], [10, 10], [0, 1], 10, 0.001, 1, False, False 1.2544530785746044 33.201712347214226 2.756266344372184 0.051240791097034416 1.2264171913083084 0.2774772278722748 
[1, 24], [24, 5], [1, 10], [10, 10], [0, 1], 20, 0.001, 1, False, False 1.1833810087155416 30.40169255003421 2.5478315212447904 0.045826339247510076 1.5046472242197282 0.1662863648051648 
[1, 24], [24, 1], [1, 10], [20, 20], [0, 1], 5, 0.001, 1, False, False 1.5663706251868492 42.749311276157925 4.3863353580303235 0.1400425518554056 2.9997491873614477 0.5031047561287173 
[1, 24, 48], [24, 15, 15], [1, 10, 10], [20, 20, 20], [0, 1, 2], 5, 0.001, 1, False, False 1.2526777481591262 32.95380909169622 2.7214293296559657 0.054541402685468296 0.4126178328902536 0.047907505866686115 
[1, 24], [24, 1], [1, 5], [20, 20], [0, 1], 20, 0.001, 1, False, False 1.3000526342127061 33.62460599690226 3.0868552304541432 0.06219231766135867 1.4735953498642962 0.25305375767410426 
[1, 24], [24, 5], [1, 10], [20, 20], [0, 1], 1, 0.001, 1, False, False 3.174225332339605 69.01671416477247 12.400384076992857 0.05123179539114934 0.15019120277322337 0.3237967083082681 
[1, 24], [24, 1], [1, 5], [10, 10], [0, 1], 20, 0.001, 1, False, False 1.270180511860936 32.290373541063396 2.837992577187759 0.027683498570803402 0.361437180723981 0.14340118582870734 
[1, 24], [24, 15], [1, 5], [20, 20], [1], 10, 0.001, 1, False, False 1.5405558976862166 38.0261647272821 3.9946854095054323 0.4054290474112774 9.964790687160333 1.977614059646635 
[1, 24], [24, 1], [1, 10], [10, 10], [0, 1], 1, 0.001, 1, False, False 3.236844860845142 69.06704307682257 12.815604145296648 0.057512146431569634 0.7643358079249227 0.3910211438991052 
[1, 24], [24, 5], [1, 5], [20, 20], [0, 1], 20, 0.001, 1, False, False 1.2876852580794584 32.62679746842279 2.9608449951562132 0.05290617760839133 1.0025578343831123 0.18170385619792856 
[1, 24], [24, 15], [1, 10], [20, 20], [1], 20, 0.001, 1, False, False 1.1739390427315677 28.904123815218384 2.369106742988929 0.04474590389024339 1.7405861060909984 0.20462243885041367 
[1, 24], [24, 1], [1, 5], [20, 20], [0, 1], 1, 0.001, 1, False, False 3.289749445848995 71.1130352401491 13.162849601725355 0.009060733442273042 0.40853584802340037 0.08265610811497336 
[1, 24, 48], [24, 15, 10], [1, 5, 5], [10, 10, 10], [1, 2], 5, 0.001, 1, False, False 1.354045587502144 34.99945378189915 3.3351795507641095 0.043786552141635536 2.1459991351404506 0.41650011876310805 
[1, 24, 48], [24, 1, 1], [1, 5, 5], [20, 20, 20], [1, 2], 5, 0.001, 1, False, False 1.2919063137637246 34.81605589590452 3.2797194544676613 0.06679889537561967 2.5164150003222385 0.47767595849508687 
[1, 24], [24, 1], [1, 5], [10, 10], [1], 1, 0.001, 1, False, False 3.2671489566564564 68.50795423805602 13.061964746700312 0.025066269040379046 0.5734098119564005 0.13404215659951746 
[1, 24], [24, 15], [1, 10], [10, 10], [1], 20, 0.001, 1, False, False 1.1355751261115075 27.812165864684246 2.169212337802041 0.03367383103804118 0.6289127356527822 0.12179940402849392 
[1, 24, 48], [24, 10, 1], [1, 5, 5], [20, 20, 20], [1, 2], 5, 0.001, 1, False, False 2.0533043715688915 49.923395682231664 6.522784651982857 0.5691664423063395 11.322995046902113 2.492019154100045 
[1, 24], [24, 5], [1, 10], [10, 10], [0, 1], 1, 0.001, 1, False, False 3.2221502029233506 68.93274869755656 12.783316968255733 0.038262758569585664 0.2604604581745729 0.2459825881575597 
[1, 24], [24, 5], [1, 10], [20, 20], [0, 1], 20, 0.001, 1, False, False 1.259689211735019 31.561951173079606 2.869844542310188 0.04657484370273638 1.053889725586301 0.2077296103500049 
[1, 24, 48], [24, 15, 5], [1, 5, 5], [10, 10, 10], [1, 2], 1, 0.001, 1, False, False 3.141362593240208 68.2525436414348 12.17797786935563 0.1010168600557693 0.9540718806075668 0.7091585537645697 
[1, 24, 48], [24, 1, 1], [1, 5, 5], [10, 10, 10], [1, 2], 5, 0.001, 1, False, False 1.3794491052627562 37.11027592166614 3.4657399737225325 0.08996437523180643 2.214855456273003 0.49726235972343114 
[1, 24], [24, 15], [1, 10], [20, 20], [1], 1, 0.001, 1, False, False 3.0670288830995562 67.10622758663426 11.698389595131024 0.09968814195362324 1.1860101766378854 0.6910029432527148 
[1, 24], [24, 15], [1, 10], [10, 10], [0, 1], 5, 0.001, 1, False, False 2.0405023255833874 49.94242716351993 6.543254058274049 0.3216266991196308 6.894020474503464 1.1612139004488973 
[1, 24], [24, 10], [1, 5], [10, 10], [1], 20, 0.001, 1, False, False 1.1665895152975014 27.32963878438052 2.224557662653762 0.057945687631777015 1.4306129718576213 0.21258089280268871 
[1, 24, 48], [24, 15, 1], [1, 10, 10], [20, 20, 20], [0, 1, 2], 10, 0.001, 1, False, False 1.2470822312765655 31.450767831015053 2.682638541575013 0.0550056655139446 1.749671196560474 0.1889882209370785 
[1, 24], [24, 10], [1, 5], [10, 10], [0, 1], 1, 0.001, 1, False, False 3.294272836711672 70.14749437083977 13.237316207007117 0.008261159291017473 0.8258088805287362 0.04781096063376846 
[1, 24, 48], [24, 15, 1], [1, 10, 10], [10, 10, 10], [0, 1, 2], 10, 0.001, 1, False, False 1.2267942116768273 30.174359925117045 2.505142231106511 0.04627624623944447 1.0789241470310895 0.1495523774149765 
[1, 24, 48], [24, 5, 1], [1, 5, 5], [20, 20, 20], [0, 1, 2], 10, 0.001, 1, False, False 1.2925314212286914 33.072954311962015 2.8115304708208613 0.041652250778217256 1.2831655177212538 0.1662689343728783 
[1, 24], [24, 1], [1, 5], [10, 10], [1], 5, 0.001, 1, False, False 2.7705583198202977 62.14662636510485 10.136035500947719 0.3779411694097117 5.177930618858299 1.9557769375097875 
[1, 24, 48], [24, 5, 1], [1, 5, 5], [10, 10, 10], [2], 1, 0.001, 1, False, False 3.2525677614741855 68.33582683435338 13.021900850430322 0.047681487833995506 0.5488560658819839 0.3203150793524185 
[1, 24, 48], [24, 1, 1], [1, 10, 10], [20, 20, 20], [0, 1, 2], 10, 0.001, 1, False, False 1.233130173329954 30.59398649828701 2.597046945905987 0.03265668417770996 1.5006172656751382 0.1635892375708064 
[1, 24, 48], [24, 20, 5], [1, 5, 5], [20, 20, 20], [2], 1, 0.001, 1, False, False 3.2580853700637813 69.87024799919685 12.930701770425252 0.03801574367350758 0.4081476641545674 0.30444566544315715 
[1, 24, 48], [24, 20, 15], [1, 10, 10], [20, 20, 20], [2], 1, 0.001, 1, False, False 3.0917114959822762 67.42260219925087 11.904563817364782 0.15617739607268097 2.274875664974447 1.0443124144206466 
[1, 24, 48], [24, 20, 10], [1, 10, 10], [10, 10, 10], [2], 1, 0.001, 1, False, False 3.160565265350872 67.13222065096353 12.430927276534197 0.14225135676347486 1.8692884433080446 0.8922526919739708 
[1, 24], [24, 5], [1, 10], [20, 20], [0, 1], 5, 0.001, 1, False, False 1.6281137226908295 42.20950974107689 4.659652131565903 0.49077222822399386 10.357827659484148 2.2471331013847973 
[1, 24, 48], [24, 1, 1], [1, 5, 5], [20, 20, 20], [0, 1, 2], 20, 0.001, 1, False, False 1.2231273865258252 31.194422060474867 2.6688504705429246 0.010477502420555182 1.4079066535020148 0.14096348715367873 
[1, 24], [24, 1], [1, 10], [10, 10], [0, 1], 5, 0.001, 1, False, False 2.769679811265734 62.72775810143289 10.139045895480384 0.37468540302848186 5.089545961666543 1.9663926766780826 
[1, 24, 48], [24, 5, 1], [1, 5, 5], [10, 10, 10], [1, 2], 10, 0.001, 1, False, False 1.2843154359746862 32.127094098087355 2.7397150445330385 0.012228190271669503 0.39095826889988816 0.0948140867353627 
[1, 24, 48], [24, 5, 1], [1, 5, 5], [20, 20, 20], [2], 5, 0.001, 1, False, False 2.075590778666514 48.34758001395405 6.579215066971455 0.49264803799672 8.528995657166188 2.114969740416935 
[1, 24, 48], [24, 20, 5], [1, 10, 10], [10, 10, 10], [2], 5, 0.001, 1, False, False 1.6467542101939523 41.43027374949142 4.586749843652252 0.26815454723042564 6.691102694426399 1.4196330998785747 
[1, 24, 48], [24, 15, 5], [1, 5, 5], [20, 20, 20], [1, 2], 5, 0.001, 1, False, False 1.3430105876039578 34.55809710455367 3.1024717938657136 0.10128738004678765 2.5347576060869477 0.36699837189504353 
[1, 24, 48], [24, 5, 1], [1, 10, 10], [10, 10, 10], [0, 1, 2], 1, 0.001, 1, False, False 3.066485622194078 67.17872938686074 11.720457871598782 0.09761433554248343 1.3498426310388731 0.6218997391285348 
[1, 24, 48], [24, 20, 10], [1, 10, 10], [20, 20, 20], [2], 5, 0.001, 1, False, False 1.2786332486404313 33.046678025843796 2.9566598535607267 0.1310737592278163 3.452684986807573 0.656175319217052 
[1, 24], [24, 10], [1, 5], [20, 20], [0, 1], 10, 0.001, 1, False, False 1.3547444072034625 34.5160921164018 3.32497525094313 0.04970105897778932 2.3808727388222293 0.3082840993990179 
[1, 24, 48], [24, 5, 1], [1, 5, 5], [10, 10, 10], [2], 5, 0.001, 1, False, False 1.5676968633024781 39.7349066441134 4.298336588703854 0.04389345248024566 0.7986486707971001 0.10616963025562218 
[1, 24, 48], [24, 20, 5], [1, 5, 5], [20, 20, 20], [2], 5, 0.001, 1, False, False 1.8000677710330046 45.46082446804269 5.07335204430385 0.31101370483002977 7.186912320661386 1.6183947421873492 
[1, 24, 48], [24, 1, 1], [1, 10, 10], [10, 10, 10], [0, 1, 2], 10, 0.001, 1, False, False 1.252841657344942 31.18106352496281 2.676813654473398 0.057924728205322795 1.3832265114870834 0.2632059471626707 
[1, 24, 48], [24, 20, 10], [1, 10, 10], [10, 10, 10], [2], 5, 0.001, 1, False, False 1.4987966591009387 38.659023204402345 4.1026260474392116 0.13425747592112552 2.588913046755322 0.6327605157181467 
[1, 24, 48], [24, 20, 15], [1, 10, 10], [20, 20, 20], [2], 5, 0.001, 1, False, False 1.6673101752996446 41.30386460971871 4.832670269978267 0.45918668350667347 9.552316948244725 2.1185655419125564 
[1, 24], [24, 1], [1, 10], [20, 20], [0, 1], 10, 0.001, 1, False, False 1.316517482587585 33.05497439786141 2.886938234165934 0.010772966827745674 0.5972370162741628 0.10583085936749896 
[1, 24, 48], [24, 15, 5], [1, 5, 5], [10, 10, 10], [1, 2], 5, 0.001, 1, False, False 1.4043925214144917 36.94039962015993 3.569033613539304 0.129540900989465 3.6370098908092383 0.5773978756855037 
[1, 24], [24, 15], [1, 5], [10, 10], [0, 1], 20, 0.001, 1, False, False 1.3238553751398017 32.21030358399585 3.0532466511783416 0.09272990426201008 1.628484831543928 0.41954545987719777 
[1, 24, 48], [24, 5, 1], [1, 10, 10], [10, 10, 10], [2], 10, 0.001, 1, False, False 1.2814662885886652 32.00129169253645 2.6954799597950116 0.10899728940906084 2.786790301125122 0.395457879079054 
[1, 24, 48], [24, 20, 5], [1, 10, 10], [20, 20, 20], [2], 10, 0.001, 1, False, False 1.2820374958493093 32.21725865515058 2.756564366786765 0.03487174939405985 0.8243923678016061 0.02023665852894587 
[1, 24], [24, 10], [1, 5], [10, 10], [0, 1], 5, 0.001, 1, False, False 1.6733973049455217 44.73794556111219 4.881435304651766 0.161132066798802 2.998574601665816 0.6617525304244734 
[1, 24], [24, 15], [1, 5], [20, 20], [0, 1], 1, 0.001, 1, False, False 3.24170800447464 69.75344944297952 12.852624385122732 0.04336278767819579 1.102270331483609 0.2893637063440129 
[1, 24, 48], [24, 15, 5], [1, 5, 5], [20, 20, 20], [0, 1, 2], 20, 0.001, 1, False, False 1.1417329383117183 28.417275811402675 2.2388817291726504 0.018052269190513667 0.5654725853285585 0.09140901089939069 
[1, 24, 48], [24, 15, 10], [1, 5, 5], [20, 20, 20], [1, 2], 10, 0.001, 1, False, False 1.2710180477411661 31.44268548139205 2.762923206809049 0.07346668517066114 1.2245453094872485 0.18109302069780925 
[1, 24, 48], [24, 20, 15], [1, 5, 5], [10, 10, 10], [2], 10, 0.001, 1, False, False 1.2402786600368996 29.991795030017048 2.3714924785060987 0.07902435879795919 2.267152309991215 0.29474580617478446 
[1, 24, 48], [24, 10, 1], [1, 5, 5], [20, 20, 20], [1, 2], 10, 0.001, 1, False, False 1.3493080224151965 33.97298481548713 2.946184078533323 0.0327794233617223 1.034061936033765 0.17892215860365673 
[1, 24, 48], [24, 1, 1], [1, 5, 5], [20, 20, 20], [1, 2], 10, 0.001, 1, False, False 1.2700415784562076 32.336193921661874 2.731075211496646 0.03519032301547674 1.8354537588923272 0.180465786419058 
[1, 24, 48], [24, 15, 10], [1, 5, 5], [10, 10, 10], [1, 2], 10, 0.001, 1, False, False 1.2738030643926725 32.08025685958141 2.803734921342793 0.04253006864445976 0.6481790969026784 0.10002007954302856 
[1, 24, 48], [24, 15, 15], [1, 10, 10], [10, 10, 10], [0, 1, 2], 1, 0.001, 1, False, False 2.9707589321666297 64.82899055854143 11.341974677453473 0.26064919178279267 3.2537795942526033 1.4172684295524636 
[1, 24, 48], [24, 5, 1], [1, 5, 5], [20, 20, 20], [1, 2], 20, 0.001, 1, False, False 1.221889934550833 30.33654010161517 2.4655490012138634 0.06392160684647752 1.3335383134328422 0.10809421963166896 
[1, 24, 48], [24, 15, 15], [1, 5, 5], [20, 20, 20], [0, 1, 2], 10, 0.001, 1, False, False 1.29722351177975 32.175274023785775 2.7882902819391777 0.023920941916546933 0.29694058187514744 0.06780258595924857 
[1, 24, 48], [24, 5, 1], [1, 5, 5], [20, 20, 20], [2], 10, 0.001, 1, False, False 1.2574048688566244 31.280446928814925 2.772838007670765 0.04600728728546552 0.19423449804319534 0.365972766648881 
[1, 24, 48], [24, 1, 1], [1, 5, 5], [10, 10, 10], [1, 2], 10, 0.001, 1, False, False 1.2727293250185472 31.05267077057512 2.635801367726983 0.08251890651669923 1.4587386709209444 0.2671607640166051 
[1, 24, 48], [24, 15, 15], [1, 5, 5], [10, 10, 10], [0, 1, 2], 10, 0.001, 1, False, False 1.183950564541199 29.50698174568339 2.494037461918699 0.055954434366507676 0.4176479396112791 0.1607749450598224 
[1, 24, 48], [24, 20, 5], [1, 10, 10], [10, 10, 10], [2], 10, 0.001, 1, False, False 1.2701039690110418 31.810664162088088 2.656648616480188 0.09110169013329819 1.038587131738248 0.14108851823383126 
[1, 24, 48], [24, 10, 1], [1, 5, 5], [10, 10, 10], [1, 2], 1, 0.001, 1, False, False 3.2066736184888414 68.52911616039732 12.652829974719962 0.04752364281817341 1.1405895329837716 0.2872995058932596 
[1, 24, 48], [24, 5, 1], [1, 10, 10], [10, 10, 10], [0, 1, 2], 5, 0.001, 1, False, False 1.3005013802537213 33.66361267160414 2.795259741699408 0.04818089904058666 2.240947993594441 0.2393037701649654 
[1, 24, 48], [24, 5, 1], [1, 5, 5], [10, 10, 10], [2], 10, 0.001, 1, False, False 1.3525735811502846 33.987691134593085 2.98005823859792 0.11193423716002761 2.0778076901558973 0.24494967281784005 
[1, 24, 48], [24, 20, 5], [1, 5, 5], [20, 20, 20], [2], 10, 0.001, 1, False, False 1.4094524947029574 35.432128477650515 3.28059376639143 0.06491198927425551 1.0560061913611474 0.20291871253276153 
[1, 24, 48], [24, 20, 10], [1, 10, 10], [20, 20, 20], [2], 10, 0.001, 1, False, False 1.187901677908721 29.098830356004758 2.410887677209782 0.14105267990440895 3.205812429112081 0.46240671383790816 
[1, 24, 48], [24, 5, 1], [1, 5, 5], [10, 10, 10], [0, 1, 2], 10, 0.001, 1, False, False 1.3162620362860185 33.27584177909993 2.838760930485144 0.029690702499091427 0.46204043240644543 0.07666222934282087 
[1, 24, 48], [24, 10, 1], [1, 5, 5], [20, 20, 20], [0, 1, 2], 10, 0.001, 1, False, False 1.239816776801039 31.262873750008186 2.747408208119128 0.009263325392972466 0.84886221813138 0.032936218730671485 
[1, 24, 48], [24, 15, 1], [1, 10, 10], [10, 10, 10], [0, 1, 2], 10, 0.001, 1, False, False 1.2492310133797153 30.675628190945684 2.6378208823687608 0.04868228821075278 1.041473751748061 0.17570992781042638 
[1, 24, 48], [24, 20, 15], [1, 10, 10], [20, 20, 20], [2], 10, 0.001, 1, False, False 1.1828347171898244 29.68866613241073 2.486379722829571 0.07617313564809877 1.6259771236469462 0.3503993311981189 
[1, 24, 48], [24, 20, 10], [1, 10, 10], [10, 10, 10], [2], 10, 0.001, 1, False, False 1.1841499219338099 28.518774781904 2.391330137709998 0.050054151945997064 1.3330361438488816 0.17012913230606114 
[1, 24], [24, 15], [1, 5], [20, 20], [1], 20, 0.001, 1, False, False 1.1932442662340625 28.673580058835228 2.465398573106505 0.08255268118511387 1.902038658499151 0.3686238351500031 
[1, 24, 48], [24, 5, 1], [1, 10, 10], [20, 20, 20], [2], 20, 0.001, 1, False, False 1.1956663383929822 28.38798483927896 2.3145890670008917 0.022375873626178117 0.3666746557115585 0.041319449603119354 
[1, 24, 48], [24, 15, 5], [1, 10, 10], [20, 20, 20], [0, 1, 2], 10, 0.001, 1, False, False 1.2265486907075955 29.673497513770503 2.5857797573013706 0.0722175782509171 1.22414398973443 0.2280296697196402 
[1, 24, 48], [24, 15, 15], [1, 5, 5], [10, 10, 10], [1, 2], 10, 0.001, 1, False, False 1.2564618994792307 30.833959651458674 2.596505923747571 0.14693782545690184 2.860759187927585 0.286470571796246 
[1, 24], [24, 5], [1, 5], [10, 10], [0, 1], 20, 0.001, 1, False, False 1.2241865936804703 31.601009556504636 2.7455117729605867 0.024695520616512742 0.850454557807695 0.05821371229226449 
[1, 24, 48], [24, 15, 15], [1, 10, 10], [20, 20, 20], [0, 1, 2], 10, 0.001, 1, False, False 1.2218303381292912 30.581396306785667 2.5932016404335845 0.03337705209295604 0.3515264979156113 0.08394067966524699 
[1, 24, 48], [24, 20, 5], [1, 5, 5], [10, 10, 10], [2], 1, 0.001, 1, False, False 3.2260540094640526 67.88404425718043 12.814275330304715 0.0454180765474623 1.7135805508757067 0.3293671667694882 
[1, 24, 48], [24, 20, 10], [1, 5, 5], [10, 10, 10], [2], 20, 0.001, 1, False, False 1.1633268100795924 29.447726278693036 2.395720181908032 0.1028758171222849 3.1647603815264325 0.3347196754623813 
[1, 24, 48], [24, 15, 1], [1, 5, 5], [20, 20, 20], [0, 1, 2], 10, 0.001, 1, False, False 1.2672214398229567 31.718730229614142 2.7380275929911924 0.049842607599195454 1.8952636705319803 0.1747029168293694 
[1, 24, 48], [24, 20, 15], [1, 5, 5], [20, 20, 20], [2], 20, 0.001, 1, False, False 1.2225392157832784 29.52659471621654 2.5136814379010186 0.0481504308491706 1.4531858403628626 0.1817167083708394 
[1, 24], [24, 15], [1, 10], [10, 10], [0, 1], 10, 0.001, 1, False, False 1.2833245615164441 31.931970120158553 2.65582925046925 0.031785001226748134 1.0579779440611274 0.1575421641610799 
[1, 24, 48], [24, 5, 1], [1, 10, 10], [20, 20, 20], [0, 1, 2], 10, 0.001, 1, False, False 1.2222631088009586 30.716905944883965 2.618629715481116 0.01256526055611832 1.26558351754716 0.012168547926284145 
[1, 24, 48], [24, 20, 10], [1, 5, 5], [20, 20, 20], [2], 1, 0.001, 1, False, False 3.0125520772404144 65.61789950930576 11.50373057830722 0.4079327909805793 7.288620625747071 2.46665471649522 
[1, 24, 48], [24, 1, 1], [1, 5, 5], [30, 30, 30], [1, 2], 1, 0.001, 1, False, False 3.039964458677504 68.15706442068819 11.561639814913113 0.08361928322615658 1.1115216581923268 0.5237133260194765 
[1, 24, 48], [24, 20, 15], [1, 10, 10], [10, 10, 10], [2], 1, 0.001, 1, False, False 3.0719240761465496 66.30249581599118 11.90150155458669 0.30092007224067013 4.1494806606604095 1.8834227912368735 
[1, 24, 48], [24, 10, 1], [1, 5, 5], [10, 10, 10], [0, 1, 2], 10, 0.001, 1, False, False 1.9599715670501745 45.58528466298302 6.321583998268172 0.9413811314241639 17.605542958341783 4.886576905315414 
[1, 24], [24, 10], [1, 10], [20, 20], [0, 1], 20, 0.001, 1, False, False 1.222412924744465 30.017529563606775 2.5725849031182464 0.06246743343111954 1.7429769822732373 0.2779296867347006 
[1, 24, 48], [24, 15, 5], [1, 10, 10], [10, 10, 10], [0, 1, 2], 10, 0.001, 1, False, False 1.2048521448064735 29.813775293570256 2.533868993641706 0.0706600482114336 0.952863881446022 0.19330605008652865 
[1, 24], [24, 15], [1, 5], [20, 20], [0, 1], 5, 0.001, 1, False, False 1.8325635812900682 46.87179719904063 5.521840286691347 0.34536182990370773 8.535920010579579 1.655635700270507 
[1, 24, 48], [24, 15, 15], [1, 10, 10], [10, 10, 10], [0, 1, 2], 5, 0.001, 1, False, False 1.2763502483566604 34.043421660931536 2.8177807960794543 0.03521332017821306 0.14489864932451738 0.11433258268498275 
[1, 24, 48], [24, 10, 1], [1, 5, 5], [10, 10, 10], [1, 2], 5, 0.001, 1, False, False 1.3212275997356133 35.71274842430021 3.2095325229818736 0.04712340748834111 1.7419429454198423 0.34160062547596837 
[1, 24], [24, 15], [1, 10], [20, 20], [0, 1], 20, 0.001, 1, False, False 1.2172076217002343 30.05880076051824 2.5254577232954 0.04255910494392096 1.2611317222070073 0.16209779634588936 
[1, 24, 48], [24, 15, 1], [1, 5, 5], [10, 10, 10], [1, 2], 20, 0.001, 1, False, False 1.1728280079585536 28.81839030563954 2.352610026365562 0.03154298878127562 0.9908463301087513 0.1430479074273245 
[1, 24, 48], [24, 15, 5], [1, 5, 5], [20, 20, 20], [1, 2], 10, 0.001, 1, False, False 1.3019576583195616 32.27547902720716 2.6932866950079206 0.016280249334091675 0.960622932178031 0.12901696592395853 
[1, 24, 48], [24, 20, 5], [1, 5, 5], [10, 10, 10], [2], 5, 0.001, 1, False, False 1.8283298286022962 44.33518985198623 5.542597366644496 0.5306752317210639 9.923841193171036 2.4083802603159556 
[1, 24], [24, 15], [1, 5], [10, 10], [0, 1], 1, 0.001, 1, False, False 3.270433726244503 69.4839196332655 13.057037999791035 0.023989817201840825 0.5330896793283473 0.15857381053388245 
[1, 24, 48], [24, 5, 1], [1, 5, 5], [40, 40, 40], [1, 2], 1, 0.001, 1, False, False 3.1736848586135444 70.25267266703072 12.42750174389433 0.06688032774383804 0.42828905250074367 0.40355382629819764 
[1, 24, 48], [24, 15, 1], [1, 5, 5], [20, 20, 20], [1, 2], 1, 0.001, 1, False, False 3.152586816416847 68.58608873956491 12.20353707224735 0.04869467004233205 0.6687303143740916 0.38997280557740127 
[1, 24], [24, 10], [1, 10], [10, 10], [0, 1], 20, 0.001, 1, False, False 1.1968987002968792 29.592824100856745 2.576904600935866 0.024831629555270854 2.233765615382465 0.22151891698635343 
[1, 24, 48], [24, 5, 1], [1, 10, 10], [10, 10, 10], [2], 20, 0.001, 1, False, False 1.2316200587484571 29.268183362460164 2.380608756740246 0.05736628924311259 1.2371994242560211 0.12548110470126786 
[1, 24, 48], [24, 20, 10], [1, 5, 5], [20, 20, 20], [2], 5, 0.001, 1, False, False 1.6744999277370949 42.900627289724376 4.80599725045619 0.1606384804387154 3.3746652903980037 0.7653149383483882 
[1, 24, 48], [24, 20, 15], [1, 10, 10], [10, 10, 10], [2], 5, 0.001, 1, False, False 1.9845963578533243 46.6662936533098 6.1038612907287755 0.3187151853399718 6.205858839576579 1.3724713797192505 
[1, 24, 48], [24, 15, 5], [1, 5, 5], [10, 10, 10], [1, 2], 10, 0.001, 1, False, False 1.2227214163652174 30.20835211738793 2.526314329844102 0.037381098632596706 1.4009090393740447 0.2410990346757335 
[1, 24, 48], [24, 5, 1], [1, 10, 10], [20, 20, 20], [2], 1, 0.001, 1, False, False 3.234332699908151 68.92921371633773 12.823906142841743 0.06304132786155245 0.7908923603762331 0.4250262588937767 
[1, 24, 48], [24, 10, 1], [1, 20, 20], [30, 30, 30], [1, 2], 1, 0.001, 1, False, False 2.620384747121069 61.61293405395037 9.26598789569136 0.3184049650126898 4.7658192240099115 1.6973214570679107 
[1, 24, 48], [24, 15, 10], [1, 20, 20], [40, 40, 40], [1, 2], 1, 0.001, 1, False, False 1.8897449943754407 48.989745155728116 5.568825438884871 0.07683750836767077 0.946450769308914 0.3073210267457012 
[1, 24], [24, 10], [1, 10], [20, 20], [0, 1], 1, 0.001, 1, False, False 3.180291587445471 69.16406252351777 12.3851001240361 0.08368848447090166 1.0184273002366013 0.6373895181970235 
[1, 24, 48], [24, 20, 5], [1, 10, 10], [20, 20, 20], [2], 20, 0.001, 1, False, False 1.1724011731368524 29.035830220265847 2.4262367530921414 0.08386206036504397 2.1284449848011806 0.26275793934502956 
[1, 24], [24, 10], [1, 5], [10, 10], [0, 1], 10, 0.001, 1, False, False 1.5956660848524835 40.21585780982439 4.276871750622129 0.4035618192392051 10.647705555562064 2.0012675742672714 
[1, 24, 48], [24, 1, 1], [1, 5, 5], [40, 40, 40], [1, 2], 5, 0.001, 1, False, False 1.7150330294061586 43.75474784587316 5.075417223729125 0.5296013664560449 10.017409608078474 2.247472808800103 
[1, 24, 48], [24, 20, 10], [1, 5, 5], [10, 10, 10], [2], 1, 0.001, 1, False, False 3.1852481903853236 67.37223715560906 12.555333781468079 0.11264245452712414 1.4817637678865951 0.7003958917404266 
[1, 24, 48], [24, 10, 1], [1, 10, 10], [10, 10, 10], [0, 1, 2], 20, 0.001, 1, False, False 1.202583949433433 29.87909217059301 2.4681754377622673 0.014781384442833383 1.176509030843161 0.15500105105188006 
[1, 24, 48], [24, 20, 15], [1, 5, 5], [10, 10, 10], [2], 20, 0.001, 1, False, False 1.1124271909395853 25.59890925381329 1.9514369266041325 0.05103870814882208 1.0971436892781656 0.11676900110549751 
[1, 24, 48], [24, 1, 1], [1, 5, 5], [30, 30, 30], [1, 2], 5, 0.001, 1, False, False 1.6836384745107755 41.83582752572747 4.771727378276855 0.6062409790399785 12.243699305156875 2.725182908341868 
[1, 24, 48], [24, 15, 1], [1, 10, 10], [20, 20, 20], [0, 1, 2], 20, 0.001, 1, False, False 1.2192969469008628 29.321179003037503 2.4728505889833623 0.045918769911116694 1.489955514799732 0.19445723029625656 
[1, 24, 48], [24, 5, 1], [1, 5, 5], [20, 20, 20], [2], 20, 0.001, 1, False, False 1.2141713308515376 30.36877471904198 2.4348448088077688 0.0909095320253535 1.6546494297804226 0.20883244878501955 
[1, 24, 48], [24, 5, 1], [1, 5, 5], [40, 40, 40], [1, 2], 5, 0.001, 1, False, False 1.3150100301261303 33.997542348657056 2.94733486802302 0.021254328302117535 1.4470190398785232 0.09835562613684973 
[1, 24, 48], [24, 20, 15], [1, 5, 5], [20, 20, 20], [2], 1, 0.001, 1, False, False 3.144305772913827 68.25425658485214 12.214224299537655 0.14767761490123493 2.3306470257106495 0.9939975286835746 
[1, 24, 48], [24, 15, 1], [1, 5, 5], [10, 10, 10], [0, 1, 2], 20, 0.001, 1, False, False 1.2486540086291456 30.298863116619998 2.5997888842120087 0.07367468045491021 1.9906480017945958 0.22796055569923873 
[1, 24, 48], [24, 5, 1], [1, 10, 10], [20, 20, 20], [2], 5, 0.001, 1, False, False 1.3761308582844556 36.25423283189636 3.5674439718052304 0.13357019504614473 3.0018235022956894 0.8283221001749143 
[1, 24, 48], [24, 5, 1], [1, 5, 5], [10, 10, 10], [2], 20, 0.001, 1, False, False 1.2168862561384841 30.265476763633583 2.533045337079749 0.035650380710689114 0.7559236922076595 0.17109708978015217 
[1, 24, 48], [24, 5, 1], [1, 10, 10], [10, 10, 10], [2], 1, 0.001, 1, False, False 3.217519276009666 68.2938398699381 12.732256334168456 0.03517779343739526 0.6703301000224168 0.1949470943681926 
[1, 24, 48], [24, 20, 5], [1, 10, 10], [10, 10, 10], [2], 20, 0.001, 1, False, False 1.2619962733100962 29.678230306727794 2.502709296863726 0.04201879340540826 1.2813541353657856 0.16547247296727335 
[1, 24, 48], [24, 15, 1], [1, 5, 5], [20, 20, 20], [1, 2], 5, 0.001, 1, False, False 1.3377918045829842 36.92301964714293 3.445389573872003 0.061511469350779245 2.1366404842470867 0.5285111174038432 
[1, 24, 48], [24, 15, 1], [1, 5, 5], [30, 30, 30], [1, 2], 5, 0.001, 1, False, False 1.310180631942219 36.395979565018855 3.2374554473624593 0.08251611816737056 2.0080924614033173 0.4140426268420523 
[1, 24, 48], [24, 20, 5], [1, 5, 5], [10, 10, 10], [2], 10, 0.001, 1, False, False 1.337601471995866 32.808722692347146 2.874618837673582 0.033640487872441484 1.644044997499006 0.11771047497963785 
[1, 24, 48], [24, 5, 1], [1, 20, 20], [30, 30, 30], [1, 2], 5, 0.001, 1, False, False 1.2220356175744977 30.99285611661024 2.696188445024521 0.04274532338934412 1.1241248449153656 0.20387219062552708 
[1, 24, 48], [24, 10, 1], [1, 20, 20], [40, 40, 40], [1, 2], 5, 0.001, 1, False, False 1.2828167377798645 31.35738848598275 2.842187170035221 0.03152016179645754 1.118500517786708 0.12883303668565696 
[1, 24, 48], [24, 15, 15], [1, 5, 5], [20, 20, 20], [1, 2], 20, 0.001, 1, False, False 1.2479986436941006 29.95822964833265 2.654152020080836 0.05614996681303465 0.486437663745007 0.10798224564324159 
[1, 24, 48], [24, 5, 1], [1, 5, 5], [20, 20, 20], [2], 1, 0.001, 1, False, False 3.301577505469322 70.26018455483393 13.212851810441009 0.06136901648745134 1.4185411163572108 0.38445609153018506 
[1, 24, 48], [24, 20, 5], [1, 10, 10], [20, 20, 20], [2], 1, 0.001, 1, False, False 2.958416613494908 64.62024948672179 11.097795093346342 0.21249264427069398 3.220324388421587 1.273868479422656 
[1, 24], [24, 15], [1, 5], [10, 10], [0, 1], 5, 0.001, 1, False, False 2.5721783257193036 58.56484826793152 9.065044189906873 0.5095860146344857 8.2810684637498 2.488039396130978 
[1, 24, 48], [24, 10, 1], [1, 10, 10], [20, 20, 20], [0, 1, 2], 1, 0.001, 1, False, False 2.8415760162803854 64.7403385442709 10.418712836036654 0.2473030459670119 3.636153889898487 1.505403818281718 
[1, 24, 48], [24, 15, 5], [1, 5, 5], [10, 10, 10], [0, 1, 2], 20, 0.001, 1, False, False 1.2361683682159146 31.066564517191676 2.636949618760919 0.02187560423649274 1.00585119282217 0.1634602867970903 
[1, 24, 48], [24, 15, 5], [1, 5, 5], [30, 30, 30], [1, 2], 1, 0.001, 1, False, False 2.939528020554119 66.54422944592437 10.852096561392782 0.09798148580395594 1.4312889080894016 0.5635928879282712 
[1, 24, 48], [24, 20, 10], [1, 5, 5], [10, 10, 10], [2], 5, 0.001, 1, False, False 1.4935655142422075 36.45889566146255 4.008898341903912 0.2536540650453022 5.416133584561832 1.1054502518206022 
[1, 24, 48], [24, 10, 1], [1, 20, 20], [30, 30, 30], [1, 2], 5, 0.001, 1, False, False 1.3026125164495577 33.20397916707704 2.9576610503843046 0.046936340350139445 1.0283791971173735 0.09950290005963276 
[1, 24, 48], [24, 15, 1], [1, 5, 5], [10, 10, 10], [0, 1, 2], 1, 0.001, 1, False, False 3.175933923655086 68.81303813827809 12.392643418334655 0.04561675668636184 0.8325643558719094 0.2934200127901419 
[1, 24, 48], [24, 20, 5], [1, 5, 5], [20, 20, 20], [2], 20, 0.001, 1, False, False 1.2730590925172527 30.801095488080097 2.6609305009570003 0.059114344053883106 1.4417102646375088 0.31397703621903966 
[1, 24, 48], [24, 15, 1], [1, 5, 5], [20, 20, 20], [0, 1, 2], 1, 0.001, 1, False, False 3.245648553967476 71.13572228802452 12.85212947421139 0.05153011341955346 0.846303832088035 0.3383111458697202 
[1, 24, 48], [24, 5, 1], [1, 10, 10], [10, 10, 10], [0, 1, 2], 10, 0.001, 1, False, False 1.1996764721141921 29.7473399287863 2.3884880295015525 0.0467591421107401 0.43774551606366735 0.11080886953726464 
[1, 24, 48], [24, 1, 1], [1, 5, 5], [10, 10, 10], [0, 1, 2], 20, 0.001, 1, False, False 1.1982897300411157 29.809403276360058 2.3872980965113495 0.04501802863865275 1.1494417590869146 0.07399743651483745 
[1, 24, 48], [24, 1, 1], [1, 20, 20], [30, 30, 30], [1, 2], 10, 0.001, 1, False, False 1.2423406283612606 29.94323295378473 2.5663791411736194 0.040800969117124525 0.6395310195198675 0.12445851962383345 
[1, 24, 48], [24, 20, 10], [1, 10, 10], [20, 20, 20], [2], 20, 0.001, 1, False, False 1.2130401185265296 29.431285844879653 2.473921133542578 0.029517006402504313 0.25229848838923646 0.09712073783557192 
[1, 24, 48], [24, 20, 5], [1, 10, 10], [10, 10, 10], [2], 1, 0.001, 1, False, False 3.2196924832132123 68.40816494404066 12.770103979901208 0.059496354836561814 0.2596933732138886 0.44150171787942466 
[1, 24, 48], [24, 20, 10], [1, 5, 5], [20, 20, 20], [2], 10, 0.001, 1, False, False 1.2810096762246557 31.120417549442962 2.636310775572395 0.10029268884624223 1.8394081743322919 0.30484803037461766 
[1, 24, 48], [24, 15, 10], [1, 20, 20], [40, 40, 40], [1, 2], 5, 0.001, 1, False, False 1.281398774352339 31.39238269380108 2.6983878923785674 0.037742957202898796 1.2221795820622403 0.08527200440869677 
[1, 24, 48], [24, 20, 15], [1, 10, 10], [10, 10, 10], [2], 10, 0.001, 1, False, False 1.2296184933847851 30.255829314804547 2.609403532135053 0.0898480873369714 3.0698588797059814 0.4186240187085549 
[1, 24, 48], [24, 20, 15], [1, 5, 5], [20, 20, 20], [2], 5, 0.001, 1, False, False 2.0088643237396524 47.799088856429876 6.32262667867514 0.6363014013420988 10.13772067123557 2.9628240920834927 
[1, 24, 48], [24, 5, 1], [1, 10, 10], [10, 10, 10], [2], 5, 0.001, 1, False, False 1.580031679294727 40.586490695684546 4.237659405643842 0.1569080633851092 2.5635231959227744 0.5739728313125181 
[1, 24, 48], [24, 15, 5], [1, 5, 5], [20, 20, 20], [0, 1, 2], 1, 0.001, 1, False, False 3.126919505000115 68.89332890367818 12.06509245629617 0.13082809283622063 2.7432958640906318 0.8455390226009636 
[1, 24, 48], [24, 20, 15], [1, 5, 5], [10, 10, 10], [2], 1, 0.001, 1, False, False 3.168838183968156 67.817022559638 12.542993333637023 0.15264080902407595 1.2815612306031319 0.8359304753006296 
[1, 24, 48], [24, 10, 1], [1, 5, 5], [10, 10, 10], [1, 2], 10, 0.001, 1, False, False 1.2679064571857452 32.169116197345474 2.710849509048742 0.05161979882113702 2.1862187081213253 0.14778451307426613 
[1, 24, 48], [24, 20, 15], [1, 10, 10], [20, 20, 20], [2], 20, 0.001, 1, False, False 1.2280897923089844 29.316507519415328 2.551437794962881 0.03655468767324808 0.966949020252227 0.13559538364109364 
[1, 24, 48], [24, 20, 10], [1, 10, 10], [10, 10, 10], [2], 20, 0.001, 1, False, False 1.132184565784755 27.483138349697384 2.1495514615266047 0.032434905429511225 0.7054197267351189 0.18105590282569006 
[1, 24, 48], [24, 20, 5], [1, 10, 10], [20, 20, 20], [2], 5, 0.001, 1, False, False 1.3819871035439 35.202956064585216 3.4967221903376493 0.11763400752502637 1.5431997702448488 0.4718761984398238 
[1, 24, 48], [24, 20, 10], [1, 10, 10], [20, 20, 20], [2], 1, 0.001, 1, False, False 3.184815060098966 67.8639414324178 12.509353421928088 0.11915229706557352 2.078265646434008 0.7730010947220991 
[1, 24, 48], [24, 5, 1], [1, 5, 5], [10, 10, 10], [1, 2], 20, 0.001, 1, False, False 1.2073340969505133 29.054954498078615 2.402014341610007 0.023228404467135727 0.8002235578435978 0.14055287167684474 
[1, 24, 48], [24, 1, 1], [1, 5, 5], [20, 20, 20], [0, 1, 2], 1, 0.001, 1, False, False 3.243810997406642 70.66617701171926 12.854822615865695 0.03261191617631182 0.13197369214579907 0.21344124875979817 
[1, 24, 48], [24, 15, 15], [1, 5, 5], [40, 40, 40], [1, 2], 1, 0.001, 1, False, False 2.683561541636785 62.70679679873667 9.622150028426262 0.4007104172580629 6.538812684616629 2.1643629972251506 
[1, 24, 48], [24, 5, 1], [1, 10, 10], [20, 20, 20], [2], 10, 0.001, 1, False, False 1.3299271706629685 31.736130327755134 2.95509295716893 0.07284765759157856 1.8081399887322191 0.1554954868837084 
[1, 24, 48], [24, 20, 15], [1, 5, 5], [10, 10, 10], [2], 5, 0.001, 1, False, False 1.9002446586335144 46.56596830955876 5.998396689520477 0.7309116097504986 12.375163914153704 3.5760326811613994 
[1, 24, 48], [24, 5, 1], [1, 20, 20], [40, 40, 40], [1, 2], 10, 0.001, 1, False, False 1.2428473624366303 30.105624785848402 2.6558043301048353 0.03516888533004584 1.478801436873385 0.1631616644951696 
[1, 24, 48], [24, 5, 1], [1, 5, 5], [20, 20, 20], [1, 2], 1, 0.001, 1, False, False 3.1158246811893258 68.33550829641541 12.025328796825955 0.048666010848767 0.4563253735947417 0.35954915868096143 
[1, 24, 48], [24, 10, 1], [1, 5, 5], [20, 20, 20], [1, 2], 20, 0.001, 1, False, False 1.1942306303315693 29.12717669174704 2.3847121010437955 0.010750816781486091 0.8574226994866755 0.009661030226179514 
[1, 24, 48], [24, 20, 10], [1, 5, 5], [10, 10, 10], [2], 10, 0.001, 1, False, False 1.2448212991158167 30.14243383120215 2.3956294269006624 0.1624123655937508 4.379797943456036 0.45604425701554957 
[1, 24, 48], [24, 15, 10], [1, 5, 5], [20, 20, 20], [1, 2], 20, 0.001, 1, False, False 1.1976019235672775 29.58647174778037 2.4420838637569275 0.03578720955341293 1.0330826138887161 0.11506138766188953 
[1, 24], [24, 15], [1, 5], [20, 20], [0, 1], 10, 0.001, 1, False, False 1.327816850112544 31.293999764186605 2.8955116639657468 0.036840918076342856 1.1397709496239583 0.24036761503575851 
[1, 24, 48], [24, 15, 10], [1, 5, 5], [30, 30, 30], [1, 2], 10, 0.001, 1, False, False 1.3053642122281925 31.622146743089303 2.772134627521027 0.019637240679237944 0.23285360370806113 0.12063529687664003 
[1, 24, 48], [24, 20, 15], [1, 5, 5], [20, 20, 20], [2], 10, 0.001, 1, False, False 1.3066182140950804 32.176411290715144 2.8768661287264483 0.10657457695444059 2.3058603201261727 0.3378468741046876 
[1, 24], [24, 10], [1, 5], [20, 20], [0, 1], 20, 0.001, 1, False, False 1.3598438461621605 33.80046098927571 3.1806330979729194 0.06369185695936211 1.6087813434571254 0.20127323336062286 
[1, 24, 48], [24, 15, 10], [1, 5, 5], [10, 10, 10], [1, 2], 1, 0.001, 1, False, False 3.0800686107741466 67.72060781612011 11.902280658078388 0.12936483522186717 2.2004018128426 0.8430567155826384 
[1, 24, 48], [24, 15, 1], [1, 5, 5], [10, 10, 10], [1, 2], 1, 0.001, 1, False, False 3.203705052203602 68.30821125014451 12.613696065731752 0.1323943749195033 1.8496144602765463 0.9009951740246885 
[1, 24, 48], [24, 15, 10], [1, 5, 5], [10, 10, 10], [1, 2], 20, 0.001, 1, False, False 1.1764438112576805 27.968715371538256 2.340009799491093 0.06745770709600679 1.283917543537725 0.1549069052039798 
[1, 24, 48], [24, 15, 15], [1, 5, 5], [10, 10, 10], [1, 2], 20, 0.001, 1, False, False 1.1662401307512213 29.238992547907472 2.394318218800562 0.013987736581379227 1.0318931332637662 0.1411598233313452 
[1, 24, 48], [24, 1, 1], [1, 20, 20], [40, 40, 40], [1, 2], 20, 0.001, 1, False, False 1.2280169777848107 29.53222635988827 2.4966172873884993 0.05914022736947933 1.2915664708778078 0.2396562292335934 
[1, 24, 48], [24, 5, 1], [1, 5, 5], [40, 40, 40], [1, 2], 10, 0.001, 1, False, False 1.2688648116809353 32.76743999137974 2.8314078720481697 0.011378317345751962 0.9935501577234691 0.06731055296945443 
[1, 24, 48], [24, 15, 15], [1, 10, 10], [10, 10, 10], [0, 1, 2], 10, 0.001, 1, False, False 1.238658873460911 31.07293918026131 2.679628584600044 0.06202530247700321 1.3023355625930324 0.13469514681456854 
[1, 24, 48], [24, 1, 1], [1, 5, 5], [20, 20, 20], [1, 2], 20, 0.001, 1, False, False 1.2211351020468608 30.402050812995157 2.472160787145126 0.049981993591420575 1.8325505239470115 0.13391712332325986 
[1, 24, 48], [24, 15, 15], [1, 5, 5], [20, 20, 20], [1, 2], 1, 0.001, 1, False, False 3.2463867978917222 69.98505935932064 12.876603589431712 0.035648720373148965 1.5152129103222363 0.24763145282034893 
[1, 24, 48], [24, 15, 5], [1, 5, 5], [30, 30, 30], [1, 2], 5, 0.001, 1, False, False 1.3145948672184238 35.285271657208106 3.3632297776745124 0.1153065607561524 4.392063128910265 0.786367545516357 
[1, 24, 48], [24, 15, 5], [1, 5, 5], [40, 40, 40], [1, 2], 5, 0.001, 1, False, False 1.2929655251127705 33.23214969039325 2.924485667819273 0.06592798311632732 0.6823351436920371 0.21552363303765845 
[1, 24, 48], [24, 15, 15], [1, 20, 20], [30, 30, 30], [1, 2], 5, 0.001, 1, False, False 1.2545108621871035 31.69608673712872 2.7216770282475586 0.052258860220584916 0.712873616144746 0.13233654171859613 
[1, 24, 48], [24, 15, 10], [1, 5, 5], [20, 20, 20], [1, 2], 1, 0.001, 1, False, False 3.023074038161172 67.62193559009232 11.537575563385134 0.24158753246640474 3.6531412615328263 1.4477248719083349 
[1, 24, 48], [24, 5, 1], [1, 5, 5], [30, 30, 30], [1, 2], 1, 0.001, 1, False, False 2.966751062538888 66.85379999163014 11.137215662154892 0.19749162755210464 3.09249565688794 1.177709220203664 
[1, 24, 48], [24, 20, 5], [1, 5, 5], [10, 10, 10], [2], 20, 0.001, 1, False, False 1.229831489092774 27.336753162245035 2.331650098575602 0.07564902590335423 0.7993912931852644 0.22683473995676026 
[1, 24, 48], [24, 5, 1], [1, 5, 5], [10, 10, 10], [1, 2], 1, 0.001, 1, False, False 3.210235759615898 68.9033530927295 12.590413526697718 0.014607477947758506 0.3400077184718029 0.056703097578820555 
[1, 24, 48], [24, 1, 1], [1, 5, 5], [10, 10, 10], [1, 2], 20, 0.001, 1, False, False 1.166870829628574 28.7059217611345 2.34703673293094 0.047559421519321576 0.44529299469008377 0.18529476317513444 
[1, 24, 48], [24, 15, 1], [1, 5, 5], [20, 20, 20], [1, 2], 10, 0.001, 1, False, False 1.2962137036853365 32.605734250302774 2.777037643336301 0.0628530360602572 1.0246403724445197 0.12679758674356542 
[1, 24, 48], [24, 5, 1], [1, 20, 20], [30, 30, 30], [1, 2], 10, 0.001, 1, False, False 1.2662506669207858 29.904622026842294 2.730420969452091 0.08799524405867111 2.2730087172987345 0.23348989726551328 
[1, 24, 48], [24, 15, 15], [1, 5, 5], [40, 40, 40], [1, 2], 5, 0.001, 1, False, False 1.317849165753082 33.52458613910603 2.9566232106327894 0.046011591986875267 2.5774205791184452 0.18408395074183356 
[1, 24, 48], [24, 1, 1], [1, 5, 5], [40, 40, 40], [1, 2], 10, 0.001, 1, False, False 1.371251629513723 33.14299820179356 3.1295890385771403 0.01569721321620696 2.0944234442123593 0.2076961003059244 
[1, 24, 48], [24, 20, 10], [1, 5, 5], [20, 20, 20], [2], 20, 0.001, 1, False, False 1.2008707686706828 30.362036270571874 2.4175460097058767 0.08304220488295741 1.672326874747524 0.2651641295413849 
[1, 24, 48], [24, 10, 1], [1, 20, 20], [40, 40, 40], [1, 2], 10, 0.001, 1, False, False 1.2921177778531006 32.162294312074785 2.8472423555659514 0.06761064312232914 1.2692627816052369 0.1757489476311664 
[1, 24, 48], [24, 1, 1], [1, 10, 10], [20, 20, 20], [0, 1, 2], 20, 0.001, 1, False, False 1.3049949149290725 30.513825482706835 2.7816320610752605 0.06374484875714607 1.9407269465070478 0.2805647056032352 
[1, 24, 48], [24, 20, 15], [1, 10, 10], [10, 10, 10], [2], 20, 0.001, 1, False, False 1.1859782003694113 27.200046594535475 2.2979676962426714 0.09167153370355688 2.0286872351192757 0.2980441061902873 
[1, 24, 48], [24, 15, 5], [1, 5, 5], [20, 20, 20], [0, 1, 2], 5, 0.001, 1, False, False 1.3110013161544447 33.90683635359985 2.905498739843972 0.022902282823631676 0.5455605226549579 0.09416129060749907 
[1, 24, 48], [24, 15, 1], [1, 5, 5], [30, 30, 30], [1, 2], 10, 0.001, 1, False, False 1.2539458428819978 31.943671763152825 2.84832113906157 0.0836112393538932 2.3098540078467216 0.33367972323357814 
[1, 24, 48], [24, 1, 1], [1, 5, 5], [20, 20, 20], [1, 2], 1, 0.001, 1, False, False 3.1351276603009963 68.2532108103096 12.16626340608464 0.105843854972721 1.9170821623674514 0.6827655391205919 
[1, 24, 48], [24, 5, 1], [1, 5, 5], [20, 20, 20], [1, 2], 5, 0.001, 1, False, False 1.565107463410607 40.56510308161322 4.260964819038686 0.29240744890714676 5.432823557577627 1.2601488325459864 
[1, 24, 48], [24, 10, 1], [1, 20, 20], [30, 30, 30], [1, 2], 10, 0.001, 1, False, False 1.1920509610463073 29.92159592198332 2.4865287195273442 0.08801587307006718 2.6366536480630747 0.2910779966868811 
[1, 24, 48], [24, 10, 1], [1, 10, 10], [20, 20, 20], [0, 1, 2], 5, 0.001, 1, False, False 1.3220806542370056 33.86218945199492 2.980276858614308 0.040201406916749116 0.8120984179874231 0.09579184555951771 
[1, 24, 48], [24, 15, 15], [1, 5, 5], [20, 20, 20], [1, 2], 5, 0.001, 1, False, False 1.3108821924637866 34.78850308414875 3.196587762022229 0.13653463557947862 2.591388821520275 0.6182772598618369 
[1, 24, 48], [24, 1, 1], [1, 5, 5], [30, 30, 30], [1, 2], 10, 0.001, 1, False, False 1.1812937924155482 30.079031944880764 2.3836676499778613 0.01585734063437485 0.700629571094917 0.0394885383687911 
[1, 24, 48], [24, 15, 1], [1, 5, 5], [10, 10, 10], [1, 2], 5, 0.001, 1, False, False 1.3160470622005285 32.73140342567459 2.9278272832254593 0.060190658244591536 0.895146450549438 0.22601958914480616 
[1, 24, 48], [24, 15, 1], [1, 5, 5], [10, 10, 10], [0, 1, 2], 5, 0.001, 1, False, False 1.4947076962501917 38.675023118144274 3.885350216652881 0.2400397622164348 5.352309000753996 1.143274102093534 
[1, 24, 48], [24, 15, 1], [1, 5, 5], [40, 40, 40], [1, 2], 10, 0.001, 1, False, False 1.2505771621509838 31.474534933848076 2.643984971969674 0.07246078316404592 2.015587739792204 0.45604592835441976 
[1, 24, 48], [24, 15, 1], [1, 5, 5], [20, 20, 20], [0, 1, 2], 5, 0.001, 1, False, False 1.815276968258399 44.80421327883587 5.55543359676324 0.7173635717251785 12.8293610084368 3.3172360777664265 
[1, 24, 48], [24, 1, 1], [1, 5, 5], [20, 20, 20], [0, 1, 2], 5, 0.001, 1, False, False 1.4267015054270074 37.180815006279545 3.9205773202096683 0.11924140122639156 2.9836854319173507 0.7548893024272813 
[1, 24, 48], [24, 1, 1], [1, 5, 5], [10, 10, 10], [0, 1, 2], 1, 0.001, 1, False, False 3.1465350697437926 68.4339711740716 12.190862973887258 0.1135340599688087 1.4976826379320376 0.786463888167983 
[1, 24, 48], [24, 5, 1], [1, 5, 5], [30, 30, 30], [1, 2], 5, 0.001, 1, False, False 1.567765888902876 42.40863795987794 4.173490100723659 0.2503760026601815 5.807295341366331 1.1422668947564532 
[1, 24, 48], [24, 15, 10], [1, 20, 20], [40, 40, 40], [1, 2], 10, 0.001, 1, False, False 1.242363253070249 29.178476716874883 2.598166419835778 0.0889942636801878 1.0000372487264488 0.3157592904317053 
[1, 24, 48], [24, 15, 10], [1, 5, 5], [20, 20, 20], [1, 2], 5, 0.001, 1, False, False 1.9105913842165911 45.978610762884955 5.999230203659773 0.9064147507440159 17.173481949614793 4.678817831205021 
[1, 24, 48], [24, 5, 1], [1, 5, 5], [10, 10, 10], [1, 2], 5, 0.001, 1, False, False 1.6525366946502968 43.57607932811799 4.798177427400273 0.11281458385440508 1.4890296105162757 0.5106619617708957 
[1, 24, 48], [24, 15, 5], [1, 20, 20], [30, 30, 30], [1, 2], 10, 0.001, 1, False, False 1.2700307314594588 28.709366886659243 2.6261258236483256 0.06361611679908606 2.5335265238498237 0.17159139200630702 
[1, 24, 48], [24, 15, 15], [1, 20, 20], [40, 40, 40], [1, 2], 10, 0.001, 1, False, False 1.354319613233761 31.107658264933463 2.975668694501156 0.05937563006446279 1.405363054362026 0.22640392262183315 
[1, 24, 48], [24, 10, 1], [1, 5, 5], [30, 30, 30], [1, 2], 20, 0.001, 1, False, False 1.2381181578393337 30.645669895237972 2.614991679623476 0.0362785292820604 1.331685673218633 0.18166810610548634 
[1, 24, 48], [24, 1, 1], [1, 10, 10], [10, 10, 10], [0, 1, 2], 20, 0.001, 1, False, False 1.1367266004284227 27.98617948247228 2.254692991689554 0.028617855669663725 0.8312446114158636 0.17298293494168487 
[1, 24, 48], [24, 10, 1], [1, 5, 5], [40, 40, 40], [1, 2], 1, 0.001, 1, False, False 3.1896496713161473 70.2425504841212 12.452583694544622 0.011748111943151512 0.28378732608995383 0.10891345069319461 
[1, 24, 48], [24, 15, 10], [1, 5, 5], [40, 40, 40], [1, 2], 20, 0.001, 1, False, False 1.2063183849608456 29.79802704742011 2.445267907470526 0.05179409968699418 2.687977343388479 0.17108427968398493 
[1, 24, 48], [24, 15, 15], [1, 5, 5], [20, 20, 20], [0, 1, 2], 20, 0.001, 1, False, False 1.2052991367600585 29.570120889947045 2.5106707562135067 0.003219410626191828 0.4548447124483859 0.0704101538031156 
[1, 24, 48], [24, 15, 5], [1, 5, 5], [20, 20, 20], [1, 2], 20, 0.001, 1, False, False 1.175481208275866 29.700016981432185 2.518148558878693 0.014664696637933244 0.8319335493704548 0.08596751662073734 
[1, 24, 48], [24, 1, 1], [1, 10, 10], [20, 20, 20], [0, 1, 2], 1, 0.001, 1, False, False 3.082989644010862 68.42659435832097 11.775244915273303 0.04510534209134967 0.7167941986684638 0.2906089589772184 
[1, 24, 48], [24, 15, 1], [1, 10, 10], [20, 20, 20], [0, 1, 2], 20, 0.001, 1, False, False 1.21238906753284 29.904056061679384 2.519343806902732 0.09891105442517982 2.759453552063139 0.3850266008156718 
[1, 24, 48], [24, 15, 10], [1, 20, 20], [30, 30, 30], [1, 2], 1, 0.001, 1, False, False 2.462231164508395 59.1307187803362 8.38839568467665 0.30788247179131967 5.572414319417915 1.443205572948685 
[1, 24, 48], [24, 15, 1], [1, 10, 10], [10, 10, 10], [0, 1, 2], 20, 0.001, 1, False, False 1.2272585141989925 29.138703050473225 2.54468328447306 0.008844455780561006 0.9833916975874425 0.048099758391103566 
[1, 24], [24, 15], [1, 10], [10, 10], [0, 1], 20, 0.001, 1, False, False 1.2268196968016802 29.847610203413808 2.662006238557181 0.05405691910731833 1.1569815874029488 0.19946545221321196 
[1, 24, 48], [24, 15, 15], [1, 5, 5], [20, 20, 20], [1, 2], 10, 0.001, 1, False, False 1.214026759620066 29.840740451285473 2.495752240475106 0.07461430049327616 2.035982797045164 0.2201160638792159 
[1, 24, 48], [24, 15, 15], [1, 5, 5], [10, 10, 10], [1, 2], 1, 0.001, 1, False, False 3.0905830595228405 67.09557268729732 11.861012347733634 0.2163691554395196 3.460818768776571 1.364033250976319 
[1, 24, 48], [24, 5, 1], [1, 5, 5], [20, 20, 20], [0, 1, 2], 20, 0.001, 1, False, False 1.2193705225984257 29.848274549553818 2.5235537853069725 0.017044426788949827 1.5276468489248751 0.18465250718431886 
[1, 24, 48], [24, 10, 1], [1, 5, 5], [10, 10, 10], [1, 2], 20, 0.001, 1, False, False 1.190483410049368 28.765713685333626 2.3161219899686536 0.08846819887336463 2.2001496643263714 0.3218762127490507 
[1, 24, 48], [24, 15, 1], [1, 10, 10], [20, 20, 20], [0, 1, 2], 1, 0.001, 1, False, False 3.1294065876139534 70.05363711004988 12.151572884039402 0.13296674428405397 1.8116541395868406 0.8564786081840154 
[1, 24, 48], [24, 15, 1], [1, 5, 5], [10, 10, 10], [0, 1, 2], 1, 0.001, 1, False, False 3.1799742327796086 68.00724081143306 12.424162135624195 0.07747876529591846 0.679267916588493 0.5693475368733582 
[1, 24, 48], [24, 15, 1], [1, 5, 5], [10, 10, 10], [1, 2], 10, 0.001, 1, False, False 1.3162493831029645 32.158258247669785 2.786578995986773 0.08663016429971312 2.3377563622921533 0.326717132022944 
[1, 24, 48], [24, 1, 1], [1, 5, 5], [10, 10, 10], [0, 1, 2], 5, 0.001, 1, False, False 2.2506834598603076 54.73703414673063 7.599924178176072 0.5592166921783734 9.245071312800654 2.7383685447143526 
[1, 24, 48], [24, 5, 1], [1, 5, 5], [20, 20, 20], [1, 2], 10, 0.001, 1, False, False 1.2534262161563945 31.69271242084467 2.6952468762878694 0.048810554699400495 1.2305285420372152 0.11959357960057324 
[1, 24, 48], [24, 15, 15], [1, 20, 20], [30, 30, 30], [1, 2], 10, 0.001, 1, False, False 1.346889012610471 32.40610284685143 2.917194795107283 0.05473376621939571 0.5812064667702102 0.16027841863363257 
[1, 24, 48], [24, 15, 5], [1, 5, 5], [40, 40, 40], [1, 2], 10, 0.001, 1, False, False 1.2502447345742473 31.031869040289198 2.6166715151824764 0.017967322219386624 1.291537285612375 0.09163117140496305 
[1, 24, 48], [24, 15, 5], [1, 5, 5], [10, 10, 10], [1, 2], 20, 0.001, 1, False, False 1.2216626946572906 29.48259460133909 2.4521552531737916 0.06937842229386146 1.4648042077047638 0.2492481328105777 
[1, 24, 48], [24, 10, 1], [1, 5, 5], [40, 40, 40], [1, 2], 5, 0.001, 1, False, False 1.3552121032167364 34.911411260482666 3.165543235195669 0.06827852514882508 2.308203598527856 0.3617825294274772 
[1, 24, 48], [24, 10, 1], [1, 10, 10], [10, 10, 10], [0, 1, 2], 1, 0.001, 1, False, False 3.0746499564912586 67.93034974895806 11.849453754849625 0.1468310197287058 1.7388224982889418 0.8172155918742676 
[1, 24, 48], [24, 1, 1], [1, 20, 20], [30, 30, 30], [1, 2], 20, 0.001, 1, False, False 1.255398837559753 30.458289923027795 2.563628610052534 0.046785510750684565 0.5597237614345356 0.16474404995766612 
[1, 24, 48], [24, 15, 15], [1, 5, 5], [40, 40, 40], [1, 2], 10, 0.001, 1, False, False 1.9266271281573506 44.39791625797759 6.1303923663667215 0.8629238208611055 17.53184191069646 4.388996198326959 
[1, 24, 48], [24, 5, 1], [1, 5, 5], [30, 30, 30], [1, 2], 10, 0.001, 1, False, False 1.2201954365880405 31.722972424365235 2.7462146475313425 0.054420810032575116 1.1709937924120062 0.20637848621224014 
[1, 24, 48], [24, 15, 5], [1, 5, 5], [30, 30, 30], [1, 2], 10, 0.001, 1, False, False 1.3335221434632938 33.54532249149829 3.0528709371790224 0.06722854307748043 2.4733868353607287 0.31035718407906643 
[1, 24, 48], [24, 15, 5], [1, 5, 5], [20, 20, 20], [1, 2], 1, 0.001, 1, False, False 3.072568896081713 68.26777425637583 11.786192335359368 0.07647019795303288 0.7635293732178874 0.4535242218026369 
[1, 24, 48], [24, 15, 10], [1, 20, 20], [30, 30, 30], [1, 2], 5, 0.001, 1, False, False 1.2864725825963197 32.24802506334963 2.8222275659086073 0.12483336878105886 2.05666411114751 0.32570136760918045 
[1, 24, 48], [24, 1, 1], [1, 20, 20], [40, 40, 40], [1, 2], 1, 0.001, 1, False, False 2.7800685849454667 64.00306643811088 10.055820871755715 0.16229567925866087 2.6823505579634985 0.938967649031103 
[1, 24, 48], [24, 5, 1], [1, 20, 20], [40, 40, 40], [1, 2], 20, 0.001, 1, False, False 1.195768894531109 28.383110562856146 2.4460579594653975 0.06309026597696134 2.160434031163832 0.2913863599869343 
[1, 24, 48], [24, 15, 15], [1, 5, 5], [10, 10, 10], [0, 1, 2], 20, 0.001, 1, False, False 1.215853726146398 29.44940563981112 2.596285233568089 0.06994516132312649 1.3295528091479214 0.2158193534635442 
[1, 24, 48], [24, 15, 1], [1, 5, 5], [20, 20, 20], [1, 2], 20, 0.001, 1, False, False 1.2641856923147488 31.774834293290656 2.7612559526155427 0.028965467333592593 1.398698600490632 0.1062112997566777 
[1, 24, 48], [24, 15, 15], [1, 5, 5], [10, 10, 10], [1, 2], 5, 0.001, 1, False, False 1.3316935743446703 35.416570653894745 2.992800984102964 0.02535883823787481 1.9884157945338483 0.20009288621908003 
[1, 24, 48], [24, 10, 1], [1, 5, 5], [30, 30, 30], [1, 2], 1, 0.001, 1, False, False 3.050353962514136 67.72625952761591 11.555642296951099 0.048856619828550704 0.8606112967048103 0.2823477779304345 
[1, 24, 48], [24, 15, 5], [1, 5, 5], [20, 20, 20], [0, 1, 2], 10, 0.001, 1, False, False 1.3044389461477601 32.59869415640903 2.746625986513262 0.04496022162323534 0.8743853961073691 0.2356546787562002 
[1, 24, 48], [24, 15, 1], [1, 20, 20], [30, 30, 30], [1, 2], 20, 0.001, 1, False, False 1.3153705851899262 29.449977814158405 2.7426293160865973 0.06847942405057433 2.2999868524490985 0.22842946312400245 
[1, 24, 48], [24, 15, 5], [1, 20, 20], [40, 40, 40], [1, 2], 20, 0.001, 1, False, False 1.2943067504851908 29.157830879245918 2.618044412401433 0.06864129785098459 0.878407701334946 0.19846411803416844 
[1, 24, 48], [24, 5, 1], [1, 5, 5], [40, 40, 40], [1, 2], 20, 0.001, 1, False, False 1.2481196474697855 30.84525874620105 2.537821834222935 0.03167400077183257 0.46404455606348544 0.061102998709515084 
[1, 24, 48], [24, 15, 15], [1, 5, 5], [20, 20, 20], [0, 1, 2], 1, 0.001, 1, False, False 3.1165735893779334 68.80913831584466 12.062772084416219 0.13097454618652715 1.447738135074609 0.8516865445577982 
[1, 24, 48], [24, 15, 15], [1, 5, 5], [30, 30, 30], [1, 2], 1, 0.001, 1, False, False 3.2136279960473373 70.9254920139088 12.647426498442998 0.042644711605849275 1.2577214020206224 0.2759031474689593 
[1, 24, 48], [24, 5, 1], [1, 20, 20], [30, 30, 30], [1, 2], 1, 0.001, 1, False, False 2.8121439049641292 64.36697555791864 10.13559954318717 0.06543083012848105 0.57704339668213 0.40445185099801023 
[1, 24, 48], [24, 15, 1], [1, 20, 20], [40, 40, 40], [1, 2], 1, 0.001, 1, False, False 2.370252068064831 56.531430754357615 8.219334726414205 0.5018542085355844 6.15192608798972 2.5158544242330794 
[1, 24, 48], [24, 1, 1], [1, 5, 5], [20, 20, 20], [0, 1, 2], 10, 0.001, 1, False, False 1.3129337312998592 33.65288740178732 3.1377830400101048 0.0988077094026923 1.718136324928254 0.4616081328092249 
[1, 24, 48], [24, 15, 15], [1, 10, 10], [20, 20, 20], [0, 1, 2], 20, 0.001, 1, False, False 1.2957596442765664 31.389491083443 2.840418946470382 0.13176892068687712 1.5879411723488412 0.40951595180576933 
[1, 24, 48], [24, 15, 10], [1, 5, 5], [30, 30, 30], [1, 2], 20, 0.001, 1, False, False 1.2534755450156 31.438514963429103 2.7314456527469066 0.059215833672851555 0.9160429383239975 0.19281848354111683 
[1, 24, 48], [24, 15, 1], [1, 10, 10], [10, 10, 10], [0, 1, 2], 20, 0.001, 1, False, False 1.1946252395157462 28.78669864814047 2.3913973191337257 0.022812568972581666 0.8610908319641555 0.11197923869270557 
[1, 24, 48], [24, 1, 1], [1, 20, 20], [40, 40, 40], [1, 2], 5, 0.001, 1, False, False 1.350107215013769 34.35524972875019 3.0453807886960362 0.08261605174009753 2.1541803692905375 0.34605141496572583 
[1, 24, 48], [24, 5, 1], [1, 5, 5], [10, 10, 10], [0, 1, 2], 20, 0.001, 1, False, False 1.2365577327432458 30.181650544879286 2.5192904206907514 0.040342087099485696 1.2051393900241685 0.12913078836954614 
[1, 24, 48], [24, 15, 10], [1, 5, 5], [40, 40, 40], [1, 2], 1, 0.001, 1, False, False 3.201074539952808 70.71726976367765 12.547622731847452 0.00922828621893515 0.18991686632434548 0.08114420745802245 
[1, 24, 48], [24, 15, 1], [1, 5, 5], [10, 10, 10], [0, 1, 2], 5, 0.001, 1, False, False 1.9114092298127987 47.754278039046824 6.081738838433085 0.7362643398874323 12.668915639158508 3.4033533280078068 
[1, 24, 48], [24, 15, 15], [1, 5, 5], [10, 10, 10], [0, 1, 2], 1, 0.001, 1, False, False 3.096957055727641 68.6537301267735 11.926208220286831 0.05113087604449828 0.7822047549400168 0.37762750908367587 
[1, 24, 48], [24, 5, 1], [1, 20, 20], [30, 30, 30], [1, 2], 20, 0.001, 1, False, False 1.224992507365015 28.29864564073817 2.465146570216787 0.027706808470543704 0.7412449541683189 0.15231933209974696 
[1, 24, 48], [24, 15, 1], [1, 10, 10], [20, 20, 20], [0, 1, 2], 5, 0.001, 1, False, False 1.2956354370823615 33.01787577500084 2.9127822665460688 0.04746833933585931 1.4278625990532372 0.33307257569999715 
[1, 24, 48], [24, 10, 1], [1, 5, 5], [20, 20, 20], [0, 1, 2], 20, 0.001, 1, False, False 1.1776694307724638 30.639420220084517 2.5257635498326594 0.08258144433394204 2.2738759769215258 0.34189373030386006 
[1, 24, 48], [24, 10, 1], [1, 5, 5], [30, 30, 30], [1, 2], 5, 0.001, 1, False, False 1.3244170146407905 34.2398896453 2.9120640655666747 0.08428961169137318 2.3367956708935815 0.40415484840374905 
[1, 24, 48], [24, 10, 1], [1, 10, 10], [20, 20, 20], [0, 1, 2], 10, 0.001, 1, False, False 1.213125897999163 29.834257059153945 2.5298701775906562 0.035180637560704844 0.647475944095603 0.140677595413051 
[1, 24, 48], [24, 15, 1], [1, 5, 5], [10, 10, 10], [0, 1, 2], 10, 0.001, 1, False, False 1.3059291698866424 31.96345649419195 2.9095027436350454 0.04027631094354851 0.6082412775809182 0.139993900652727 
[1, 24, 48], [24, 15, 1], [1, 10, 10], [20, 20, 20], [0, 1, 2], 1, 0.001, 1, False, False 3.080075701408916 68.21964590426062 11.780692228578197 0.08204509094354932 1.4252855526260981 0.46431727275138607 
[1, 24, 48], [24, 1, 1], [1, 5, 5], [40, 40, 40], [1, 2], 20, 0.001, 1, False, False 1.2969907059713648 32.72407057531655 2.767372559505857 0.13017198608506758 4.1173598695611275 0.42450279138409114 
[1, 24, 48], [24, 10, 1], [1, 10, 10], [10, 10, 10], [0, 1, 2], 5, 0.001, 1, False, False 1.2775977879210758 32.7636193878347 2.847756728442651 0.020618537164518037 0.8022741977288325 0.04866057778928261 
[1, 24, 48], [24, 5, 1], [1, 20, 20], [40, 40, 40], [1, 2], 1, 0.001, 1, False, False 2.6591696318652898 62.286918255165354 9.385235575369343 0.18466873092137986 2.967363969060358 1.0258861498647234 
[1, 24, 48], [24, 15, 1], [1, 5, 5], [20, 20, 20], [0, 1, 2], 10, 0.001, 1, False, False 1.2348583287111037 30.7751122697246 2.622625454899103 0.010346202164384697 0.6586950382783845 0.0529195018390692 
[1, 24, 48], [24, 5, 1], [1, 5, 5], [20, 20, 20], [0, 1, 2], 1, 0.001, 1, False, False 3.186740692787701 69.46856858001819 12.447897183029005 0.08610226422003159 1.708001555210446 0.6089422396675691 
[1, 24, 48], [24, 15, 1], [1, 5, 5], [20, 20, 20], [0, 1, 2], 20, 0.001, 1, False, False 1.282683529953162 32.447375741009864 2.814345466237258 0.03750762475324839 0.746934614166289 0.028690506813774157 
[1, 24, 48], [24, 10, 1], [1, 5, 5], [10, 10, 10], [0, 1, 2], 20, 0.001, 1, False, False 1.2602022024768373 30.648991639132305 2.630864295821399 0.06882818066039119 2.151021763600722 0.23113064482676707 
[1, 24, 48], [24, 15, 5], [1, 10, 10], [20, 20, 20], [0, 1, 2], 20, 0.001, 1, False, False 1.248300112563151 29.72277943848783 2.6238038024125427 0.03942960777564632 0.5586897719537355 0.04377127930516443 
[1, 24, 48], [24, 15, 1], [1, 5, 5], [30, 30, 30], [1, 2], 20, 0.001, 1, False, False 1.2127449685776677 30.373200071531844 2.463006544530218 0.02851997494189296 0.7670937364519259 0.1647745162013206 
[1, 24, 48], [24, 5, 1], [1, 10, 10], [20, 20, 20], [0, 1, 2], 20, 0.001, 1, False, False 1.2786270537310183 31.208409284414937 2.7010945306365817 0.0442194663744556 1.0082425562231414 0.09621093192559779 
[1, 24, 48], [24, 10, 1], [1, 20, 20], [30, 30, 30], [1, 2], 20, 0.001, 1, False, False 1.2569922042113766 30.01627438041454 2.564021104997163 0.06459487453441977 2.1180287182918818 0.2703540714227269 
[1, 24, 48], [24, 15, 1], [1, 10, 10], [10, 10, 10], [0, 1, 2], 1, 0.001, 1, False, False 3.1317528390222122 67.88537841250246 12.205420065186305 0.07588112622542312 1.1747317659548664 0.47159072795081364 
[1, 24, 48], [24, 10, 1], [1, 5, 5], [40, 40, 40], [1, 2], 10, 0.001, 1, False, False 1.2866874216883273 32.72431395084276 2.877804554369042 0.06340621956163187 0.7650511511114709 0.2414511053758573 
[1, 24, 48], [24, 1, 1], [1, 20, 20], [30, 30, 30], [1, 2], 1, 0.001, 1, False, False 2.5673105971680745 60.91286094104034 8.95643951444231 0.3141940694877151 4.542772610801102 1.5916027127528336 
[1, 24, 48], [24, 5, 1], [1, 10, 10], [10, 10, 10], [0, 1, 2], 20, 0.001, 1, False, False 1.1346013738601297 28.109105753722307 2.208015202057618 0.038563552355121836 1.2650795685162803 0.19709928377105304 
[1, 24, 48], [24, 15, 15], [1, 5, 5], [30, 30, 30], [1, 2], 5, 0.001, 1, False, False 1.3477153634031618 34.654812083161886 3.3928908109755986 0.08352482814994065 3.2582102444911 0.5348523877380649 
[1, 24, 48], [24, 1, 1], [1, 5, 5], [30, 30, 30], [1, 2], 20, 0.001, 1, False, False 1.239158424790259 31.443266957083193 2.6048112815697664 0.03538425869820609 1.5399465928181917 0.17031019093867558 
[1, 24, 48], [24, 10, 1], [1, 20, 20], [40, 40, 40], [1, 2], 20, 0.001, 1, False, False 1.2743208275900948 29.586166206488627 2.6992385325560035 0.11467711732015817 2.251897735174058 0.41118609084738234 
[1, 24, 48], [24, 15, 5], [1, 10, 10], [10, 10, 10], [0, 1, 2], 20, 0.001, 1, False, False 1.2003613310831565 28.906762221333853 2.435528172693392 0.008821720685285273 0.3641842661623602 0.04053251128755153 
[1, 24, 48], [24, 15, 1], [1, 5, 5], [40, 40, 40], [1, 2], 1, 0.001, 1, False, False 2.9440852916902966 66.43826176060362 11.088728682952484 0.3679686512635411 5.583513389981937 2.107615012777517 
[1, 24, 48], [24, 15, 1], [1, 20, 20], [40, 40, 40], [1, 2], 5, 0.001, 1, False, False 1.329398768257212 32.840809930780644 2.8719174389310513 0.029861019471900452 0.8819987894538405 0.06287174919909731 
[1, 24, 48], [24, 10, 1], [1, 20, 20], [40, 40, 40], [1, 2], 1, 0.001, 1, False, False 2.625032113989194 61.962891580197095 9.21330920312171 0.11035688238949512 1.5081266504645248 0.5166072606063149 
[1, 24, 48], [24, 15, 1], [1, 10, 10], [10, 10, 10], [0, 1, 2], 1, 0.001, 1, False, False 3.1484672016567656 68.14397510211063 12.2500186918096 0.02714502240367805 0.5364832794898851 0.16428171985807205 
[1, 24, 48], [24, 10, 1], [1, 5, 5], [20, 20, 20], [0, 1, 2], 1, 0.001, 1, False, False 3.188208240270615 69.6015284495238 12.499129000835653 0.11902552293858613 1.6767902419154173 0.7845769909347686 
[1, 24, 48], [24, 1, 1], [1, 5, 5], [40, 40, 40], [1, 2], 1, 0.001, 1, False, False 3.180983065896564 69.77686523815619 12.4287196952934 0.08514494385957523 1.2549631701140296 0.6023428053456837 
[1, 24, 48], [24, 15, 10], [1, 5, 5], [30, 30, 30], [1, 2], 1, 0.001, 1, False, False 3.1488046681439434 66.5372297189757 12.578159282245176 0.15114557210184415 3.2651843469636037 1.3323013744892078 
[1, 24, 48], [24, 15, 5], [1, 5, 5], [10, 10, 10], [0, 1, 2], 1, 0.001, 1, False, False 2.8255204598108925 63.56560986544153 10.431175129175292 0.25538457534652537 3.2225060236921665 1.5346102307265186 
[1, 24, 48], [24, 5, 1], [1, 5, 5], [10, 10, 10], [0, 1, 2], 1, 0.001, 1, False, False 3.2045445342858634 68.46950260533835 12.640558471622136 0.06603953272156025 1.1386712737844993 0.5213996677741402 
[1, 24, 48], [24, 15, 15], [1, 10, 10], [10, 10, 10], [0, 1, 2], 20, 0.001, 1, False, False 1.2342748653005673 28.580802336672324 2.5208059066186608 0.06088752891277755 1.3904921821654463 0.23231384134792643 
[1, 24, 48], [24, 15, 10], [1, 20, 20], [30, 30, 30], [1, 2], 10, 0.001, 1, False, False 1.2439892465317692 29.835246426199394 2.6332429176581793 0.021511571861548028 0.7208284540701517 0.11301405913327575 
[1, 24, 48], [24, 15, 5], [1, 10, 10], [20, 20, 20], [0, 1, 2], 1, 0.001, 1, False, False 3.0858008950948714 68.94881266438667 11.852556612317258 0.024155352751787117 0.41575064260622707 0.12723137133964568 
[1, 24, 48], [24, 15, 15], [1, 5, 5], [20, 20, 20], [0, 1, 2], 5, 0.001, 1, False, False 1.5193463404973349 40.99634163120313 4.073605253106115 0.22701686838338567 5.243976825872059 1.0551882849721614 
[1, 24, 48], [24, 15, 10], [1, 5, 5], [40, 40, 40], [1, 2], 5, 0.001, 1, False, False 1.4109140599767367 36.37477866437786 3.6870807795940874 0.04666427430014789 1.7061932285045422 0.10038429758265534 
[1, 24, 48], [24, 5, 1], [1, 20, 20], [40, 40, 40], [1, 2], 5, 0.001, 1, False, False 1.2979857225109033 32.47599933474484 2.8713931797008896 0.030449186739077854 0.7242363626770515 0.05465286922189311 
[1, 24, 48], [24, 15, 5], [1, 20, 20], [30, 30, 30], [1, 2], 20, 0.001, 1, False, False 1.3708642301736056 29.672480091443436 2.8722450091762526 0.10036389670298328 0.6392663241508145 0.29120623707054705 
[1, 24, 48], [24, 1, 1], [1, 20, 20], [30, 30, 30], [1, 2], 5, 0.001, 1, False, False 1.2543461116375747 31.57549308936325 2.6799565868551043 0.08843725961933845 2.3316071276222665 0.3063885283563333 
[1, 24, 48], [24, 15, 1], [1, 5, 5], [40, 40, 40], [1, 2], 20, 0.001, 1, False, False 1.239009828368823 30.469564161742298 2.5732557451076907 0.043154429516834514 0.8997327401604615 0.24096630252754997 
[1, 24, 48], [24, 5, 1], [1, 5, 5], [30, 30, 30], [1, 2], 20, 0.001, 1, False, False 1.219931264552805 31.358665647701432 2.5607005377917083 0.051353090981854255 1.5877524545197066 0.15033793858953032 
[1, 24, 48], [24, 15, 10], [1, 20, 20], [40, 40, 40], [1, 2], 20, 0.001, 1, False, False 1.3013768491921607 30.064192277745537 2.7969819988223628 0.06299014657845592 2.809725924566675 0.16553208569181016 
[1, 24, 48], [24, 15, 5], [1, 20, 20], [40, 40, 40], [1, 2], 1, 0.001, 1, False, False 2.0573547411847994 52.60292999907014 6.550546824641359 0.16608550208442147 2.6048471725574154 0.6688432916708034 
[1, 24, 48], [24, 15, 15], [1, 20, 20], [40, 40, 40], [1, 2], 20, 0.001, 1, False, False 1.3887954180991213 32.098613628922486 2.979488953224214 0.06508962643535744 1.7094858895509502 0.2265208513842463 
[1, 24, 48], [24, 15, 1], [1, 5, 5], [40, 40, 40], [1, 2], 5, 0.001, 1, False, False 1.3473105737456572 34.81136919256113 3.0374139014429637 0.04147696748534732 0.7684744399156469 0.2290890957273654 
[1, 24, 48], [24, 15, 1], [1, 5, 5], [30, 30, 30], [1, 2], 1, 0.001, 1, False, False 3.086255274547471 68.22509597053501 11.759872202652714 0.05341728065963209 0.2932111515768949 0.39058633793209685 
[1, 24, 48], [24, 15, 1], [1, 20, 20], [30, 30, 30], [1, 2], 1, 0.001, 1, False, False 2.8302380157841576 64.65733563149816 10.325425333171788 0.1533738932912228 2.1396418426032433 0.8316016599887401 
[1, 24, 48], [24, 1, 1], [1, 20, 20], [40, 40, 40], [1, 2], 10, 0.001, 1, False, False 1.2296251893595411 30.48192775735427 2.5816748803521796 0.043179042925442085 0.8628468613666995 0.22008320688920321 
[1, 24, 48], [24, 15, 1], [1, 10, 10], [20, 20, 20], [0, 1, 2], 5, 0.001, 1, False, False 1.3256792421142258 34.38112715888813 3.009645621316111 0.029172989436836935 1.882616142428967 0.32791070203708317 
[1, 24, 48], [24, 5, 1], [1, 5, 5], [20, 20, 20], [0, 1, 2], 5, 0.001, 1, False, False 1.3013603648653735 35.40891159364899 3.1727202009911672 0.017358226302371542 0.7790269132708879 0.13522386019163196 
[1, 24, 48], [24, 15, 10], [1, 5, 5], [30, 30, 30], [1, 2], 5, 0.001, 1, False, False 1.3035663628467804 35.66574802417348 3.044912692305507 0.037859616490570736 1.1765656864832432 0.18091725176453907 
[1, 24, 48], [24, 15, 1], [1, 10, 10], [10, 10, 10], [0, 1, 2], 5, 0.001, 1, False, False 1.3936424819959534 37.24184725073241 3.723485557555163 0.09323703812223584 2.6064509800588818 0.7157576260199429 
[1, 24, 48], [24, 10, 1], [1, 5, 5], [30, 30, 30], [1, 2], 10, 0.001, 1, False, False 1.2546445041894911 32.28402606509024 2.76847713075675 0.041215537841883775 1.6798016733452665 0.15476192712253198 
[1, 24, 48], [24, 15, 5], [1, 5, 5], [10, 10, 10], [0, 1, 2], 5, 0.001, 1, False, False 1.3679644055940485 36.748440424339066 3.394654449511202 0.036354490889787996 2.4867846523302624 0.3391263810552437 
[1, 24, 48], [24, 15, 15], [1, 20, 20], [30, 30, 30], [1, 2], 20, 0.001, 1, False, False 1.3333095909820667 30.211854847431397 2.8434349347265804 0.0692868518819644 1.985474816959679 0.23343342969940364 
[1, 24, 48], [24, 15, 5], [1, 5, 5], [40, 40, 40], [1, 2], 20, 0.001, 1, False, False 1.2292913077606098 30.78780944009713 2.6136931552321525 0.07676691553355525 2.573166830169056 0.29690891573235856 
[1, 24, 48], [24, 15, 1], [1, 10, 10], [20, 20, 20], [0, 1, 2], 10, 0.001, 1, False, False 1.224698537643309 30.741127338568365 2.640530646549258 0.05800659201238636 0.9057910393589302 0.23464738660607434 
[1, 24, 48], [24, 15, 1], [1, 5, 5], [10, 10, 10], [0, 1, 2], 10, 0.001, 1, False, False 1.306436412919451 33.22787152338852 2.898894504553571 0.0562537978626325 1.2339856610588062 0.09665031334016434 
[1, 24, 48], [24, 15, 5], [1, 20, 20], [40, 40, 40], [1, 2], 5, 0.001, 1, False, False 1.2641286969184877 31.775807708507728 2.7037391276906333 0.014570840935277 1.0976226182044388 0.06652869621696954 
[1, 24, 48], [24, 15, 15], [1, 5, 5], [30, 30, 30], [1, 2], 10, 0.001, 1, False, False 1.3405248708195157 33.79033703752864 3.1302310967280125 0.06271742262675249 1.6381054901180971 0.2798074435173577 
[1, 24, 48], [24, 10, 1], [1, 10, 10], [10, 10, 10], [0, 1, 2], 10, 0.001, 1, False, False 1.1680959284305572 29.23354390382139 2.3905169234393444 0.039644314654605516 0.6897972745728618 0.08897549848102632 
[1, 24, 48], [24, 15, 5], [1, 20, 20], [30, 30, 30], [1, 2], 1, 0.001, 1, False, False 2.6058925466405025 60.33282791654432 9.379697259188172 0.4220660374729197 4.626595188003192 2.3678131609595727 
[1, 24, 48], [24, 15, 15], [1, 20, 20], [40, 40, 40], [1, 2], 1, 0.001, 1, False, False 2.3836642940839132 57.41469492799297 8.208147366343683 0.5808132657197809 9.427674644798945 3.052393298728308 
[1, 24, 48], [24, 15, 1], [1, 20, 20], [40, 40, 40], [1, 2], 10, 0.001, 1, False, False 1.1953398264668609 29.653964074235976 2.504461378483946 0.057198489502095266 1.15508422337453 0.15902038795691725 
[1, 24, 48], [24, 15, 15], [1, 5, 5], [40, 40, 40], [1, 2], 20, 0.001, 1, False, False 1.222691273082186 30.11507446621675 2.5568968385220296 0.12892847293368057 3.252814616098699 0.49464451457488184 
[1, 24, 48], [24, 15, 1], [1, 20, 20], [30, 30, 30], [1, 2], 5, 0.001, 1, False, False 1.3339217441501445 32.33448278767291 3.027530830289924 0.023381876896590836 0.6736680169250073 0.09527442468382918 
[1, 24, 48], [24, 15, 10], [1, 5, 5], [40, 40, 40], [1, 2], 10, 0.001, 1, False, False 1.275504669436702 31.249772422882497 2.7386173216260565 0.09137796257759458 2.7269307926974045 0.329148307122443 
[1, 24, 48], [24, 15, 5], [1, 5, 5], [30, 30, 30], [1, 2], 20, 0.001, 1, False, False 1.1608157354924418 28.92125105877326 2.397549605943697 0.07267348324639496 1.9091811386055095 0.27487497234198804 
[1, 24, 48], [24, 15, 15], [1, 20, 20], [30, 30, 30], [1, 2], 1, 0.001, 1, False, False 2.9451669186353686 64.85978161401091 11.00997106181516 0.14865727954778482 0.0840783518987632 1.0624385694728844 
[1, 24, 48], [24, 15, 5], [1, 5, 5], [40, 40, 40], [1, 2], 1, 0.001, 1, False, False 2.9622012406587603 66.68746299971656 11.078288430770622 0.27617907764660254 3.5006841791429983 1.6965560780685371 
[1, 24, 48], [24, 15, 15], [1, 20, 20], [40, 40, 40], [1, 2], 5, 0.001, 1, False, False 1.2560757173432247 31.428904196754598 2.7190399456905023 0.04074713519899831 0.7515283834986042 0.16983133443075038 
[1, 24, 48], [24, 15, 5], [1, 20, 20], [30, 30, 30], [1, 2], 5, 0.001, 1, False, False 1.2461881738570002 31.350484191574164 2.6382751036705794 0.07763450275506592 1.6735015471072374 0.3303688431011008 
[1, 24, 48], [24, 10, 1], [1, 5, 5], [40, 40, 40], [1, 2], 20, 0.001, 1, False, False 1.2003052077359626 30.230551156833936 2.5659938211299913 0.040666052001711125 1.1054289131998978 0.16178708731206354 
[1, 24, 48], [24, 15, 5], [1, 20, 20], [40, 40, 40], [1, 2], 10, 0.001, 1, False, False 1.2587152423130143 30.715021384975476 2.6444071582296047 0.07666135664965835 1.1385530443145686 0.1749568455748308 
[1, 24, 48], [24, 15, 10], [1, 20, 20], [30, 30, 30], [1, 2], 20, 0.001, 1, False, False 1.2641309638818108 27.707659387058474 2.5304318823238128 0.12668241585123702 3.269963930270621 0.40907270495274456 
[1, 24, 48], [24, 15, 1], [1, 20, 20], [30, 30, 30], [1, 2], 10, 0.001, 1, False, False 1.2309193137619232 29.950352260244845 2.5924839436487863 0.06787988455292217 1.2119301653355143 0.24134161646731017 
[1, 24, 48], [24, 10, 1], [1, 10, 10], [20, 20, 20], [0, 1, 2], 20, 0.001, 1, False, False 1.2869804649993226 31.405747492761552 2.778823432101175 0.04048305688487611 0.44475010523683234 0.11037822901114429 
[1, 24, 48], [24, 15, 1], [1, 5, 5], [10, 10, 10], [0, 1, 2], 20, 0.001, 1, False, False 1.1953066110610961 29.718092487806132 2.4591759624129534 0.026633998833964598 0.8140697453101996 0.10729885204018061 
[1, 24, 48], [24, 15, 1], [1, 5, 5], [20, 20, 20], [0, 1, 2], 20, 0.001, 1, False, False 1.2147889696889453 29.907100785623342 2.523501161906248 0.08177800500880739 2.0752989603186864 0.23726662445714092 
[1, 24, 48], [24, 15, 15], [1, 5, 5], [30, 30, 30], [1, 2], 20, 0.001, 1, False, False 1.1780705790276882 28.11887755020331 2.2841014848592422 0.07605052446379268 2.098852446342814 0.15450170339755215 
[1, 24, 48], [24, 15, 1], [1, 20, 20], [40, 40, 40], [1, 2], 20, 0.001, 1, False, False 1.2776748802926807 30.384865270836258 2.7364694478835836 0.023392390498045944 2.1415508360405813 0.12542753167474346 
