lags time_steps dense_nodes lstm_nodes processed scales                        epochs l2 learning_rate mean_mae mean_mape mean_mse                         std mae std_mape std_mse 
[1, 24], [24, 5], [1, 10], [20, 20], [0, 1], 1, 0.001, 1, False, True 3.7466017244038774 81.71221708596063 18.868438971771113 0.3259800655610903 9.5345854456039 4.117850282645128 
[1, 24], [24, 5], [1, 10], [30, 30], [0, 1], 1, 0.001, 1, False, True 4.139035614983491 83.82133429306306 23.436773219238102 0.8597641708271705 20.67537072059028 8.866137062961062 
[1, 24], [24, 5], [1, 5], [20, 20], [0, 1], 1, 0.001, 1, False, True 4.463969279073733 87.25933597519435 25.570146206086292 1.034392569635781 15.813474252776011 10.662137179422077 
[1, 24], [24, 5], [1, 5], [30, 30], [0, 1], 1, 0.001, 1, False, True 3.9407147310156803 76.26607510949397 19.19215111369038 0.20882679149880196 0.641137197097611 1.7573067958159383 
[1, 24], [24, 10], [1, 5], [20, 20], [0, 1], 1, 0.001, 1, False, True 3.6545930326950775 73.37228489283363 16.59655059370623 0.5457210364517519 8.838275515826927 4.861179849265485 
[1, 24], [24, 10], [1, 5], [30, 30], [0, 1], 1, 0.001, 1, False, True 3.069913980175086 58.45691846657269 12.856325119041742 0.716768900304561 14.298794481363974 5.048290209220815 
[1, 24], [24, 10], [1, 10], [20, 20], [0, 1], 1, 0.001, 1, False, True 4.397591200926239 90.5623309464104 24.816835633942677 0.5831565987662174 12.986710756898844 7.191545859124153 
[1, 24], [24, 15], [1, 5], [30, 30], [0, 1], 1, 0.001, 1, False, True 3.893686508207963 69.79578099559298 20.151593313293322 0.8875296794187513 16.3881619824415 8.58598664621881 
[1, 24], [24, 15], [1, 10], [30, 30], [0, 1], 1, 0.001, 1, False, True 4.855131451337151 98.07099577262763 31.091774141206987 0.4764717624465551 5.962950113054671 5.569880357614086 
[1, 24], [24, 15], [1, 10], [20, 20], [0, 1], 1, 0.001, 1, False, True 4.482574599774349 91.97124571269818 26.15371723150335 0.34351026157278003 9.830731567863719 5.505239074453664 
[1, 24], [24, 15], [1, 5], [20, 20], [0, 1], 1, 0.001, 1, False, True 4.064452691541779 78.81089067304629 21.223594339702853 0.5166546047004468 11.37016748957334 4.718946842916769 
[1, 24], [24, 20], [1, 5], [30, 30], [0, 1], 1, 0.001, 1, False, True 4.538211703610918 81.72871417475932 26.372637373961382 0.24137236801401185 6.377999915266301 2.6044272729216558 
[1, 24], [24, 20], [1, 5], [20, 20], [0, 1], 1, 0.001, 1, False, True 4.0511115244072355 82.23736077108549 21.187426417219044 0.6305734882391608 10.616396960558415 5.956046731667337 
[1, 24], [24, 10], [1, 10], [30, 30], [0, 1], 1, 0.001, 1, False, True 4.084574182359158 86.23355487994154 22.94124461327952 0.32313364012441403 1.9697051574856823 1.291697331836899 
[1, 24], [24, 20], [1, 10], [20, 20], [0, 1], 1, 0.001, 1, False, True 4.495676640924758 91.57244544205143 26.550026571392493 0.5673862981286908 10.942023086803466 6.7647777667694164 
[1, 24], [24, 20], [1, 10], [30, 30], [0, 1], 1, 0.001, 1, False, True 4.7794293787019955 91.86375569559941 29.302495477898578 0.7456973666993629 16.171476040565363 8.652505136249344 
[1, 24], [24, 5], [1, 5], [20, 20], [1], 1, 0.001, 1, False, True 3.594223603506194 82.56705044762202 19.83819408484068 0.48454461383167624 11.401539829273208 6.065623635450667 
[1, 24], [24, 5], [1, 10], [30, 30], [1], 1, 0.001, 1, False, True 3.682291889990923 84.43741505750343 18.96021612148003 0.22918659475079284 5.041884503078507 2.0703009782375155 
[1, 24], [24, 10], [1, 10], [20, 20], [1], 1, 0.001, 1, False, True 4.017375098527583 93.64389916947157 25.55253936942877 0.2807250634954963 7.120658585435516 5.097703938539234 
[1, 24], [24, 15], [1, 5], [30, 30], [1], 1, 0.001, 1, False, True 4.088717440094938 86.93268492123252 21.910825472017667 0.33844062058089985 10.786612454620993 4.416850788941937 
[1, 24], [24, 20], [1, 5], [20, 20], [1], 1, 0.001, 1, False, True 4.035540807895639 89.09117788867133 21.684564600329875 0.4268670765869154 8.564568912240768 4.272840399692858 
[1, 24], [24, 20], [1, 10], [30, 30], [1], 1, 0.001, 1, False, True 4.6554700008524526 100.0435423828543 31.478056540067637 1.2190140680765282 19.738814801255064 15.60376363171631 
[1, 24], [24, 5], [1, 5], [30, 30], [1], 1, 0.001, 1, False, True 3.80459601810823 85.54324386968396 19.86523503844792 0.3031653234479663 5.708495955228062 2.5431607254044013 
[1, 24], [24, 10], [1, 10], [30, 30], [1], 1, 0.001, 1, False, True 3.5926716089421133 82.8924663499116 19.307732906189916 0.20753822754564286 4.879953311903579 1.9930768620773482 
[1, 24], [24, 10], [1, 5], [20, 20], [1], 1, 0.001, 1, False, True 4.062551223804003 88.2056391691279 21.49151569498252 0.41205499131317386 5.434704913969489 3.5755610345095215 
[1, 24, 48], [24, 5, 5], [1, 10, 10], [20, 20, 20], [1, 2], 1, 0.001, 1, False, True 3.494487129336361 51.45231729950141 19.967079005712733 0.5360725858230606 4.691096673943915 5.804560623588455 
[1, 24], [24, 15], [1, 10], [20, 20], [1], 1, 0.001, 1, False, True 4.15028585234519 91.72280502637227 25.044797256547792 0.6955331263863914 7.861144066173664 6.34047260070565 
[1, 24], [24, 20], [1, 5], [30, 30], [1], 1, 0.001, 1, False, True 4.691842280762892 96.50237361051018 29.237171009721113 0.7807365858766319 11.656241321374413 8.09253767568719 
[1, 24, 48], [24, 5, 5], [1, 20, 20], [30, 30, 30], [1, 2], 1, 0.001, 1, False, True 2.9470145723161596 52.91096544138839 13.26814663027852 0.0609562464926306 7.854360325213882 0.938462632762119 
[1, 24, 48], [24, 10, 5], [1, 20, 20], [20, 20, 20], [1, 2], 1, 0.001, 1, False, True 3.381230541539413 48.65854499621202 17.702713682125832 0.28507242580360936 2.057608837269638 2.766072801727194 
[1, 24, 48], [24, 15, 5], [1, 10, 10], [30, 30, 30], [1, 2], 1, 0.001, 1, False, True 3.079478705967604 63.021242296903864 14.54364364532554 0.23868870371231118 7.553076695645892 1.9352020059430262 
[1, 24, 48], [24, 20, 20], [1, 10, 10], [20, 20, 20], [0, 1, 2], 1, 0.001, 1, False, True 3.2683684162588587 73.2618170854637 17.043432644066264 0.6936923875877626 20.18629614360261 6.872662783125787 
[1, 24], [24, 5], [1, 10], [20, 20], [1], 1, 0.001, 1, False, True 4.370320366757613 97.17543469392577 26.576907196179107 0.5471063421847491 9.46217394018802 4.899790171090431 
[1, 24, 48], [24, 20, 20], [1, 20, 20], [30, 30, 30], [0, 1, 2], 1, 0.001, 1, False, True 3.2664735046249853 71.44436629278431 17.06578767684357 0.7787335188406367 18.731924945063053 7.991323744276535 
[1, 24, 48], [24, 20, 15], [1, 10, 10], [30, 30, 30], [0, 1, 2], 1, 0.001, 1, False, True 3.1637366314246154 69.70634787476399 17.308319796450316 0.7804962330847169 25.195382579852236 10.203134420472159 
[1, 24, 48], [24, 20, 10], [1, 20, 20], [20, 20, 20], [0, 1, 2], 1, 0.001, 1, False, True 3.2741748212595234 76.04198574020313 17.722706927980536 0.34374583852351326 10.800090292675916 4.855947212258851 
[1, 24, 48], [24, 5, 5], [1, 10, 10], [20, 20, 20], [0, 1, 2], 1, 0.001, 1, False, True 3.022558562243703 67.55969699427281 13.708822701560498 0.1572450437570653 6.758223277939252 1.211042226757776 
[1, 24], [24, 10], [1, 5], [30, 30], [1], 1, 0.001, 1, False, True 4.058250861145833 88.99165199999014 22.760428763717936 0.3559482602903163 9.48343598526257 5.370849111135492 
[1, 24], [24, 15], [1, 5], [20, 20], [1], 1, 0.001, 1, False, True 3.6853110743652078 82.2915532154124 18.635398853494905 0.5276050966813053 12.814169371027436 6.579916667557862 
[1, 24, 48], [24, 20, 5], [1, 20, 20], [30, 30, 30], [0, 1, 2], 1, 0.001, 1, False, True 3.097814609841617 70.62657534559645 14.827068069497495 0.33285902376439025 9.0201883074382 3.5692937854209563 
[1, 24], [24, 15], [1, 10], [30, 30], [1], 1, 0.001, 1, False, True 4.242385175358504 95.10692183328018 26.530609479865177 0.4726680795445102 7.22055113861052 4.484682121674789 
[1, 24, 48], [24, 20, 5], [1, 10, 10], [20, 20, 20], [0, 1, 2], 1, 0.001, 1, False, True 2.793420077612003 59.34018641976537 12.585457820063546 0.19608865098233108 4.847622739537388 1.8792536594779943 
[1, 24], [24, 20], [1, 10], [20, 20], [1], 1, 0.001, 1, False, True 3.7398553642409826 86.43381900828994 21.380692692919354 0.3198248289846633 7.808463577639598 4.398091208761947 
[1, 24, 48], [24, 5, 5], [1, 20, 20], [30, 30, 30], [0, 1, 2], 1, 0.001, 1, False, True 3.171902788682255 73.13490893903595 15.922063341277303 0.3355761951684733 8.70574854990056 3.321772997967907 
[1, 24, 48], [24, 10, 5], [1, 20, 20], [20, 20, 20], [0, 1, 2], 1, 0.001, 1, False, True 2.7966093793373417 55.5744561437722 12.05764722847031 0.1849358274472784 6.519145268495642 1.7503034183109805 
[1, 24, 48], [24, 15, 5], [1, 10, 10], [30, 30, 30], [0, 1, 2], 1, 0.001, 1, False, True 2.95779164162361 64.74943234729423 12.75400282585459 0.5224158799964386 11.303801870453729 4.592519340202157 
[1, 24, 48], [24, 5, 5], [1, 10, 10], [30, 30, 30], [1, 2], 1, 0.001, 1, False, True 3.023656696329514 58.45800358915918 14.126168038019275 0.5432758473986311 18.000900665167496 4.15571234875441 
[1, 24, 48], [24, 10, 5], [1, 10, 10], [20, 20, 20], [1, 2], 1, 0.001, 1, False, True 3.144835834694957 57.70431602809408 14.750461265659053 0.2189741669829026 4.563292779130929 1.6938131790446056 
[1, 24, 48], [24, 15, 5], [1, 20, 20], [20, 20, 20], [1, 2], 1, 0.001, 1, False, True 3.1753162346883776 50.9776072086218 15.062537829845061 0.11328940775315834 1.4521643764897103 1.0987467784485119 
[1, 24, 48], [24, 10, 5], [1, 20, 20], [30, 30, 30], [1, 2], 1, 0.001, 1, False, True 3.2821967369152443 46.51888908575584 17.027092148393333 0.2948159563050342 2.0805206901068907 3.145581599566697 
[1, 24, 48], [24, 20, 15], [1, 10, 10], [30, 30, 30], [1, 2], 1, 0.001, 1, False, True 3.4460190324250752 77.1146831740464 21.02877478557667 0.8620047300613565 24.645240285602586 11.46578136424604 
[1, 24, 48], [24, 20, 5], [1, 10, 10], [20, 20, 20], [1, 2], 1, 0.001, 1, False, True 3.5606585013990606 83.02977686144995 20.51655320680091 0.6288376577671005 14.885381280345008 5.9785982038663805 
[1, 24, 48], [24, 20, 10], [1, 20, 20], [20, 20, 20], [1, 2], 1, 0.001, 1, False, True 2.9968210646951636 50.27164954726205 14.398945506123725 0.19336258956891433 2.352812674713392 1.1884766369949527 
[1, 24, 48], [24, 20, 5], [1, 20, 20], [30, 30, 30], [1, 2], 1, 0.001, 1, False, True 2.8129937903438176 57.01313742225358 12.91102874595 0.26461730667739297 10.642480735449999 2.843880253811666 
[1, 24, 48], [24, 20, 20], [1, 10, 10], [30, 30, 30], [0, 1, 2], 1, 0.001, 1, False, True 3.238199279860904 72.58710078645468 19.354659968356316 0.8377556404973745 23.65449996794255 12.688097087767533 
[1, 24, 48], [24, 20, 15], [1, 20, 20], [20, 20, 20], [0, 1, 2], 1, 0.001, 1, False, True 2.8298798195362367 59.29607537994449 12.289681293532565 0.07554865810882894 7.416115859807303 1.3036343773286931 
[1, 24, 48], [24, 5, 5], [1, 10, 10], [20, 20, 20], [2], 1, 0.001, 1, False, True 6.214956632923955 85.21224072245218 51.90088293639955 0.30006653362032154 5.2628247532705945 2.9946607402672294 
[1, 24, 48], [24, 5, 5], [1, 20, 20], [30, 30, 30], [2], 1, 0.001, 1, False, True 3.252480029276814 50.47191955539037 16.306883893653804 0.5074824778023137 5.372306811068846 4.614520075612093 
[1, 24, 48], [24, 20, 20], [1, 10, 10], [20, 20, 20], [2], 1, 0.001, 1, False, True 3.3149300267712936 73.01028605827133 17.635216486705367 0.3081687971827824 10.365232186233978 4.4223443871825845 
[1, 24, 48], [24, 20, 15], [1, 10, 10], [30, 30, 30], [2], 1, 0.001, 1, False, True 3.8839490627559528 76.3287978789922 24.108395105586897 0.5320913398268721 21.948724945167033 6.177122377157173 
[1, 24, 48], [24, 20, 10], [1, 20, 20], [20, 20, 20], [2], 1, 0.001, 1, False, True 5.743643996004377 82.14906357443044 45.77189140271826 1.4692661799590272 22.21454750840813 18.33029753688352 
[1, 24, 48], [24, 5, 5], [1, 10, 10], [30, 30, 30], [0, 1, 2], 1, 0.001, 1, False, True 2.8662531878557744 64.17379873902121 12.494636226049787 0.12265112203150352 4.074506401207121 0.40899331081936824 
[1, 24, 48], [24, 5, 5], [1, 20, 20], [20, 20, 20], [1, 2], 1, 0.001, 1, False, True 3.6212429590135193 53.47498973758599 21.57165151304032 0.861690823064436 6.3969207575923495 9.951454829742064 
[1, 24, 48], [24, 20, 10], [1, 20, 20], [30, 30, 30], [0, 1, 2], 1, 0.001, 1, False, True 3.2238881343147825 75.62598142270959 16.217681484995477 0.13965779824474225 5.120342722303606 1.3380799131175796 
[1, 24, 48], [24, 10, 5], [1, 10, 10], [30, 30, 30], [1, 2], 1, 0.001, 1, False, True 3.713073534973794 65.06525496908718 20.65368095807717 0.4088238214879536 16.90768155366035 3.904514226869227 
[1, 24, 48], [24, 20, 10], [1, 10, 10], [20, 20, 20], [0, 1, 2], 1, 0.001, 1, False, True 2.911216155039492 64.10578066996997 12.755457264148466 0.3074658841226929 7.591464719070379 2.2761082974365276 
[1, 24, 48], [24, 20, 15], [1, 20, 20], [20, 20, 20], [1, 2], 1, 0.001, 1, False, True 4.026540340531479 81.41595583963715 28.08717387878899 0.40805959841581 25.584929515762152 7.293128212325931 
[1, 24, 48], [24, 20, 5], [1, 10, 10], [30, 30, 30], [0, 1, 2], 1, 0.001, 1, False, True 3.0594441284598033 70.18878318256166 14.133250210487029 0.36005819898259606 10.77838787715013 3.412661037839494 
[1, 24, 48], [24, 20, 10], [1, 10, 10], [20, 20, 20], [1, 2], 1, 0.001, 1, False, True 3.0577445645368204 58.687472848645086 14.96462627222085 0.16471671509104405 9.377109427294398 1.9522804637758577 
[1, 24, 48], [24, 15, 5], [1, 20, 20], [30, 30, 30], [1, 2], 1, 0.001, 1, False, True 2.9413573741429935 50.811665369974016 13.401219917162607 0.47533327352185323 1.3899919577935345 4.2949490071987 
[1, 24, 48], [24, 20, 10], [1, 20, 20], [30, 30, 30], [1, 2], 1, 0.001, 1, False, True 2.5881627444419317 48.29671831366465 9.846375547728632 0.07297717049966564 2.638173411037211 0.8033150415345247 
[1, 24, 48], [24, 20, 5], [1, 10, 10], [30, 30, 30], [1, 2], 1, 0.001, 1, False, True 3.3384175972599124 68.99201733031536 17.373840269675966 0.3207399487110696 15.596136470210814 3.173584808512535 
[1, 24, 48], [24, 15, 5], [1, 10, 10], [20, 20, 20], [1, 2], 1, 0.001, 1, False, True 3.0084612854239015 63.739644105914174 13.89535774210441 0.10182358451678025 4.4928674836455205 0.6889526821656613 
[1, 24, 48], [24, 10, 5], [1, 10, 10], [20, 20, 20], [0, 1, 2], 1, 0.001, 1, False, True 2.8800550341571647 63.6366093393981 13.129319033201968 0.28301255952900145 9.654491964053708 2.408533992754587 
[1, 24, 48], [24, 20, 20], [1, 10, 10], [20, 20, 20], [1, 2], 1, 0.001, 1, False, True 3.773353878374177 76.08722245454707 23.4168716114502 0.4198381795498433 20.037410048825816 7.3570899715380795 
[1, 24, 48], [24, 20, 20], [1, 20, 20], [30, 30, 30], [1, 2], 1, 0.001, 1, False, True 2.663953800906462 51.92080323016754 11.433525781286692 0.05068086709794696 2.9694486364576727 0.06896482735446505 
[1, 24, 48], [24, 5, 5], [1, 10, 10], [30, 30, 30], [2], 1, 0.001, 1, False, True 5.086389161745103 69.61928699405568 39.07644258990212 0.6828183461306069 7.350608214957635 9.939531546228736 
[1, 24, 48], [24, 20, 20], [1, 10, 10], [30, 30, 30], [2], 1, 0.001, 1, False, True 3.4871094896406354 53.576030319029314 20.357011048180663 0.8163311387658315 2.5167253622680255 9.471844573960214 
[1, 24, 48], [24, 20, 10], [1, 10, 10], [20, 20, 20], [2], 1, 0.001, 1, False, True 5.749770419096738 78.84400095807156 45.69881996100782 0.689424818966217 13.581489524483914 7.858880237311823 
[1, 24, 48], [24, 20, 15], [1, 20, 20], [20, 20, 20], [2], 1, 0.001, 1, False, True 5.9040514206778925 81.43534205607577 52.07746192105149 1.896498769416195 31.917287932341114 28.641483580072148 
[1, 24, 48], [24, 20, 10], [1, 20, 20], [30, 30, 30], [2], 1, 0.001, 1, False, True 4.041007228539739 61.504996626567156 25.72405323329143 0.6854205255290862 7.588101014684016 6.8738335623764275 
[1, 24, 48], [24, 20, 20], [1, 20, 20], [30, 30, 30], [2], 1, 0.001, 1, False, True 5.653024536048933 79.73054059529058 48.078528272549924 1.3967646020204536 23.109819486747682 18.730577257012225 
[1, 24, 48], [24, 15, 5], [1, 20, 20], [20, 20, 20], [0, 1, 2], 1, 0.001, 1, False, True 3.2276462137319704 64.70070893557006 16.13809079750565 0.3105847289201382 14.546417278605004 4.007770799454114 
[1, 24, 48], [24, 10, 5], [1, 20, 20], [30, 30, 30], [0, 1, 2], 1, 0.001, 1, False, True 2.7104584509541314 58.33840247440032 11.03454610174037 0.06984266668277757 1.591779885925814 1.0592803181094088 
[1, 24, 48], [24, 5, 5], [1, 20, 20], [20, 20, 20], [2], 1, 0.001, 1, False, True 6.4607500637484785 91.15609002715694 57.589651181192174 1.246773671571286 21.182300092190424 17.76957249182069 
[1, 24, 48], [24, 20, 20], [1, 20, 20], [20, 20, 20], [0, 1, 2], 1, 0.001, 1, False, True 2.509697642822371 53.31711097632643 9.54594674220752 0.02054203906515395 2.9272092158320806 0.17018006848064282 
[1, 24, 48], [24, 20, 20], [1, 20, 20], [20, 20, 20], [2], 1, 0.001, 1, False, True 4.488900867088146 61.09264568613043 30.15486732350521 0.42562175802115393 4.791722940485763 6.077442188268394 
[1, 24, 48], [24, 20, 10], [1, 10, 10], [30, 30, 30], [2], 1, 0.001, 1, False, True 5.249260098542113 81.90482484372968 41.22912948455906 1.69531990051857 12.97491056547564 20.13468201275036 
[1, 24, 48], [24, 20, 15], [1, 20, 20], [30, 30, 30], [1, 2], 1, 0.001, 1, False, True 2.897359274600253 55.818816372021786 13.596347741511492 0.14495355659689452 6.579010876113455 1.4741968998726862 
[1, 24, 48], [24, 20, 15], [1, 10, 10], [20, 20, 20], [2], 1, 0.001, 1, False, True 3.838178206691346 69.13150053571933 23.221971558533706 0.7123876459276332 10.78370077690921 8.112223346973865 
[1, 24, 48], [24, 20, 15], [1, 20, 20], [30, 30, 30], [2], 1, 0.001, 1, False, True 3.6136876603467734 55.75009913818665 20.357312989413504 0.8257984775143848 6.396114112578962 8.14679547918484 
[1, 24, 48], [24, 20, 5], [1, 20, 20], [20, 20, 20], [1, 2], 1, 0.001, 1, False, True 3.6285366255057014 54.98493921668764 20.775211369440807 0.6626848319363461 1.9927686101690834 8.311438361590039 
[1, 24, 48], [24, 20, 15], [1, 10, 10], [20, 20, 20], [1, 2], 1, 0.001, 1, False, True 3.2467075562070096 66.42848938204821 15.997251031675967 0.0726229096338682 12.09678036740675 2.101253867197812 
[1, 24, 48], [24, 20, 15], [1, 20, 20], [30, 30, 30], [0, 1, 2], 1, 0.001, 1, False, True 2.614765492850846 56.565300776640775 9.808373544616247 0.004679390873928472 0.833203498884261 0.7223600166923643 
[1, 24, 48], [24, 20, 10], [1, 10, 10], [30, 30, 30], [1, 2], 1, 0.001, 1, False, True 3.025388897834691 66.89862485020778 13.306158171582629 0.18704998763637776 3.004613162061296 1.2067766748361277 
[1, 24, 48], [24, 20, 20], [1, 10, 10], [30, 30, 30], [1, 2], 1, 0.001, 1, False, True 2.642095467123996 47.87884114455276 11.34701515723579 0.16605686623191748 2.307210628095147 1.4813154852594277 
[1, 24, 48], [24, 20, 15], [1, 10, 10], [20, 20, 20], [0, 1, 2], 1, 0.001, 1, False, True 3.061034384487129 68.91218637551194 16.8075341579277 1.0394702747216482 29.33781156434207 13.632110037886296 
[1, 24, 48], [24, 20, 10], [1, 10, 10], [30, 30, 30], [0, 1, 2], 1, 0.001, 1, False, True 2.815445939744651 61.881244035078 12.140590031748744 0.03183438852500255 2.500773344776151 0.661984706891944 
[1, 24, 48], [24, 5, 5], [1, 20, 20], [20, 20, 20], [0, 1, 2], 1, 0.001, 1, False, True 2.9662237751711573 54.03780017167594 13.804606221759363 0.15632822876490582 11.318682826195694 1.7690327471925955 
[1, 24, 48], [24, 20, 5], [1, 20, 20], [20, 20, 20], [0, 1, 2], 1, 0.001, 1, False, True 2.832122648327991 63.19758251009505 13.21829035141006 0.1488723310054813 5.852512198097193 1.439344334994115 
[1, 24, 48], [24, 10, 5], [1, 10, 10], [30, 30, 30], [0, 1, 2], 1, 0.001, 1, False, True 3.392749025341537 75.04937091502832 17.30917695645415 0.8856745954597798 19.17786596042716 7.889829209657763 
[1, 24, 48], [24, 20, 20], [1, 20, 20], [20, 20, 20], [1, 2], 1, 0.001, 1, False, True 3.077150451750667 57.136527740706576 14.665279246927627 0.508954076825186 13.13412464844887 4.566599700374632 
[1, 24, 48], [24, 15, 5], [1, 10, 10], [20, 20, 20], [0, 1, 2], 1, 0.001, 1, False, True 3.133185135497263 68.6970135292513 15.937866624163613 0.5897529147961674 17.192887733169552 5.814432374146437 
[1, 24, 48], [24, 15, 5], [1, 20, 20], [30, 30, 30], [0, 1, 2], 1, 0.001, 1, False, True 3.3326908085805687 74.92481479160706 17.459067533072105 0.8731166521329533 20.169445156418124 9.523173862661412 
