lags time_steps dense_nodes lstm_nodes processed scales                        epochs l2 learning_rate mean_mae mean_mape mean_mse                         std mae std_mape std_mse 
[1, 24], [24, 10], [1, 10], [20, 20], [0, 1], 1, 0.001, 1, False, True 1.580644260733216 36.08111041381207 3.7496815010884457 0.1541410935764185 1.1521327220985675 0.5490540339824991 
[1, 24], [24, 20], [1, 10], [20, 20], [0, 1], 1, 0.001, 1, False, True 1.7708999642619385 38.78058731720523 4.571408409491023 0.14615477397184615 0.9116926180742844 0.6625651004770778 
[1, 24], [24, 15], [1, 10], [20, 20], [0, 1], 1, 0.001, 1, False, True 1.6882015612390309 37.83139355667053 4.244450073794973 0.28722032944574644 2.642642969591222 1.0694306086200902 
[1, 24], [24, 5], [1, 10], [20, 20], [0, 1], 1, 0.001, 1, False, True 1.8250520881679329 39.088536065006345 4.881009600646777 0.2640673628919396 3.9581415225961063 1.2512587510184 
[1, 24], [24, 10], [1, 10], [30, 30], [0, 1], 1, 0.001, 1, False, True 1.6263784146971176 37.07733484494262 4.06080650696684 0.18082228905125997 1.7099851772307848 0.5067833557347632 
[1, 24], [24, 5], [1, 10], [30, 30], [0, 1], 1, 0.001, 1, False, True 1.8508981104250315 40.178657629759435 4.9276663727633485 0.039297131761748136 0.7463431608173557 0.21931845258142713 
[1, 24], [24, 20], [1, 10], [30, 30], [0, 1], 1, 0.001, 1, False, True 1.6657702759460173 38.26830549698452 4.151756568443768 0.16972709838371014 1.3892463534903372 0.4613993803848769 
[1, 24], [24, 10], [1, 5], [20, 20], [0, 1], 1, 0.001, 1, False, True 1.7413205508832583 40.918296854566314 4.592719197730703 0.16588925004743701 3.450606668194729 0.8283654098228658 
[1, 24], [24, 20], [1, 5], [20, 20], [0, 1], 1, 0.001, 1, False, True 1.7499461570271746 39.47847880852547 4.534356280898426 0.09662075512596124 1.0483760428843636 0.2973184585983239 
[1, 24], [24, 20], [1, 5], [30, 30], [0, 1], 1, 0.001, 1, False, True 1.7161516030629487 38.7317965481627 4.4524117488539305 0.029514971409845627 0.4321932649766823 0.0595554473678468 
[1, 24], [24, 10], [1, 5], [30, 30], [0, 1], 1, 0.001, 1, False, True 1.7269995797563489 38.76903404341957 4.547111343339989 0.11388701449295335 2.6522848327303534 0.4816594901759768 
[1, 24], [24, 15], [1, 10], [30, 30], [0, 1], 1, 0.001, 1, False, True 1.724776165684065 38.58628350117079 4.291344921076949 0.0731563509821757 0.5637744420328966 0.27016845570913434 
[1, 24], [24, 15], [1, 5], [30, 30], [0, 1], 1, 0.001, 1, False, True 1.7864085519755335 38.30733430379505 4.651137549213032 0.08708977858317939 1.3887612781175467 0.48018759173384784 
[1, 24], [24, 5], [1, 5], [30, 30], [0, 1], 1, 0.001, 1, False, True 1.8586657252576628 41.55797571471985 5.03184403685495 0.05463293972637547 1.4487866193398167 0.27277024001260536 
[1, 24, 48], [24, 10, 5], [1, 10, 10], [20, 20, 20], [0, 1, 2], 1, 0.001, 1, False, True 1.6049427664942215 38.05581476036591 4.049200116059278 0.09346292408266674 2.6455261155393317 0.48338722717564275 
[1, 24, 48], [24, 15, 5], [1, 10, 10], [30, 30, 30], [0, 1, 2], 1, 0.001, 1, False, True 1.570854596517704 39.288880763773115 4.11446759806892 0.11367561860373439 2.9004818365285323 0.5806754617854762 
[1, 24, 48], [24, 5, 5], [1, 20, 20], [20, 20, 20], [0, 1, 2], 1, 0.001, 1, False, True 1.4914067305900431 38.33072833202662 3.9102674734892258 0.37505832505619086 7.701402881653493 1.7690434459635056 
[1, 24, 48], [24, 5, 5], [1, 10, 10], [20, 20, 20], [0, 1, 2], 1, 0.001, 1, False, True 1.4660458513983976 38.12178024313497 3.7857199927648764 0.15297149073187208 3.500129595580393 0.6286333117915089 
[1, 24, 48], [24, 15, 5], [1, 10, 10], [20, 20, 20], [0, 1, 2], 1, 0.001, 1, False, True 1.786554772765548 44.45687628845089 5.227442269562232 0.0693036650363819 1.5506587757926729 0.6064058866592066 
[1, 24, 48], [24, 5, 5], [1, 20, 20], [30, 30, 30], [0, 1, 2], 1, 0.001, 1, False, True 1.8055610360922634 46.13227762164505 5.7233817390069435 0.6832979066633305 14.16444068288453 3.693998078916023 
[1, 24, 48], [24, 5, 5], [1, 10, 10], [30, 30, 30], [0, 1, 2], 1, 0.001, 1, False, True 1.6453960766394935 40.11718682420752 4.472575643679774 0.0906270900777801 3.120324631136428 0.38504484154285556 
[1, 24, 48], [24, 10, 5], [1, 20, 20], [20, 20, 20], [0, 1, 2], 1, 0.001, 1, False, True 1.920073056441766 46.96766998302436 6.441479667473103 0.8024803168769129 16.33776317036005 4.5353672671389464 
[1, 24, 48], [24, 10, 5], [1, 20, 20], [30, 30, 30], [0, 1, 2], 1, 0.001, 1, False, True 1.5382970694038607 39.45430070585953 4.079354306702504 0.09294235482314005 0.9839493814399725 0.08531984150482703 
[1, 24, 48], [24, 10, 5], [1, 10, 10], [30, 30, 30], [0, 1, 2], 1, 0.001, 1, False, True 2.5736032990393816 61.65813506872839 10.51538314739491 0.6800851150467491 14.13566016081149 4.806789412253769 
[1, 24, 48], [24, 20, 20], [1, 20, 20], [20, 20, 20], [0, 1, 2], 1, 0.001, 1, False, True 1.5397463989478568 40.569185181282954 4.165672983085139 0.1266810411405568 3.6786068887581793 0.6112490051918713 
[1, 24, 48], [24, 20, 20], [1, 20, 20], [30, 30, 30], [0, 1, 2], 1, 0.001, 1, False, True 2.195167194141282 52.10440679377147 7.5378344649111915 0.11119760443692027 1.0836188595845913 0.49056569235517 
[1, 24, 48], [24, 15, 5], [1, 20, 20], [30, 30, 30], [0, 1, 2], 1, 0.001, 1, False, True 1.680198034092232 42.71167904379092 5.096071532084685 0.4034626692142567 6.650751642664581 1.8162723904783276 
[1, 24, 48], [24, 20, 5], [1, 10, 10], [20, 20, 20], [0, 1, 2], 1, 0.001, 1, False, True 1.593367827490524 38.730492716994824 4.061152434717012 0.15502387318551236 2.0590066099141517 0.5388853541787818 
[1, 24, 48], [24, 20, 5], [1, 20, 20], [20, 20, 20], [0, 1, 2], 1, 0.001, 1, False, True 1.2836788245925195 35.822633449037696 3.2772566735382966 0.2424777398149522 5.1807187664776055 0.9988109331440909 
[1, 24, 48], [24, 15, 5], [1, 20, 20], [20, 20, 20], [0, 1, 2], 1, 0.001, 1, False, True 1.797591179664489 42.044025761593645 5.346388061932913 0.38208536174356095 8.540395788160684 2.0019225862735857 
[1, 24, 48], [24, 20, 5], [1, 10, 10], [30, 30, 30], [0, 1, 2], 1, 0.001, 1, False, True 2.218588327919995 52.783270031073634 7.7413582076681955 0.0976058249921125 3.032602731439018 0.6289882333167717 
[1, 24, 48], [24, 20, 20], [1, 10, 10], [20, 20, 20], [0, 1, 2], 1, 0.001, 1, False, True 1.8476548885857629 38.26798949379318 5.369531712776609 0.32508108540952324 3.602732147084577 1.5095404433446877 
[1, 24, 48], [24, 20, 20], [1, 10, 10], [30, 30, 30], [0, 1, 2], 1, 0.001, 1, False, True 1.9475328764429802 46.1104930693786 5.932733530663872 0.34598289936301463 7.634049369056509 2.0677331735888154 
[1, 24, 48], [24, 20, 15], [1, 20, 20], [30, 30, 30], [0, 1, 2], 1, 0.001, 1, False, True 1.6150604242527924 42.17080827430258 4.568160528904212 0.22494098554650774 3.699230553700923 0.8511521351711173 
[1, 24, 48], [24, 20, 15], [1, 20, 20], [20, 20, 20], [0, 1, 2], 1, 0.001, 1, False, True 1.613400823540158 41.77688900954528 4.828809905689652 0.3342961885245638 5.84349811991526 1.7161399411582874 
[1, 24, 48], [24, 20, 15], [1, 10, 10], [30, 30, 30], [0, 1, 2], 1, 0.001, 1, False, True 1.5543381857651255 41.26984905344775 4.0444981207652075 0.08843566505694313 3.6205158726101883 0.524453998466896 
[1, 24, 48], [24, 20, 15], [1, 10, 10], [20, 20, 20], [0, 1, 2], 1, 0.001, 1, False, True 1.7694776674111685 45.68321672004129 5.139783745710003 0.26181892850156807 7.648498329485039 1.4036112597669068 
[1, 24, 48], [24, 20, 10], [1, 20, 20], [30, 30, 30], [0, 1, 2], 1, 0.001, 1, False, True 1.6518426068403105 41.614253693052085 4.686814491923354 0.39266459112165936 7.265857414381704 2.0262014876227723 
[1, 24, 48], [24, 20, 10], [1, 10, 10], [20, 20, 20], [0, 1, 2], 1, 0.001, 1, False, True 1.5173809635418432 41.07779036842888 4.028297710929109 0.07776024085975218 0.6803795789187883 0.45740345095764917 
[1, 24, 48], [24, 20, 5], [1, 20, 20], [30, 30, 30], [0, 1, 2], 1, 0.001, 1, False, True 2.115534082496608 52.23011525706955 7.159218888247746 0.2223886044206735 3.7558905983146893 1.5912881144467033 
[1, 24, 48], [24, 20, 10], [1, 10, 10], [30, 30, 30], [0, 1, 2], 1, 0.001, 1, False, True 1.6088777447188345 43.271932024359614 4.5214169737967405 0.04396680900823518 2.462815977048925 0.35137959468639257 
[1, 24, 48], [24, 20, 10], [1, 20, 20], [20, 20, 20], [0, 1, 2], 1, 0.001, 1, False, True 1.59137031910596 41.4515218603961 4.207211875106267 0.19086013744863856 5.057918783520553 0.9702606505812997 
[1, 24, 48], [24, 20, 20], [1, 10, 10], [30, 30, 30], [1, 2], 1, 0.001, 1, False, True 1.2767919738535527 31.185734863603894 2.563923115265267 0.009275680198369654 1.1754152238306586 0.20326699709932222 
[1, 24, 48], [24, 20, 20], [1, 20, 20], [20, 20, 20], [1, 2], 1, 0.001, 1, False, True 1.589517286861385 32.106652542700665 3.6958190198211613 0.20273659818137627 0.644959533858369 0.6251353871844947 
[1, 24, 48], [24, 5, 5], [1, 10, 10], [30, 30, 30], [1, 2], 1, 0.001, 1, False, True 1.314509822262658 30.45430778571173 2.7038464301223293 0.17007257677222518 1.7320258295244737 0.5472844479169392 
[1, 24, 48], [24, 20, 20], [1, 10, 10], [20, 20, 20], [1, 2], 1, 0.001, 1, False, True 1.3075621353255373 34.337259082078184 2.9738391399642627 0.1034065321772509 3.4974084153581706 0.621859337321781 
[1, 24, 48], [24, 5, 5], [1, 10, 10], [20, 20, 20], [1, 2], 1, 0.001, 1, False, True 2.177232092232616 53.61988017108937 7.918252439126853 0.6090492136128812 15.886258897672311 3.8414214862439278 
[1, 24, 48], [24, 20, 15], [1, 20, 20], [20, 20, 20], [1, 2], 1, 0.001, 1, False, True 1.1553339888652168 28.863385371042625 2.0886071684228327 0.011787512097870287 0.7155449737919402 0.0891436297861567 
[1, 24, 48], [24, 5, 5], [1, 20, 20], [20, 20, 20], [1, 2], 1, 0.001, 1, False, True 1.4779662181381825 33.11359074026165 3.659357222632257 0.13774231440907328 5.87892526886895 0.7865388308517118 
[1, 24, 48], [24, 20, 15], [1, 20, 20], [30, 30, 30], [1, 2], 1, 0.001, 1, False, True 1.180459666693652 30.537806593886046 2.247395873318758 0.044263321725176503 0.6582596171102555 0.12662250331696312 
[1, 24, 48], [24, 5, 5], [1, 20, 20], [30, 30, 30], [1, 2], 1, 0.001, 1, False, True 1.418991012816076 31.184599198190877 3.177614562062049 0.1776847029384156 0.9507496670204041 0.700420345091074 
[1, 24, 48], [24, 15, 5], [1, 20, 20], [20, 20, 20], [1, 2], 1, 0.001, 1, False, True 1.2315450947041864 29.45350464453244 2.4034967333109907 0.057122563496788535 0.5562286169276556 0.10312500285271793 
[1, 24, 48], [24, 10, 5], [1, 10, 10], [20, 20, 20], [1, 2], 1, 0.001, 1, False, True 1.5999890321934662 39.5077804020497 4.35611809179971 0.39451201303778727 9.571442288213104 1.9257224702143365 
[1, 24, 48], [24, 15, 5], [1, 10, 10], [20, 20, 20], [1, 2], 1, 0.001, 1, False, True 1.3106541597180899 33.19021294221 2.899586414262405 0.10941349270345896 3.7370095087975828 0.3187584160294254 
[1, 24, 48], [24, 10, 5], [1, 20, 20], [30, 30, 30], [1, 2], 1, 0.001, 1, False, True 1.2856409766607815 32.43317205973351 2.7530101214970166 0.10977462816991604 2.7974762174581276 0.48171763209843804 
[1, 24, 48], [24, 10, 5], [1, 20, 20], [20, 20, 20], [1, 2], 1, 0.001, 1, False, True 1.2608314197924404 30.277830138994663 2.4545651411497045 0.13474785811412401 0.3445864992148959 0.21147896793666585 
[1, 24, 48], [24, 10, 5], [1, 10, 10], [30, 30, 30], [1, 2], 1, 0.001, 1, False, True 1.3254390176799562 33.84183488234639 2.9892908832560305 0.038087448383796255 0.8893249462563309 0.36035108162732427 
[1, 24, 48], [24, 20, 5], [1, 10, 10], [30, 30, 30], [1, 2], 1, 0.001, 1, False, True 1.4750078806722609 37.641385004415774 3.470810387707914 0.19370909984863863 6.457507041695922 0.9864048805109207 
[1, 24, 48], [24, 15, 5], [1, 10, 10], [30, 30, 30], [1, 2], 1, 0.001, 1, False, True 1.2231812108446052 32.63828191263214 2.814196059158032 0.08169723371766467 1.3559046568583104 0.15604595793732143 
[1, 24, 48], [24, 20, 5], [1, 20, 20], [20, 20, 20], [1, 2], 1, 0.001, 1, False, True 1.2574958576096429 32.28777448592231 2.7971921477673063 0.0653948366501765 3.9055565069284395 0.48169829142474146 
[1, 24, 48], [24, 20, 5], [1, 10, 10], [20, 20, 20], [1, 2], 1, 0.001, 1, False, True 1.3038899365398617 30.67255131323621 2.725088129185765 0.08643163979756162 2.5929262795324863 0.26341381310889744 
[1, 24, 48], [24, 15, 5], [1, 20, 20], [30, 30, 30], [1, 2], 1, 0.001, 1, False, True 1.326014891377202 30.43956997094192 3.10124189795042 0.24508553068461933 0.8000556179478112 0.9676171217775964 
[1, 24, 48], [24, 20, 15], [1, 10, 10], [30, 30, 30], [1, 2], 1, 0.001, 1, False, True 1.5207498794352567 37.55855165642297 3.929755691669216 0.4140857671483111 7.834703964381336 2.0692779040418103 
[1, 24, 48], [24, 20, 5], [1, 20, 20], [30, 30, 30], [1, 2], 1, 0.001, 1, False, True 1.266146931052208 31.1932916496023 2.730732569784244 0.06118013662078223 3.2638739564542507 0.3332519828015295 
[1, 24, 48], [24, 20, 10], [1, 10, 10], [30, 30, 30], [1, 2], 1, 0.001, 1, False, True 1.2710056111768437 32.32405639291496 2.8115985437999407 0.10784388210920685 2.936784072762289 0.5352952287970573 
[1, 24, 48], [24, 20, 10], [1, 20, 20], [20, 20, 20], [1, 2], 1, 0.001, 1, False, True 1.182941921165696 28.875310721499662 2.2443492495243382 0.033822482926820975 1.8830462954681486 0.24840325655183096 
[1, 24, 48], [24, 20, 15], [1, 10, 10], [20, 20, 20], [1, 2], 1, 0.001, 1, False, True 1.5307153755867926 32.87590672482997 3.650591864514212 0.30615675068800013 4.36474935381094 1.5859603414902679 
[1, 24, 48], [24, 20, 10], [1, 20, 20], [30, 30, 30], [1, 2], 1, 0.001, 1, False, True 1.4428246724936697 30.846379781333862 3.128973509487192 0.26597179158986844 2.8590203118954602 0.8824801209373109 
[1, 24, 48], [24, 20, 10], [1, 10, 10], [20, 20, 20], [1, 2], 1, 0.001, 1, False, True 1.4366647066893403 34.75512159407327 3.5916511318317803 0.2933205150015879 8.980890182700497 1.383406056804031 
[1, 24, 48], [24, 5, 5], [1, 20, 20], [20, 20, 20], [2], 1, 0.001, 1, False, True 1.532738620042801 31.983585407264826 3.2748477578161377 0.16840826497322414 0.6454756865254132 0.5634944197059589 
[1, 24, 48], [24, 5, 5], [1, 10, 10], [30, 30, 30], [2], 1, 0.001, 1, False, True 1.4567743687718007 30.50291188106965 3.2541133682765007 0.10401088718325158 2.8809571349522547 0.5369832642560624 
[1, 24, 48], [24, 5, 5], [1, 10, 10], [20, 20, 20], [2], 1, 0.001, 1, False, True 1.721862181414057 36.75696827989395 4.845670968185739 0.44189473726272627 11.128507597996965 2.7773361739259568 
[1, 24, 48], [24, 5, 5], [1, 20, 20], [30, 30, 30], [2], 1, 0.001, 1, False, True 1.6297854070862134 34.07659945623745 3.8149212429151054 0.07611614762502078 3.6735341452688934 0.3285758444083019 
[1, 24, 48], [24, 20, 10], [1, 20, 20], [20, 20, 20], [2], 1, 0.001, 1, False, True 1.2063465976052814 28.1486357132278 2.3956384998492197 0.06613203111052204 1.216608440636381 0.08255785285452637 
[1, 24, 48], [24, 20, 10], [1, 10, 10], [20, 20, 20], [2], 1, 0.001, 1, False, True 1.2142456576780036 29.640629773846015 2.5401289546372343 0.09759064614925302 1.3993589553647732 0.2578830880380553 
[1, 24, 48], [24, 20, 10], [1, 10, 10], [30, 30, 30], [2], 1, 0.001, 1, False, True 1.262096685888591 29.596720272083033 2.749674293994033 0.1381088028887831 3.693508828387323 0.46688013061964234 
[1, 24, 48], [24, 20, 15], [1, 10, 10], [20, 20, 20], [2], 1, 0.001, 1, False, True 1.320588504274687 31.06023563761856 2.9549494021424354 0.2884036642029046 3.857182515555701 0.991140369475199 
[1, 24, 48], [24, 20, 15], [1, 20, 20], [30, 30, 30], [2], 1, 0.001, 1, False, True 1.3735004040930006 30.144317250468784 2.973944008611515 0.20891509373047754 0.9294877914440413 0.7890905027649675 
[1, 24, 48], [24, 20, 15], [1, 20, 20], [20, 20, 20], [2], 1, 0.001, 1, False, True 1.2321447053993193 30.428369255386553 2.5030656744048536 0.03334425002431687 2.4805360943407444 0.22107626640588493 
[1, 24, 48], [24, 20, 15], [1, 10, 10], [30, 30, 30], [2], 1, 0.001, 1, False, True 1.5019186525433152 33.6536681558997 3.513238019528257 0.27418760893996175 6.929213190292986 1.57421655342416 
[1, 24, 48], [24, 20, 20], [1, 10, 10], [20, 20, 20], [2], 1, 0.001, 1, False, True 1.700447416195163 40.36928376446078 4.674680019444948 0.3391428903890731 7.79588808449452 1.6591121187433833 
[1, 24], [24, 5], [1, 10], [20, 20], [1], 1, 0.001, 1, False, True 1.3168157424639775 32.184753658124144 2.9176281590984243 0.1449611334771941 1.6924016051309825 0.3101223936107466 
[1, 24], [24, 5], [1, 5], [20, 20], [1], 1, 0.001, 1, False, True 1.6121502667665484 36.14136733540341 3.878284796042242 0.14592378360200403 1.807919101564826 0.4642425419109394 
[1, 24], [24, 5], [1, 5], [30, 30], [1], 1, 0.001, 1, False, True 1.399523454463041 33.02538323851467 3.221996947075653 0.15158485750037076 1.9180012951381815 0.44898756917647686 
[1, 24], [24, 5], [1, 10], [30, 30], [1], 1, 0.001, 1, False, True 1.1732097993294397 30.837485537831025 2.7183451714776194 0.04630706905614411 0.41677644358568167 0.2028665783041384 
[1, 24], [24, 10], [1, 10], [30, 30], [1], 1, 0.001, 1, False, True 1.3960952520922383 32.83608784048533 3.2527159398752605 0.06437728298981564 0.9256377877743205 0.17712445687329562 
[1, 24, 48], [24, 20, 10], [1, 20, 20], [30, 30, 30], [2], 1, 0.001, 1, False, True 1.342394728903417 29.229093113816415 2.784601072357171 0.06304004929501925 1.5527848522738834 0.22772082118804676 
[1, 24, 48], [24, 20, 20], [1, 20, 20], [30, 30, 30], [1, 2], 1, 0.001, 1, False, True 1.1822647598054674 29.564047055376477 2.3977787131863315 0.0474861720037117 0.8163091662170836 0.08700337237558237 
[1, 24, 48], [24, 20, 20], [1, 20, 20], [20, 20, 20], [2], 1, 0.001, 1, False, True 1.2561459680950202 26.682232610872045 2.26730991192665 0.13422972971183772 1.1649550217737725 0.3518570551135183 
[1, 24, 48], [24, 20, 20], [1, 20, 20], [30, 30, 30], [2], 1, 0.001, 1, False, True 1.3445675099337544 29.6633512964365 2.7588804103570443 0.15677054731190007 0.8005027829244524 0.5024973696958595 
[1, 24], [24, 10], [1, 5], [30, 30], [1], 1, 0.001, 1, False, True 1.2430026171384034 31.491101589541625 2.7440351453390726 0.018955852974249388 0.6301907738132412 0.13502053013906978 
[1, 24, 48], [24, 20, 20], [1, 10, 10], [30, 30, 30], [2], 1, 0.001, 1, False, True 1.3430596502290832 29.401882612109443 2.8678641984247015 0.31016559742788224 5.694480114880623 1.0903190317571763 
[1, 24], [24, 20], [1, 5], [30, 30], [1], 1, 0.001, 1, False, True 1.3251674361802914 32.86074592050587 3.179186943093686 0.10375722097981688 0.5618970464965131 0.0782796969960508 
[1, 24], [24, 10], [1, 5], [20, 20], [1], 1, 0.001, 1, False, True 1.389587534632948 33.11038063571403 3.132224623012125 0.157058113837511 3.234315076306329 0.5847266325837831 
[1, 24], [24, 10], [1, 10], [20, 20], [1], 1, 0.001, 1, False, True 1.3856243858734771 31.567523622248086 2.918774095613479 0.17896041683555075 2.839974465769062 0.5842429032076053 
[1, 24], [24, 20], [1, 5], [20, 20], [1], 1, 0.001, 1, False, True 1.5834979937584317 34.401336392822955 3.8587262997205243 0.22465725330948105 3.1941741440087905 0.8789745667573391 
[1, 24], [24, 20], [1, 10], [20, 20], [1], 1, 0.001, 1, False, True 1.240406591859129 31.047476449661115 2.456437971111388 0.0372500532433802 0.1225009372932989 0.028935637472849274 
[1, 24], [24, 20], [1, 10], [30, 30], [1], 1, 0.001, 1, False, True 1.3167308225675873 32.634562436816864 2.9883820454593675 0.08758311492078794 1.1347436909901196 0.1933065679450603 
[1, 24], [24, 15], [1, 5], [20, 20], [1], 1, 0.001, 1, False, True 1.628367267052333 35.81827631155056 4.019298024695988 0.0700298689556976 1.017478050656777 0.43216965170363975 
[1, 24], [24, 15], [1, 10], [20, 20], [1], 1, 0.001, 1, False, True 1.3084868687722422 31.386133243681112 2.795643907512949 0.10841393772671833 0.5753002001655348 0.2267537908171679 
[1, 24], [24, 15], [1, 5], [30, 30], [1], 1, 0.001, 1, False, True 1.2481251331391159 32.39701309637685 3.0201064773853212 0.009156118813306842 0.9778214636094965 0.23701473714273674 
[1, 24], [24, 15], [1, 10], [30, 30], [1], 1, 0.001, 1, False, True 1.3826365902468014 32.49969986369311 3.177840063377065 0.07904399405027408 0.3995393475210295 0.20326193041522142 
[1, 24], [24, 5], [1, 5], [30, 30], [0, 1], 2, 0.001, 1, False, False 1.439586320740206 35.30831671468086 3.569696682325752 0.027039002112437264 1.2509896383883015 0.301435259311019 
[1, 24], [24, 5], [1, 10], [20, 20], [0, 1], 2, 0.001, 1, False, False 1.2626648064012882 33.12462920415513 2.8000017759534575 0.0625332483656357 1.617024163785141 0.24437171920097697 
[1, 24], [24, 5], [1, 5], [20, 20], [0, 1], 2, 0.001, 1, False, False 1.3227258350010276 33.91245236809612 3.163972439018181 0.09582805441875035 0.8897665181060604 0.25797947022745926 
[1, 24], [24, 10], [1, 5], [20, 20], [0, 1], 2, 0.001, 1, False, False 1.4989270243379809 37.42839346866169 3.912104351777778 0.2008478836984262 2.420648777619419 0.7517080184740412 
[1, 24], [24, 5], [1, 10], [30, 30], [0, 1], 2, 0.001, 1, False, False 1.3525441554961384 35.16405885595571 3.5699411067720654 0.10561496956400117 1.292331204095725 0.4604273257121469 
[1, 24], [24, 15], [1, 10], [20, 20], [0, 1], 2, 0.001, 1, False, False 1.2793065238881995 33.45565074995179 3.0129619125190357 0.0186526104749061 0.6350573265819792 0.11877371495835352 
[1, 24], [24, 10], [1, 10], [20, 20], [0, 1], 2, 0.001, 1, False, False 1.3006726264953616 34.03727940692056 3.2290064702782577 0.10950156798948378 2.3668189317996737 0.47283749142525705 
[1, 24], [24, 10], [1, 5], [30, 30], [0, 1], 2, 0.001, 1, False, False 1.3412579389633958 35.10900925411024 3.294684004115858 0.0019582790736837794 1.6086267211992196 0.22154388953315515 
[1, 24], [24, 15], [1, 5], [20, 20], [0, 1], 2, 0.001, 1, False, False 1.3281755631720582 32.79446033819664 3.133096874744844 0.027491614336506903 0.6996095975664057 0.08725378093498344 
[1, 24], [24, 10], [1, 10], [30, 30], [0, 1], 2, 0.001, 1, False, False 1.3238636012430547 34.23531494426035 3.1256018441353963 0.06846368456836352 0.9012851564526017 0.1294370306729574 
[1, 24], [24, 15], [1, 5], [30, 30], [0, 1], 2, 0.001, 1, False, False 1.3152052076878373 35.15037488176609 3.372328838445013 0.04726669560238062 0.44773683476653475 0.04041393299231587 
[1, 24], [24, 15], [1, 10], [30, 30], [0, 1], 2, 0.001, 1, False, False 1.4345258084712207 36.643237494187986 4.090932304471524 0.1323183969922805 1.4338854681947344 0.4934525067221661 
[1, 24], [24, 5], [1, 10], [20, 20], [1], 2, 0.001, 1, False, False 1.1888653958837192 30.51232788341116 2.4903109708176148 0.06538859382728834 1.0538358323728583 0.3008122552042176 
[1, 24], [24, 5], [1, 5], [30, 30], [1], 2, 0.001, 1, False, False 1.2593694780711775 31.899616329653558 2.8791761420757713 0.0588415131594967 1.162949768380405 0.23674755099196476 
[1, 24], [24, 5], [1, 5], [20, 20], [1], 2, 0.001, 1, False, False 1.3041782540855584 31.27574067340097 3.0278006719157027 0.03748573467691567 1.070347761536908 0.3866744834184647 
[1, 24], [24, 20], [1, 5], [20, 20], [0, 1], 2, 0.001, 1, False, False 1.4330991124665298 35.60766349751074 3.6457383148848614 0.034186037110177994 0.927764857202174 0.24285457472718716 
[1, 24], [24, 20], [1, 10], [20, 20], [0, 1], 2, 0.001, 1, False, False 1.2202853817630697 32.996126753122496 2.702568293493936 0.007527723603153278 0.42372302172955756 0.10634713135101342 
[1, 24], [24, 5], [1, 10], [30, 30], [1], 2, 0.001, 1, False, False 1.1583985623386173 29.233020971566333 2.617163288472755 0.037880367700635305 1.2389443608864652 0.2439059972320629 
[1, 24], [24, 10], [1, 5], [20, 20], [1], 2, 0.001, 1, False, False 1.3138031961189374 31.42306186759498 3.016548765855436 0.16137537220584922 3.4405207779244393 0.6559555195282621 
[1, 24], [24, 20], [1, 5], [30, 30], [0, 1], 2, 0.001, 1, False, False 1.4045419887260158 36.031142795066806 3.74297431702742 0.06346258309550018 1.0928649112995046 0.16822612621299216 
[1, 24], [24, 10], [1, 5], [30, 30], [1], 2, 0.001, 1, False, False 1.5398727095789384 35.39968975681894 3.9124092198231986 0.09128711383534846 1.4163189367906097 0.5022863309774933 
[1, 24], [24, 10], [1, 10], [20, 20], [1], 2, 0.001, 1, False, False 1.2112309269883017 30.35321109206809 2.679954078235975 0.06687898287058702 1.5410758922082821 0.31018982318846583 
[1, 24], [24, 10], [1, 10], [30, 30], [1], 2, 0.001, 1, False, False 1.2803593627832557 32.03129795827016 2.961284672681051 0.017947713192307344 0.5417708613307642 0.06551192843660168 
[1, 24], [24, 20], [1, 10], [30, 30], [0, 1], 2, 0.001, 1, False, False 1.3426886003326493 35.58882845824109 3.3085557279659956 0.10389422577606365 2.2942136373669966 0.3718841745451791 
[1, 24], [24, 15], [1, 5], [20, 20], [1], 2, 0.001, 1, False, False 1.262231243705308 31.4662188885876 3.0698091230454914 0.11690694824838212 2.4513251878978393 0.4905291647925316 
[1, 24], [24, 15], [1, 5], [30, 30], [1], 2, 0.001, 1, False, False 1.334567316980274 32.64614101251411 3.124838501905064 0.07028822817673062 0.6677313352220584 0.2050825590810061 
[1, 24], [24, 15], [1, 10], [30, 30], [1], 2, 0.001, 1, False, False 1.2740461330722883 31.780991515365326 2.9978812759437337 0.011556410977305033 1.0059329513579318 0.016244413843823007 
[1, 24], [24, 15], [1, 10], [20, 20], [1], 2, 0.001, 1, False, False 1.2316329471491 30.824851920724132 2.754353342744292 0.052809880346103386 1.1640514828631476 0.3707982962913543 
[1, 24], [24, 20], [1, 10], [20, 20], [1], 2, 0.001, 1, False, False 1.1140397088395226 28.82054166436276 2.369011659438753 0.03013003511074403 1.1971641533495005 0.19390596876963132 
[1, 24], [24, 20], [1, 5], [20, 20], [1], 2, 0.001, 1, False, False 1.175634861875464 29.38054659067657 2.545535659344425 0.063294918908609 1.2814198554217158 0.2656177610649637 
[1, 24], [24, 20], [1, 5], [30, 30], [1], 2, 0.001, 1, False, False 1.236080424377212 31.318843138520958 2.9361936105623996 0.012377561474190599 0.718008757800289 0.2847191781959948 
[1, 24], [24, 20], [1, 10], [30, 30], [1], 2, 0.001, 1, False, False 1.2206640263950383 31.348401808901873 2.8710512180909817 0.11946242093427445 2.3125327083034755 0.48362873896404573 
[1, 24, 48], [24, 5, 5], [1, 20, 20], [20, 20, 20], [1, 2], 2, 0.001, 1, False, False 2.73116816425765 40.85511679103507 10.595614772386421 0.6369338127181471 6.386679049184775 5.336875654189398 
[1, 24, 48], [24, 5, 5], [1, 10, 10], [30, 30, 30], [1, 2], 2, 0.001, 1, False, False 2.1628837397804968 37.38144322380529 6.952760196514561 0.5115845620739015 3.7522709176599927 2.8125190240954985 
[1, 24, 48], [24, 10, 5], [1, 10, 10], [20, 20, 20], [0, 1, 2], 2, 0.001, 1, False, False 1.6365037790051211 37.37667076790257 4.191275993684221 0.1947045472982291 4.287481825214471 1.2641256863144754 
[1, 24, 48], [24, 5, 5], [1, 20, 20], [30, 30, 30], [1, 2], 2, 0.001, 1, False, False 3.150379842630139 46.40350885155049 13.929277421707857 0.8947005765837115 10.212307867414655 7.826303583407113 
[1, 24, 48], [24, 10, 5], [1, 10, 10], [20, 20, 20], [1, 2], 2, 0.001, 1, False, False 1.6921510090982472 32.470082352584704 4.047519958380108 0.3920110303874712 3.8184947814353163 1.5306480690558215 
[1, 24, 48], [24, 10, 5], [1, 10, 10], [30, 30, 30], [1, 2], 2, 0.001, 1, False, False 1.8931069859200056 32.60845587313364 5.082979353732178 0.46895472086777984 3.7407484593653697 2.0882207153757535 
[1, 24, 48], [24, 5, 5], [1, 10, 10], [20, 20, 20], [0, 1, 2], 2, 0.001, 1, False, False 1.409320562194895 30.275548642086843 3.294059028646641 0.08683390742163187 0.6079013242332094 0.5205526557769229 
[1, 24, 48], [24, 20, 20], [1, 10, 10], [20, 20, 20], [0, 1, 2], 2, 0.001, 1, False, False 1.3594429360495672 31.33851624471657 2.854809159705114 0.07331021779058317 1.4452568979626732 0.3460169337032212 
[1, 24, 48], [24, 5, 5], [1, 20, 20], [20, 20, 20], [0, 1, 2], 2, 0.001, 1, False, False 1.8737190939761972 36.22693011885787 5.69425511718934 0.6849963865092982 4.547833665386005 3.5243211669922028 
[1, 24, 48], [24, 20, 15], [1, 20, 20], [20, 20, 20], [0, 1, 2], 2, 0.001, 1, False, False 1.7181678532450293 33.24983693737587 4.720210416487231 0.5566263324997208 3.4104319836723573 2.6169482334962297 
[1, 24, 48], [24, 5, 5], [1, 10, 10], [20, 20, 20], [1, 2], 2, 0.001, 1, False, False 2.5906433313533115 40.47413217434228 8.692587698703667 0.1736557406378859 3.2990303358367408 1.4813367025171789 
[1, 24, 48], [24, 5, 5], [1, 20, 20], [30, 30, 30], [0, 1, 2], 2, 0.001, 1, False, False 1.6517372810178337 32.247581661215044 3.894118195411739 0.3626081225847617 2.9137206001938742 1.5241929497470674 
[1, 24, 48], [24, 20, 15], [1, 10, 10], [30, 30, 30], [0, 1, 2], 2, 0.001, 1, False, False 1.843207253350152 40.11813332778507 5.404026111120707 0.23481213777443413 7.429563429300199 1.4358874259231391 
[1, 24, 48], [24, 20, 15], [1, 10, 10], [20, 20, 20], [0, 1, 2], 2, 0.001, 1, False, False 1.4196852728724478 33.60454327242162 3.1422015317720384 0.11674670296401371 3.800009295638498 0.6219018567288067 
[1, 24, 48], [24, 5, 5], [1, 10, 10], [30, 30, 30], [0, 1, 2], 2, 0.001, 1, False, False 1.5081542394779346 36.6627341024626 4.049918659773746 0.25266712924435125 4.17239209935886 1.2317694608016925 
[1, 24, 48], [24, 20, 15], [1, 20, 20], [30, 30, 30], [0, 1, 2], 2, 0.001, 1, False, False 1.554753287854018 36.47086698826851 3.8792683832792734 0.14640042685006308 3.8949040967624895 0.9625415255294614 
[1, 24, 48], [24, 20, 10], [1, 20, 20], [30, 30, 30], [0, 1, 2], 2, 0.001, 1, False, False 1.3374196529388425 31.396238955249014 2.592499791970411 0.04653156566889394 1.0539058647958797 0.040716393414854495 
[1, 24, 48], [24, 20, 10], [1, 20, 20], [20, 20, 20], [0, 1, 2], 2, 0.001, 1, False, False 1.3677764927899398 29.426834999105974 3.0122620347764077 0.27004881072115927 0.4623891199843785 1.0632079658597817 
[1, 24, 48], [24, 20, 10], [1, 10, 10], [30, 30, 30], [0, 1, 2], 2, 0.001, 1, False, False 1.6224668687140502 35.73013700733435 3.888395961282504 0.21295033790399395 4.251684397750682 1.0369702206462024 
[1, 24, 48], [24, 15, 5], [1, 10, 10], [20, 20, 20], [1, 2], 2, 0.001, 1, False, False 1.6361687479195774 32.81292874724683 3.720922970979515 0.33488871979329027 2.8496615630988713 1.5278889463795404 
[1, 24, 48], [24, 10, 5], [1, 20, 20], [20, 20, 20], [1, 2], 2, 0.001, 1, False, False 1.7383801296353338 32.14841511231411 4.668309815326782 0.6649988736313318 6.618869965259907 3.202082967586319 
[1, 24, 48], [24, 10, 5], [1, 20, 20], [30, 30, 30], [1, 2], 2, 0.001, 1, False, False 3.1661397816406356 46.82449683338896 14.536912661593599 0.7927929553972382 7.398804139815659 7.732720430087147 
[1, 24, 48], [24, 15, 5], [1, 10, 10], [30, 30, 30], [1, 2], 2, 0.001, 1, False, False 2.1994773687587847 36.87693403031168 6.286378710923983 0.12861656939766752 2.3778080564606405 0.9744261146040967 
[1, 24, 48], [24, 15, 5], [1, 20, 20], [20, 20, 20], [1, 2], 2, 0.001, 1, False, False 1.655200121800105 31.456409773080825 3.8517083469309292 0.2569010322355875 1.7252955434129293 0.9488045924752049 
[1, 24, 48], [24, 15, 5], [1, 10, 10], [30, 30, 30], [0, 1, 2], 2, 0.001, 1, False, False 1.591650985236521 35.8930197834808 3.833236458935756 0.16087282424074043 4.794115552413599 0.9258411234492379 
[1, 24, 48], [24, 10, 5], [1, 20, 20], [20, 20, 20], [0, 1, 2], 2, 0.001, 1, False, False 1.7290821932532172 31.936292865835366 4.081061334318134 0.4038399351576781 2.735143666342574 1.2347341245480001 
[1, 24, 48], [24, 20, 20], [1, 10, 10], [30, 30, 30], [0, 1, 2], 2, 0.001, 1, False, False 1.4224293315300234 32.16508051407643 3.016387028329023 0.1032626307968418 0.5580060835086479 0.4453910387285785 
[1, 24, 48], [24, 15, 5], [1, 20, 20], [30, 30, 30], [0, 1, 2], 2, 0.001, 1, False, False 1.573752796870691 36.115837752683895 4.052598343942354 0.26959528387032994 6.535090264501598 1.40772862352066 
[1, 24, 48], [24, 15, 5], [1, 20, 20], [20, 20, 20], [0, 1, 2], 2, 0.001, 1, False, False 1.5380376525499206 32.242984673528554 3.547353360230231 0.23031013223968674 4.915817051558297 1.182068144773742 
[1, 24, 48], [24, 10, 5], [1, 10, 10], [30, 30, 30], [0, 1, 2], 2, 0.001, 1, False, False 1.3915903291216603 32.1390572199349 2.913067190508565 0.07078269805167106 1.5626810326669966 0.08861666696781687 
[1, 24, 48], [24, 10, 5], [1, 20, 20], [30, 30, 30], [0, 1, 2], 2, 0.001, 1, False, False 1.4500958313544592 33.47792630379942 3.272964775893032 0.14849884939934418 2.3258996998856083 0.39346758046318625 
[1, 24, 48], [24, 20, 20], [1, 20, 20], [20, 20, 20], [0, 1, 2], 2, 0.001, 1, False, False 1.2564532746319423 29.592580978312498 2.628555696463681 0.0923888346877636 1.0680005804175103 0.18754160505281994 
[1, 24, 48], [24, 20, 20], [1, 20, 20], [30, 30, 30], [0, 1, 2], 2, 0.001, 1, False, False 1.3612653946986903 32.773684696352234 3.144808216629541 0.13699295391427221 3.7349575249987845 0.7904646081676779 
[1, 24, 48], [24, 5, 5], [1, 10, 10], [20, 20, 20], [2], 2, 0.001, 1, False, False 2.015295890718699 34.0635500245493 5.459649433096239 0.41835905196165774 3.9801520509620336 1.8700782895163148 
[1, 24, 48], [24, 5, 5], [1, 10, 10], [30, 30, 30], [2], 2, 0.001, 1, False, False 1.3762741027054959 30.704427558132682 2.8810570216893043 0.15659688203541308 3.3428785397022653 0.6621933720005932 
[1, 24, 48], [24, 20, 5], [1, 10, 10], [20, 20, 20], [0, 1, 2], 2, 0.001, 1, False, False 1.468361484562909 34.576961404022605 3.573963052783794 0.19370630190578436 5.035363456462764 1.027345745372936 
[1, 24, 48], [24, 20, 5], [1, 10, 10], [30, 30, 30], [0, 1, 2], 2, 0.001, 1, False, False 1.3930183311855349 35.335158128861046 3.265895910207419 0.15188565428127637 4.0417494055493695 0.9111532801015463 
[1, 24, 48], [24, 20, 5], [1, 20, 20], [30, 30, 30], [0, 1, 2], 2, 0.001, 1, False, False 1.3695452372233072 31.57364995613103 3.0424859163867644 0.054193454422096686 1.2322290266510316 0.29130763493835143 
[1, 24, 48], [24, 20, 10], [1, 10, 10], [20, 20, 20], [0, 1, 2], 2, 0.001, 1, False, False 1.5720451437764693 37.37382509149523 4.223714008889862 0.22944459292020702 4.851436917494605 1.2744051427995606 
[1, 24, 48], [24, 20, 15], [1, 20, 20], [20, 20, 20], [2], 2, 0.001, 1, False, False 1.9984414621635722 33.29667141158948 5.248771147132325 0.31488234995315484 3.072583479856929 1.7271998547875183 
[1, 24, 48], [24, 20, 10], [1, 10, 10], [20, 20, 20], [2], 2, 0.001, 1, False, False 1.4994730634269893 29.024798292597918 3.186919754328231 0.30386570835991433 2.1156838415429666 1.1956533167670846 
[1, 24, 48], [24, 20, 5], [1, 20, 20], [20, 20, 20], [0, 1, 2], 2, 0.001, 1, False, False 1.4290189862251281 32.482463802203235 3.187017255120811 0.17609309586434457 2.9051073543460513 0.6505139523415043 
[1, 24, 48], [24, 20, 15], [1, 20, 20], [30, 30, 30], [2], 2, 0.001, 1, False, False 1.8745844375204161 31.96259462032259 4.64583460921682 0.2476373908004158 2.4713004310409286 1.0937058732144065 
[1, 24, 48], [24, 20, 20], [1, 20, 20], [20, 20, 20], [2], 2, 0.001, 1, False, False 1.8870884694986876 30.579228084966715 4.62380422468869 0.3128377315090147 2.755108918030975 1.4547957653082155 
[1, 24, 48], [24, 20, 15], [1, 10, 10], [30, 30, 30], [2], 2, 0.001, 1, False, False 1.723753087388145 31.263868798357805 4.195086193229329 0.4783484496826805 4.140832757166176 2.028847358987572 
[1, 24, 48], [24, 20, 20], [1, 10, 10], [20, 20, 20], [2], 2, 0.001, 1, False, False 2.595858603329571 38.85404452490652 8.649979720837969 0.3519007228989626 3.4265059852123416 2.1947797673270255 
[1, 24, 48], [24, 20, 10], [1, 20, 20], [30, 30, 30], [2], 2, 0.001, 1, False, False 2.4222473970717857 37.68318397965165 7.596044572919283 0.31675890889528335 4.904043430334328 1.5967849492319706 
[1, 24, 48], [24, 20, 20], [1, 10, 10], [30, 30, 30], [2], 2, 0.001, 1, False, False 1.8420854472451742 31.401032012529424 4.624197962660114 0.4319143952016154 4.650465587165526 1.9694958126456403 
[1, 24, 48], [24, 20, 20], [1, 20, 20], [30, 30, 30], [2], 2, 0.001, 1, False, False 2.6769438021712837 38.97870227855072 9.70715519283594 0.1506550211222253 1.930559865994148 1.0409496959614752 
[1, 24, 48], [24, 5, 5], [1, 20, 20], [20, 20, 20], [2], 2, 0.001, 1, False, False 1.8956908070378837 31.545446305750577 4.8187594895205725 0.2935899982141812 2.559353631264612 1.3419867817888016 
[1, 24, 48], [24, 5, 5], [1, 20, 20], [30, 30, 30], [2], 2, 0.001, 1, False, False 2.1866793139113323 35.42611203568931 6.414601878629225 0.3650954220913124 3.7167304120522684 2.2550497066819863 
[1, 24, 48], [24, 15, 5], [1, 20, 20], [30, 30, 30], [1, 2], 2, 0.001, 1, False, False 2.913297485422205 45.10032009225912 11.496192432710346 0.5207382885532947 4.377317145689644 3.7761128491325158 
[1, 24, 48], [24, 20, 5], [1, 10, 10], [20, 20, 20], [1, 2], 2, 0.001, 1, False, False 2.0504104921111357 34.58999361818481 5.965386324757851 0.5467845450235047 5.689044673048492 2.959439215917795 
[1, 24, 48], [24, 20, 10], [1, 20, 20], [20, 20, 20], [2], 2, 0.001, 1, False, False 2.2036341478427253 34.548998973411415 6.405642850857337 0.30839946473467833 5.986118218250773 1.697776645968581 
[1, 24, 48], [24, 20, 10], [1, 10, 10], [20, 20, 20], [1, 2], 2, 0.001, 1, False, False 2.390059292813142 40.792944305400916 10.071245323067124 1.0012738685760245 8.175679029649713 8.54014364672571 
[1, 24, 48], [24, 20, 5], [1, 20, 20], [30, 30, 30], [1, 2], 2, 0.001, 1, False, False 2.8262964286186083 43.041013140900425 11.508712636838842 0.761253550089982 7.074314059683546 6.688747602364732 
[1, 24, 48], [24, 20, 10], [1, 10, 10], [30, 30, 30], [2], 2, 0.001, 1, False, False 1.394348903276302 31.950253589303717 2.9904824223285122 0.21772544908927874 0.4991919856604674 0.6803480655228797 
[1, 24, 48], [24, 20, 15], [1, 10, 10], [20, 20, 20], [2], 2, 0.001, 1, False, False 2.0506619737104135 35.33529882350482 6.336799388240434 0.7491287325244553 7.664767351019281 4.239456015575003 
[1, 24, 48], [24, 20, 5], [1, 10, 10], [30, 30, 30], [1, 2], 2, 0.001, 1, False, False 1.4439269938954602 31.53438702520039 3.2370833593933823 0.08118975989535321 2.8442864011240077 0.2858432283430978 
[1, 24, 48], [24, 20, 5], [1, 20, 20], [20, 20, 20], [1, 2], 2, 0.001, 1, False, False 1.7510064926412374 32.31346649267079 4.525228530263648 0.5675979699303555 5.732758172782914 2.6429732706668014 
[1, 24, 48], [24, 20, 20], [1, 10, 10], [30, 30, 30], [1, 2], 2, 0.001, 1, False, False 2.4965062613288564 42.65112506256216 10.273697748510804 0.9939313753288734 9.053941175763672 7.70619998512801 
[1, 24, 48], [24, 20, 20], [1, 20, 20], [20, 20, 20], [1, 2], 2, 0.001, 1, False, False 2.1207897451740725 35.392614918998056 6.473595924635348 0.4433188863972318 4.035751982392397 2.990464819490319 
[1, 24, 48], [24, 20, 20], [1, 20, 20], [30, 30, 30], [1, 2], 2, 0.001, 1, False, False 1.4692715128814733 30.05744742677869 3.188951676364089 0.1110634654945225 0.9910035825415098 0.56667298036771 
[1, 24, 48], [24, 20, 20], [1, 10, 10], [20, 20, 20], [1, 2], 2, 0.001, 1, False, False 1.8107735309887818 32.393212220650135 4.866661805751076 0.41970771048351946 3.260135761391492 2.278940535621425 
[1, 24, 48], [24, 20, 10], [1, 10, 10], [30, 30, 30], [1, 2], 2, 0.001, 1, False, False 2.4319919571280484 38.2480559261578 8.016992642150582 0.5000594790223839 4.922552564700622 2.9747019623394575 
[1, 24, 48], [24, 20, 15], [1, 20, 20], [20, 20, 20], [1, 2], 2, 0.001, 1, False, False 2.0602771527237365 35.6877226484036 5.867322722045685 0.5934055005330398 3.5690892799390928 2.8380175575832767 
[1, 24, 48], [24, 20, 15], [1, 10, 10], [20, 20, 20], [1, 2], 2, 0.001, 1, False, False 1.9278051277001704 33.48708258208165 5.39936511771347 0.5128136474244293 4.047329076263484 2.265966245537707 
[1, 24, 48], [24, 20, 10], [1, 20, 20], [20, 20, 20], [1, 2], 2, 0.001, 1, False, False 2.865309302453642 43.543768677645026 11.194755119576719 0.5891006972211641 6.89175387209339 4.2622519679579085 
[1, 24, 48], [24, 20, 15], [1, 10, 10], [30, 30, 30], [1, 2], 2, 0.001, 1, False, False 2.1441978511986908 37.95713911302985 7.584752500946171 0.8210613512718644 7.07513191719415 5.624187612344087 
[1, 24, 48], [24, 20, 15], [1, 20, 20], [30, 30, 30], [1, 2], 2, 0.001, 1, False, False 2.1237779060999555 37.3771502337438 6.9247336818157805 0.7955321423728579 5.56237565916233 4.6312120700956 
[1, 24, 48], [24, 20, 10], [1, 20, 20], [30, 30, 30], [1, 2], 2, 0.001, 1, False, False 3.542747743924459 49.939366930249 17.69866275201974 0.6780758647918544 5.870987532565443 7.4807771340219285 
[1, 24, 48], [24, 15, 5], [1, 10, 10], [20, 20, 20], [0, 1, 2], 2, 0.001, 1, False, False 1.3988225795604563 32.11259030049079 2.9157778255813525 0.050815841430661195 2.333300334519363 0.23873007627739073 
[1, 24], [24, 5], [1, 10], [10, 10], [0, 1], 1, 0.001, 1, False, False 2.8701762017276553 64.84381519402775 10.747391944874506 0.2237553340518702 2.6845535767199964 1.3002383522190373 
[1, 24], [24, 1], [1, 5], [10, 10], [0, 1], 1, 0.001, 1, False, False 2.932170634468397 64.98923066957208 10.899488361604918 0.18012927493159558 2.7138352696150045 1.1457899079247318 
[1, 24], [24, 1], [1, 10], [20, 20], [0, 1], 1, 0.001, 1, False, False 2.8019014219443004 64.89640340539819 10.226441243608075 0.2678011601701738 4.0609078394268465 1.3944265218656948 
[1, 24], [24, 15], [1, 5], [10, 10], [0, 1], 1, 0.001, 1, False, False 3.106675541400909 67.89703765343356 12.16257710212841 0.23449399719772338 3.849491380616208 1.4475492681161755 
[1, 24], [24, 10], [1, 5], [20, 20], [0, 1], 1, 0.001, 1, False, False 2.9006319314241407 66.85804406540977 11.112482889498928 0.2826789032521789 3.9375670580846727 1.523971168650543 
[1, 24], [24, 15], [1, 10], [20, 20], [0, 1], 1, 0.001, 1, False, False 2.730489696396722 64.49289910079534 9.924637005744286 0.07018011662639687 1.0897944475067256 0.4882666856044887 
[1, 24], [24, 5], [1, 5], [10, 10], [1], 1, 0.001, 1, False, False 3.1101502670182124 67.12240563633308 12.139114421831934 0.18668839686243216 2.7487516271703565 1.2047722378655261 
[1, 24], [24, 5], [1, 10], [10, 10], [0, 1], 5, 0.001, 1, False, False 1.61522300745602 40.77557245808961 4.4832874239514515 0.34948909920546295 6.693542739831376 1.5818275671531459 
[1, 24], [24, 1], [1, 10], [10, 10], [0, 1], 5, 0.001, 1, False, False 1.5279948563487444 41.860048372377136 4.368859930005094 0.2754531335044321 7.4227504484967355 1.174317110651687 
[1, 24], [24, 10], [1, 5], [10, 10], [0, 1], 5, 0.001, 1, False, False 1.460206255868629 38.30925315179954 3.6566874636783595 0.11625942102387163 2.8631888530606457 0.8025873869275075 
[1, 24], [24, 5], [1, 5], [20, 20], [0, 1], 5, 0.001, 1, False, False 1.4104190702791568 35.444704454234106 3.516008362261894 0.01044712672602858 1.5985308968672605 0.11002495623033684 
[1, 24], [24, 1], [1, 5], [10, 10], [0, 1], 5, 0.001, 1, False, False 2.0211015092002023 50.634721759176195 6.255445885103849 0.06426742340805097 1.0964487064015456 0.2683705824118422 
[1, 24], [24, 10], [1, 10], [20, 20], [0, 1], 5, 0.001, 1, False, False 1.2909722392205838 32.238314428471746 2.876771736658109 0.08117080145834663 2.43971842314908 0.3794280556596874 
[1, 24], [24, 5], [1, 10], [20, 20], [1], 1, 0.001, 1, False, False 2.776283485911511 62.88161740634658 10.12553911969541 0.05627169901506567 1.101657037317328 0.4834391849216909 
[1, 24], [24, 5], [1, 5], [10, 10], [1], 5, 0.001, 1, False, False 1.4195041972178002 38.126444583067155 3.8410221592329865 0.0688898440595446 2.4433314844221106 0.41998477886682456 
[1, 24], [24, 1], [1, 10], [20, 20], [0, 1], 5, 0.001, 1, False, False 1.3891398327218163 37.92142515579198 3.624268202946076 0.15392426298361164 5.532469037686418 0.8114488364007196 
[1, 24], [24, 15], [1, 5], [10, 10], [0, 1], 5, 0.001, 1, False, False 1.9272810769301876 47.14402515618116 6.067978698397083 0.6435401832806598 12.099945202103637 2.8301215636548744 
[1, 24], [24, 10], [1, 5], [20, 20], [0, 1], 5, 0.001, 1, False, False 1.4564044810555599 40.287537626364966 3.773234666098508 0.04274106136139227 2.4544279251216023 0.270737819999954 
[1, 24], [24, 10], [1, 10], [10, 10], [1], 1, 0.001, 1, False, False 2.7074981502912654 60.988993579373975 9.517043200268347 0.07584446803524253 0.6708960222675263 0.30258453976150596 
[1, 24], [24, 15], [1, 10], [10, 10], [0, 1], 5, 0.001, 1, False, False 1.3162389270685342 33.22527371374655 3.0722610515587783 0.018940590954098127 0.6596044987041583 0.13352744979160283 
[1, 24], [24, 5], [1, 10], [10, 10], [1], 5, 0.001, 1, False, False 1.4024192336532806 36.280346536197875 3.3186283747144736 0.06892836165325698 1.962095304540544 0.41917577454545524 
[1, 24], [24, 15], [1, 10], [20, 20], [0, 1], 5, 0.001, 1, False, False 1.3883244997373334 32.85257038958011 3.0711121489492044 0.04482814353841175 2.107978407433356 0.2734053048282041 
[1, 24], [24, 5], [1, 10], [20, 20], [1], 5, 0.001, 1, False, False 1.4899648193407942 38.18217228520009 3.819431742257125 0.05146709228027846 2.4747063824514752 0.1115725464292682 
[1, 24], [24, 15], [1, 5], [20, 20], [1], 1, 0.001, 1, False, False 2.646425961785846 62.60125712309526 9.413042466231266 0.11448886328972187 1.5421141169294545 0.5273508598007026 
[1, 24], [24, 1], [1, 5], [20, 20], [0, 1], 10, 0.001, 1, False, False 1.6125203135940767 42.51845438317764 4.51706203421645 0.30229275795934396 10.073593071639655 1.545989239393247 
[1, 24], [24, 5], [1, 5], [20, 20], [1], 10, 0.001, 1, False, False 1.4392011618724576 34.78488308005413 3.2372325701221762 0.058885505411028605 1.0015403026604004 0.25902157128127345 
[1, 24], [24, 5], [1, 10], [20, 20], [0, 1], 10, 0.001, 1, False, False 1.2679226810733477 31.578402415576964 2.8257442349646955 0.11751656522937651 2.492437013840234 0.38271604170524814 
[1, 24], [24, 15], [1, 5], [20, 20], [0, 1], 10, 0.001, 1, False, False 1.3926524811872731 32.293692597378815 3.146463979211292 0.09014302650098333 1.4224174459690329 0.31889211613809865 
[1, 24], [24, 10], [1, 10], [10, 10], [0, 1], 10, 0.001, 1, False, False 1.3477077283241135 32.67432207065841 3.029282735233443 0.052768608796808426 1.453971253621564 0.091857305885123 
[1, 24], [24, 5], [1, 5], [10, 10], [1], 20, 0.001, 1, False, False 1.289489893836004 31.392883398674925 2.7777676874429638 0.024855262049180493 0.2441953940952912 0.08313881379989793 
[1, 24], [24, 10], [1, 5], [20, 20], [1], 5, 0.001, 1, False, False 1.2849169415456279 35.933479884384646 3.2060354773168336 0.04605971278574551 1.5265426353117721 0.17809364314374276 
[1, 24], [24, 5], [1, 5], [20, 20], [1], 1, 0.001, 1, False, False 2.778729506002532 63.58441419513375 10.038877749076965 0.24074068464374712 2.2292074753450586 1.113620339009276 
[1, 24], [24, 15], [1, 5], [10, 10], [1], 5, 0.001, 1, False, False 1.4926770785892451 38.82344045418913 3.893388552271233 0.30407848246493224 7.218472752420843 1.3845171902878657 
[1, 24], [24, 5], [1, 10], [10, 10], [0, 1], 10, 0.001, 1, False, False 1.3257649738479544 34.25816965742989 3.05906732791586 0.039399149103118404 0.7706892269483072 0.20275478468172448 
[1, 24], [24, 10], [1, 10], [10, 10], [1], 5, 0.001, 1, False, False 1.367929748252586 34.71235695670271 3.3901365464509916 0.089479001261522 2.249744989610775 0.2443947203208257 
[1, 24], [24, 5], [1, 5], [10, 10], [0, 1], 10, 0.001, 1, False, False 1.3875738738863557 35.630920468663305 3.4579990752024212 0.10437456964953894 2.3964670936234307 0.5669660414565103 
[1, 24], [24, 1], [1, 10], [20, 20], [1], 1, 0.001, 1, False, False 3.0105324543184704 65.11743164242489 11.393181496789241 0.14506728519796785 2.211073960884499 1.0321418116231555 
[1, 24], [24, 1], [1, 5], [10, 10], [1], 1, 0.001, 1, False, False 2.9252863366294797 64.21362666613366 10.966826261789492 0.2448989662994517 2.5369685233006076 1.6299157899752155 
[1, 24], [24, 15], [1, 5], [20, 20], [1], 5, 0.001, 1, False, False 1.3655665990931014 35.251578592945926 3.3754190875748784 0.13916775262898937 4.474218635344768 0.6358141121175361 
[1, 24], [24, 10], [1, 5], [10, 10], [1], 10, 0.001, 1, False, False 1.4165564344437038 33.033393862688165 3.106879456843083 0.09089394220584641 1.7562272438746482 0.37858784662178885 
[1, 24], [24, 5], [1, 5], [20, 20], [1], 5, 0.001, 1, False, False 1.4501663117497061 36.98745764404517 3.6428821697910934 0.09577771478036003 1.2136514892585364 0.5228890403167531 
[1, 24], [24, 5], [1, 5], [10, 10], [1], 10, 0.001, 1, False, False 1.3375925736846748 31.626937642420007 2.899875429098344 0.024442671250942665 1.4944214584327757 0.2490448825619688 
[1, 24, 48], [24, 1, 1], [1, 10, 10], [10, 10, 10], [0, 1, 2], 1, 0.001, 1, False, False 2.662149831321504 61.04916901632982 9.349129186490662 0.09436069963001745 0.828919698469387 0.4537830006895642 
[1, 24, 48], [24, 1, 1], [1, 5, 5], [20, 20, 20], [0, 1, 2], 1, 0.001, 1, False, False 3.0321074376503625 68.4722501887918 11.562685650486657 0.2160865278040772 2.6420288550185522 1.2937816099183281 
[1, 24, 48], [24, 5, 1], [1, 5, 5], [10, 10, 10], [0, 1, 2], 1, 0.001, 1, False, False 2.9712030563089584 66.35784762833647 11.225622107982678 0.18823189387565675 3.1644795091080047 1.2106159400889185 
[1, 24], [24, 10], [1, 10], [20, 20], [1], 10, 0.001, 1, False, False 1.3031371005155423 30.10724235491268 2.754916486605392 0.0205284167299528 1.2353135373960389 0.13344908315589488 
[1, 24], [24, 1], [1, 10], [10, 10], [1], 5, 0.001, 1, False, False 1.3583764351628445 37.44828460159005 3.429332816601999 0.14838699923095128 4.067329343594603 0.7578546441336358 
[1, 24], [24, 15], [1, 10], [20, 20], [1], 5, 0.001, 1, False, False 1.400654766570639 36.32537578436601 3.222730909786859 0.1171509013982578 2.4398381067136348 0.3579132438870829 
[1, 24], [24, 1], [1, 5], [10, 10], [1], 5, 0.001, 1, False, False 1.7636646493717478 46.23124691879217 5.323408245238617 0.473123956810276 9.361889775637472 2.182645625971879 
[1, 24], [24, 1], [1, 10], [20, 20], [1], 5, 0.001, 1, False, False 1.4753261716829404 39.841576233818124 3.7820692681026675 0.23362063336956734 7.510353829684147 0.9588482398828414 
[1, 24], [24, 1], [1, 10], [10, 10], [0, 1], 10, 0.001, 1, False, False 1.2830065202933774 33.17803422770566 3.0783490213033406 0.10561055952585248 3.239204674682621 0.6802725934830616 
[1, 24], [24, 5], [1, 10], [10, 10], [1], 10, 0.001, 1, False, False 1.2801883694198397 31.28610944323545 2.841517959359362 0.09315706211598837 3.2820899696145416 0.415079384463027 
[1, 24], [24, 15], [1, 10], [10, 10], [1], 10, 0.001, 1, False, False 1.2885798647999767 29.96110178942531 2.740346909133194 0.07099692797411535 2.8116188831001883 0.34798269330091225 
[1, 24], [24, 15], [1, 10], [10, 10], [0, 1], 10, 0.001, 1, False, False 1.293747185446598 33.071607185245654 2.9067106008672745 0.07435764368271876 2.638245216375358 0.36133916478358946 
[1, 24], [24, 10], [1, 10], [20, 20], [0, 1], 10, 0.001, 1, False, False 1.4038571884234747 34.35522441494877 3.269759933665734 0.020559838450737566 0.9856333986173835 0.21103853382914942 
[1, 24], [24, 1], [1, 5], [10, 10], [0, 1], 10, 0.001, 1, False, False 1.3081057975137675 33.11765756719068 2.9863042670550457 0.039171351835250355 1.0127028858620444 0.16433789371779464 
[1, 24], [24, 5], [1, 10], [20, 20], [1], 10, 0.001, 1, False, False 1.2695228768719569 30.438175038081003 2.7772427734528455 0.014545658803569715 0.8615456487156913 0.04752458282498353 
[1, 24], [24, 1], [1, 5], [20, 20], [1], 10, 0.001, 1, False, False 1.1825169568812406 29.716415895162353 2.4248469290929076 0.030675897835693973 0.45834511174869846 0.2278083275420011 
[1, 24, 48], [24, 15, 1], [1, 10, 10], [10, 10, 10], [0, 1, 2], 1, 0.001, 1, False, False 2.660242442952262 63.14127757580959 9.496040318152746 0.22818547965050115 3.1653831559356966 1.0593867314156549 
[1, 24, 48], [24, 10, 1], [1, 10, 10], [20, 20, 20], [0, 1, 2], 1, 0.001, 1, False, False 2.0107209513584774 52.556418887696985 6.395327465829979 0.35638130443834537 6.04478647405717 1.6506406174293233 
[1, 24], [24, 15], [1, 10], [20, 20], [0, 1], 10, 0.001, 1, False, False 1.4566538734016599 34.82221496903893 3.345230540298736 0.029165206470827 1.8468740506161212 0.2503720572509797 
[1, 24], [24, 15], [1, 5], [10, 10], [1], 10, 0.001, 1, False, False 1.353333000286862 34.427905121432495 3.477582801838546 0.046282862971886544 1.270074258982658 0.4803160284209043 
[1, 24], [24, 10], [1, 5], [20, 20], [1], 10, 0.001, 1, False, False 1.4505891368896873 36.135076067898126 3.5021537964532734 0.017280534923089435 0.7718152046000408 0.20067377267295947 
[1, 24], [24, 15], [1, 5], [10, 10], [0, 1], 10, 0.001, 1, False, False 1.5330575438561267 36.70558983215975 4.018665600495752 0.09944450686426078 2.7723650627622023 1.0018220844320602 
[1, 24], [24, 10], [1, 5], [20, 20], [0, 1], 10, 0.001, 1, False, False 1.3987532227679538 34.97382948928219 3.174385831415607 0.07787091344412729 0.6543300607637376 0.35608245818216366 
[1, 24], [24, 15], [1, 5], [20, 20], [1], 10, 0.001, 1, False, False 1.4087640850632284 34.928389225844434 3.216008626982665 0.01961801378620699 1.1515387382712883 0.04872948693409991 
[1, 24], [24, 10], [1, 5], [10, 10], [0, 1], 10, 0.001, 1, False, False 1.3334207635786803 33.68836170076997 3.2015582566524774 0.12798791097069492 3.6889482165187872 0.7640379329017781 
[1, 24], [24, 1], [1, 10], [10, 10], [1], 10, 0.001, 1, False, False 1.2904335629608896 32.86962999842549 2.8419037724639566 0.05164408612006381 0.7881138263846776 0.03921571618651014 
[1, 24], [24, 5], [1, 10], [20, 20], [1], 20, 0.001, 1, False, False 1.2540343195751866 30.790387211131485 2.698987422103435 0.02420222937881717 0.5268223141945235 0.06765781576847013 
[1, 24], [24, 10], [1, 10], [10, 10], [1], 10, 0.001, 1, False, False 1.2838341760414618 31.61407188597241 2.822876734765824 0.01972393195770182 1.141542146405373 0.15142136258212366 
[1, 24], [24, 1], [1, 5], [10, 10], [0, 1], 20, 0.001, 1, False, False 1.3067386212172336 33.17422665337902 3.074056217468618 0.09624063541204789 2.657349713589588 0.4495643974028412 
[1, 24, 48], [24, 1, 1], [1, 5, 5], [10, 10, 10], [0, 1, 2], 5, 0.001, 1, False, False 1.3958869521816573 38.39151894333711 3.575223023555065 0.07652433274401063 3.224814791762481 0.4410913713834302 
[1, 24], [24, 1], [1, 5], [10, 10], [1], 10, 0.001, 1, False, False 1.5940820217132572 39.527936144800435 4.431650598998137 0.5394616906461961 10.415045837837416 2.489982961858322 
[1, 24], [24, 1], [1, 10], [20, 20], [1], 10, 0.001, 1, False, False 1.3227539692212036 32.95468639461682 2.8998817311856353 0.08396689886710608 2.528562357971976 0.3036614821693034 
[1, 24], [24, 15], [1, 5], [20, 20], [1], 20, 0.001, 1, False, False 1.160843847471255 27.976360649134488 2.3219590905726375 0.08531073877522681 2.2179914143361685 0.30694176652549304 
[1, 24], [24, 10], [1, 5], [10, 10], [1], 1, 0.001, 1, False, False 3.182042055659824 68.12138182215439 12.456114380199304 0.04161744568267981 0.5454541322738689 0.250325563843277 
[1, 24], [24, 5], [1, 5], [20, 20], [0, 1], 10, 0.001, 1, False, False 1.316286866642811 32.01861750462727 2.9256266116809613 0.11493312684955526 1.9191195449299738 0.2666484447620135 
[1, 24], [24, 15], [1, 10], [20, 20], [1], 10, 0.001, 1, False, False 1.3196796023183401 30.808058898902164 2.838673647614648 0.07124065513839138 1.9217699000292898 0.30455661639730836 
[1, 24], [24, 1], [1, 5], [20, 20], [0, 1], 1, 0.001, 1, False, False 3.0342887861861123 68.66873730232436 11.607442817202442 0.20567212137515864 3.3610008617623808 1.2799791189009526 
[1, 24], [24, 10], [1, 10], [10, 10], [1], 20, 0.001, 1, False, False 1.3115397667995206 33.53680394877161 2.8814029395024803 0.0507128271761139 0.42057048072704345 0.2668296005164865 
[1, 24], [24, 15], [1, 10], [20, 20], [0, 1], 20, 0.001, 1, False, False 1.314499477931747 32.091053147202004 2.8846438241732595 0.060627066173300465 1.103713274124708 0.10716708519108287 
[1, 24], [24, 15], [1, 10], [10, 10], [1], 1, 0.001, 1, False, False 2.8010710615802688 63.18910394155089 10.428905087825527 0.21054257867931825 2.332871408808082 1.2081787043915067 
[1, 24, 48], [24, 1, 1], [1, 5, 5], [20, 20, 20], [0, 1, 2], 5, 0.001, 1, False, False 1.398098776958607 35.402403865809596 3.1975092613340874 0.06580927247881058 2.6929792008468567 0.35190920043783336 
[1, 24, 48], [24, 1, 1], [1, 10, 10], [10, 10, 10], [0, 1, 2], 5, 0.001, 1, False, False 1.3193898643608446 33.618947598799934 2.9779001109324104 0.03635630761542956 1.147738005796903 0.222132699280559 
[1, 24], [24, 1], [1, 5], [10, 10], [1], 20, 0.001, 1, False, False 1.2289692255633848 30.394256782289858 2.653136268999446 0.04194052165560395 2.6948109928521773 0.2001444513387956 
[1, 24], [24, 1], [1, 10], [20, 20], [1], 20, 0.001, 1, False, False 1.282916451825036 32.10328629689564 2.7501395719900263 0.059174422028449594 0.8599247241014253 0.08989001811450743 
[1, 24], [24, 10], [1, 10], [20, 20], [1], 1, 0.001, 1, False, False 2.454531533409048 59.90902135513148 8.634875811899255 0.29136875548841734 3.1140395436365704 1.2722922257837674 
[1, 24], [24, 1], [1, 5], [20, 20], [1], 1, 0.001, 1, False, False 3.112979660652302 66.30523424744582 12.211546871937363 0.15759839077338442 1.8330140684518756 1.0636795916667703 
[1, 24], [24, 1], [1, 10], [20, 20], [0, 1], 10, 0.001, 1, False, False 1.3515017723595657 34.51864619439255 3.2782383779878326 0.06700864251708434 2.413389286935179 0.2923218369179813 
[1, 24], [24, 10], [1, 5], [20, 20], [0, 1], 20, 0.001, 1, False, False 1.4161437479986088 33.35792675644475 3.252070852824788 0.037947507187019384 0.3323972317993348 0.20610852633609356 
[1, 24, 48], [24, 5, 1], [1, 10, 10], [20, 20, 20], [0, 1, 2], 5, 0.001, 1, False, False 1.325724334297357 31.504206965996 2.9417659945855763 0.058000673744767896 1.9049600795117416 0.23477687869760214 
[1, 24], [24, 15], [1, 5], [10, 10], [0, 1], 20, 0.001, 1, False, False 1.2880014833476814 31.44026276912533 2.8599564200147545 0.03841922718870062 0.45464126171912783 0.08735939722955519 
[1, 24, 48], [24, 10, 1], [1, 10, 10], [10, 10, 10], [0, 1, 2], 5, 0.001, 1, False, False 1.2780280809159634 31.81623259359687 2.7695396888541826 0.10255162171982528 1.4310418298598173 0.2594424685009363 
[1, 24], [24, 5], [1, 10], [10, 10], [0, 1], 20, 0.001, 1, False, False 1.2617084124573956 30.88441233087147 2.7258691919950557 0.048490936476329086 1.7138295116912328 0.2738244527799854 
[1, 24], [24, 10], [1, 10], [10, 10], [0, 1], 1, 0.001, 1, False, False 2.6072067740890716 59.889924707438176 9.152480851388347 0.3576602116179181 5.678811530760851 1.9679267212192142 
[1, 24], [24, 1], [1, 5], [20, 20], [1], 5, 0.001, 1, False, False 1.3811870828822805 37.563943314784176 3.445060976204761 0.11929181815239545 2.77409350916282 0.4284538850312237 
[1, 24, 48], [24, 10, 1], [1, 5, 5], [20, 20, 20], [0, 1, 2], 5, 0.001, 1, False, False 1.316178641827018 32.943783608204825 2.9017665952971385 0.07407521618760193 1.7351772351015784 0.33745668608229 
[1, 24], [24, 5], [1, 5], [20, 20], [1], 20, 0.001, 1, False, False 1.2655057977747035 31.082341864549196 2.73218403020063 0.020265224968959893 0.6919016780866047 0.11051582026269964 
[1, 24], [24, 15], [1, 10], [10, 10], [1], 5, 0.001, 1, False, False 1.2857744630840091 35.29864012761505 3.2226297805728996 0.07080903588365291 2.690120689512056 0.3673984821072846 
[1, 24], [24, 15], [1, 5], [20, 20], [0, 1], 1, 0.001, 1, False, False 2.7889589826265966 65.02203948272692 10.213558790860057 0.16001405625502713 2.1666639872716753 0.8993426572095334 
[1, 24, 48], [24, 5, 1], [1, 5, 5], [10, 10, 10], [0, 1, 2], 5, 0.001, 1, False, False 1.2707889916720214 32.92667958053455 2.854729232939287 0.037095349185696395 0.6192051885999886 0.16311327009330728 
[1, 24], [24, 10], [1, 5], [10, 10], [1], 5, 0.001, 1, False, False 1.3474467980089013 34.30869798917187 3.5394161477831756 0.15990935441464033 3.5073235564960803 0.8157055855005151 
[1, 24], [24, 1], [1, 5], [20, 20], [1], 20, 0.001, 1, False, False 1.2601356920268802 31.516299032879335 2.706142240422389 0.06435378373664251 1.7598408422970706 0.24493050976578337 
[1, 24, 48], [24, 1, 1], [1, 10, 10], [20, 20, 20], [0, 1, 2], 10, 0.001, 1, False, False 1.3140244480084495 31.167970415193352 2.895068776697729 0.11968277691507652 3.3640556017426673 0.45756731439277615 
[1, 24], [24, 5], [1, 10], [20, 20], [0, 1], 1, 0.001, 1, False, False 2.807466873195436 65.04136400602586 10.232199959031012 0.23692897294064694 3.4466770885942095 1.3216375882413567 
[1, 24], [24, 5], [1, 10], [10, 10], [1], 1, 0.001, 1, False, False 2.9345453427897557 64.79642444523806 10.82365249622145 0.06702510752775379 0.7123909185383384 0.4951820914021014 
[1, 24], [24, 15], [1, 10], [10, 10], [1], 20, 0.001, 1, False, False 1.2325589553625498 29.53035375472137 2.397504933658357 0.10577711516274063 2.497038122873527 0.3701098966616032 
[1, 24, 48], [24, 15, 1], [1, 10, 10], [10, 10, 10], [0, 1, 2], 5, 0.001, 1, False, False 1.2488350331783298 30.940480815177988 2.6942016262298734 0.08373635545296147 1.7230129340393447 0.2681112453215126 
[1, 24], [24, 10], [1, 10], [20, 20], [1], 20, 0.001, 1, False, False 1.3388992340476429 30.514239885698828 2.839002213033838 0.04890651784727227 0.09811273665534405 0.12198902694027339 
[1, 24], [24, 1], [1, 10], [10, 10], [1], 1, 0.001, 1, False, False 2.940247377090984 65.16628773952037 11.157833211084593 0.06107829523734793 1.0494901089541273 0.3926925942401452 
[1, 24], [24, 1], [1, 10], [20, 20], [0, 1], 20, 0.001, 1, False, False 1.2671159414781463 32.27007751189149 2.7578950072309047 0.04822757599159924 1.113677421517506 0.13346427317650375 
[1, 24], [24, 15], [1, 10], [20, 20], [1], 1, 0.001, 1, False, False 2.804263133141729 64.38543915998183 10.368868727707884 0.38438642321417693 4.684793382132044 2.203494557627548 
[1, 24], [24, 10], [1, 10], [20, 20], [1], 5, 0.001, 1, False, False 1.3174676156154386 33.12368687595986 2.8918440611331615 0.09373665216943042 1.9724731719740605 0.3560092779798918 
[1, 24], [24, 1], [1, 5], [20, 20], [0, 1], 5, 0.001, 1, False, False 1.4176997773073339 38.399178275080146 3.843564125131941 0.08011768206524009 5.887354517540873 0.6677933465582878 
[1, 24], [24, 15], [1, 5], [10, 10], [1], 1, 0.001, 1, False, False 3.1356735259294513 66.4269482789976 12.07212214835455 0.1421115853346998 2.6231622973564575 1.0662837231457243 
[1, 24, 48], [24, 10, 1], [1, 10, 10], [20, 20, 20], [0, 1, 2], 5, 0.001, 1, False, False 1.3379238990169988 32.71899698516359 2.994191533785866 0.035187404631193034 0.25912542902532354 0.1429040792824867 
[1, 24], [24, 1], [1, 10], [10, 10], [1], 20, 0.001, 1, False, False 1.1787850783378993 30.221686934492496 2.4730999046700366 0.026499871332245288 0.872529255390844 0.06332723782800212 
[1, 24], [24, 5], [1, 5], [10, 10], [0, 1], 1, 0.001, 1, False, False 3.046834541360537 67.18395023632242 11.645140503892987 0.10865013730210413 1.381641089574626 0.6053208703916968 
[1, 24], [24, 15], [1, 5], [10, 10], [1], 20, 0.001, 1, False, False 1.2813287034630778 31.421255716779257 2.76871218905725 0.056750815222690716 2.001887006550475 0.45694353164100493 
[1, 24], [24, 15], [1, 10], [20, 20], [1], 20, 0.001, 1, False, False 1.211734544127076 29.284279993861123 2.4961828958426406 0.08052794339736119 1.9119735255880193 0.23019897481237095 
[1, 24], [24, 10], [1, 5], [10, 10], [1], 20, 0.001, 1, False, False 1.2939799613422822 28.891794679716398 2.61933622454605 0.09863927216993203 3.2143243968913913 0.37334972627720575 
[1, 24], [24, 1], [1, 5], [20, 20], [0, 1], 20, 0.001, 1, False, False 1.3001191666832679 33.310041435564564 2.99672191418408 0.019739061858195198 0.3156980954611118 0.0844149787383512 
[1, 24, 48], [24, 1, 1], [1, 5, 5], [10, 10, 10], [0, 1, 2], 10, 0.001, 1, False, False 1.289184696254907 32.256388192163 2.8109386401733807 0.10903506217563198 2.2069764158276075 0.20427949913287125 
[1, 24], [24, 10], [1, 10], [10, 10], [0, 1], 5, 0.001, 1, False, False 1.4109811023981484 35.452664796414986 3.4548650929938716 0.007370484217126848 1.507048404154848 0.07246230400489172 
[1, 24], [24, 10], [1, 5], [20, 20], [1], 1, 0.001, 1, False, False 2.914150496544661 65.87620694840219 10.9434837481896 0.36046376744193775 4.857980992497718 2.078042110170158 
[1, 24, 48], [24, 15, 1], [1, 5, 5], [20, 20, 20], [0, 1, 2], 1, 0.001, 1, False, False 2.766711375448439 64.19764980224214 10.174884030633145 0.33373218308203056 5.308303083573257 1.8085548076391729 
[1, 24, 48], [24, 15, 1], [1, 5, 5], [10, 10, 10], [0, 1, 2], 5, 0.001, 1, False, False 1.2789457118069683 31.351532158567085 2.78648339220395 0.024033742483890532 1.554253399001407 0.22952171606952979 
[1, 24, 48], [24, 5, 1], [1, 5, 5], [20, 20, 20], [0, 1, 2], 10, 0.001, 1, False, False 1.3545697514657622 33.03933446463471 3.087157485503575 0.05083584703926088 2.0331479085694646 0.18695717103004464 
[1, 24, 48], [24, 15, 1], [1, 5, 5], [10, 10, 10], [0, 1, 2], 1, 0.001, 1, False, False 2.5178772899839608 60.51473883762484 8.667524527815688 0.22032739222782788 3.28571907349232 1.0407981530982162 
[1, 24], [24, 15], [1, 5], [20, 20], [0, 1], 5, 0.001, 1, False, False 1.6468622682823078 40.740126594872685 4.346003266321383 0.17905461431005082 7.271133145739966 1.1863399227670224 
[1, 24], [24, 1], [1, 10], [10, 10], [0, 1], 1, 0.001, 1, False, False 3.0314270009597135 67.33319631330622 11.655198965752136 0.2155215602483777 2.87017447187066 1.3184081433827355 
[1, 24], [24, 5], [1, 10], [10, 10], [1], 20, 0.001, 1, False, False 1.2507878505521353 30.118463947453517 2.7025024669534083 0.07589258727448785 0.9347872183975717 0.19383637281515254 
[1, 24], [24, 10], [1, 5], [20, 20], [1], 20, 0.001, 1, False, False 1.2955517382533464 30.742710597201974 2.7152504603214 0.008218434699877935 0.557575463724383 0.10591434912577305 
[1, 24, 48], [24, 1, 1], [1, 5, 5], [10, 10, 10], [1, 2], 1, 0.001, 1, False, False 2.8865516420867703 63.27738370817946 10.78665271648722 0.40391508155595135 5.500948969873439 2.401629468700607 
[1, 24, 48], [24, 10, 1], [1, 5, 5], [10, 10, 10], [0, 1, 2], 10, 0.001, 1, False, False 1.3255790724246592 31.798296219758882 2.964526705608801 0.03749242409487357 1.1231016372606126 0.32480562715439665 
[1, 24, 48], [24, 5, 1], [1, 5, 5], [20, 20, 20], [1, 2], 1, 0.001, 1, False, False 2.619076432122125 61.6474183613177 9.2655284204619 0.32973575642418007 5.486779662674635 1.7659389320865202 
[1, 24, 48], [24, 15, 10], [1, 5, 5], [10, 10, 10], [1, 2], 1, 0.001, 1, False, False 2.935465514659882 65.34927436055266 11.108844654196126 0.39472662193235697 5.018356316884775 2.2399664578299645 
[1, 24], [24, 5], [1, 10], [20, 20], [0, 1], 5, 0.001, 1, False, False 1.3223958169420562 33.39540078239105 3.1993480462412442 0.12691411042387843 1.7707558221719117 0.43317578360845077 
[1, 24, 48], [24, 5, 1], [1, 10, 10], [10, 10, 10], [0, 1, 2], 10, 0.001, 1, False, False 1.2631062599795835 31.109313592124575 2.6249622552446743 0.04864514476265789 0.6325397908805575 0.2006733092836954 
[1, 24], [24, 10], [1, 10], [10, 10], [0, 1], 20, 0.001, 1, False, False 1.2395181656987582 29.924303715719066 2.578086532559603 0.035364416404479584 0.8541546889924679 0.1811162626897566 
[1, 24, 48], [24, 15, 15], [1, 5, 5], [20, 20, 20], [0, 1, 2], 1, 0.001, 1, False, False 2.659446604936211 63.00605909542228 9.648256754077375 0.13949641953896938 2.2642680503157866 0.8561688260212446 
[1, 24, 48], [24, 15, 15], [1, 10, 10], [10, 10, 10], [0, 1, 2], 1, 0.001, 1, False, False 2.384113896334613 58.42229665168836 8.239528531070524 0.14800294875818434 0.63859850568788 0.37980334808026334 
[1, 24, 48], [24, 15, 5], [1, 10, 10], [20, 20, 20], [0, 1, 2], 1, 0.001, 1, False, False 2.2477897421077446 56.03938096918713 7.500281400738527 0.33207512753171076 5.838685508466786 1.6071904663883172 
[1, 24], [24, 15], [1, 5], [20, 20], [0, 1], 20, 0.001, 1, False, False 1.2352928448606424 30.22115646756512 2.632656092293183 0.03380749291222052 1.0297941604624974 0.14759868845062807 
[1, 24, 48], [24, 1, 1], [1, 5, 5], [20, 20, 20], [0, 1, 2], 10, 0.001, 1, False, False 1.3050319284200673 32.41457457567886 2.94357119882355 0.04479343785074743 1.3786545979591107 0.17354545768626967 
[1, 24], [24, 10], [1, 10], [20, 20], [0, 1], 1, 0.001, 1, False, False 2.512987870971362 61.021072098687846 8.801658458369081 0.2930029232008237 4.865907091744018 1.561097657389777 
[1, 24, 48], [24, 1, 1], [1, 10, 10], [10, 10, 10], [0, 1, 2], 10, 0.001, 1, False, False 1.2293106188928642 30.255374615987368 2.6008867636995263 0.04035579421760232 1.7467537736563215 0.2013283651928145 
[1, 24], [24, 1], [1, 10], [10, 10], [0, 1], 20, 0.001, 1, False, False 1.2607400676166571 32.64889657797735 2.8416581332981123 0.039084119334346114 1.2595279161165587 0.1658728384445822 
[1, 24], [24, 5], [1, 5], [10, 10], [0, 1], 5, 0.001, 1, False, False 1.6307277477449842 42.99106892271903 4.7656775360531505 0.3746711697167632 7.012200835640302 1.5027804727886083 
[1, 24], [24, 15], [1, 10], [10, 10], [0, 1], 1, 0.001, 1, False, False 2.746499140395058 62.94730706756608 9.889839703625206 0.20183486895102015 2.6410857737858295 1.0099465984704004 
[1, 24], [24, 15], [1, 10], [10, 10], [0, 1], 20, 0.001, 1, False, False 1.228595045871205 29.56791067163422 2.5509357643698145 0.015946518776682673 1.6534953716488787 0.15562656668160804 
[1, 24, 48], [24, 15, 1], [1, 10, 10], [20, 20, 20], [0, 1, 2], 5, 0.001, 1, False, False 1.3333850283865578 32.45499445578702 2.9794126654923456 0.1076199182499314 2.9259002871376496 0.4210345307302566 
[1, 24], [24, 10], [1, 10], [20, 20], [0, 1], 20, 0.001, 1, False, False 1.25022047371776 30.603969480308866 2.673507029474019 0.02567185358658969 0.33590825831315246 0.061223307702735326 
[1, 24, 48], [24, 10, 1], [1, 10, 10], [10, 10, 10], [0, 1, 2], 10, 0.001, 1, False, False 1.2646663526142088 30.607473722431497 2.670700925464393 0.050571676319828125 1.5568582313744803 0.12274360045401043 
[1, 24, 48], [24, 15, 1], [1, 5, 5], [10, 10, 10], [0, 1, 2], 5, 0.001, 1, False, False 1.369155983792411 33.54570253849621 2.9993695143672365 0.015896585374732673 1.715228756826077 0.030157714111572156 
[1, 24], [24, 5], [1, 10], [20, 20], [0, 1], 20, 0.001, 1, False, False 1.3164525335033737 32.26062265182548 2.9307620164356685 0.05482144256474853 0.8583744602462183 0.1815133098228712 
[1, 24, 48], [24, 5, 1], [1, 5, 5], [10, 10, 10], [1, 2], 5, 0.001, 1, False, False 1.3786313705974156 37.3648246564309 3.5410158697718095 0.08875615947161147 4.606757600554733 0.5471140343296217 
[1, 24, 48], [24, 10, 1], [1, 5, 5], [20, 20, 20], [1, 2], 5, 0.001, 1, False, False 1.4262432223116912 33.66053596666512 3.2212631589599177 0.08240991174407976 1.4983560196509051 0.480018353965758 
[1, 24, 48], [24, 15, 10], [1, 5, 5], [20, 20, 20], [1, 2], 10, 0.001, 1, False, False 1.323253880882705 31.75079545694707 2.916641620812863 0.04585849585446248 0.495837014468079 0.20176681445127442 
[1, 24, 48], [24, 15, 1], [1, 10, 10], [20, 20, 20], [0, 1, 2], 10, 0.001, 1, False, False 1.3614881965297243 31.92039971886054 2.987720723945545 0.07328620137284796 2.31368667061418 0.34803987114474044 
[1, 24, 48], [24, 15, 10], [1, 5, 5], [10, 10, 10], [1, 2], 5, 0.001, 1, False, False 1.3319465742067058 32.35565690087062 2.8328136862116877 0.02655974431483164 0.47276810345133774 0.02851730082025167 
[1, 24, 48], [24, 10, 1], [1, 5, 5], [20, 20, 20], [0, 1, 2], 10, 0.001, 1, False, False 1.3319908358432633 32.01801757554594 2.8643210962683185 0.042428310789852576 1.453731783135212 0.13160450190164472 
[1, 24], [24, 10], [1, 5], [10, 10], [0, 1], 1, 0.001, 1, False, False 2.9989918831321933 65.98009575338921 11.25315246043229 0.11803312889223361 1.6045421983298767 0.7596052337525372 
[1, 24, 48], [24, 15, 1], [1, 5, 5], [20, 20, 20], [0, 1, 2], 5, 0.001, 1, False, False 1.3181364172034795 33.52148216888781 2.948710351822303 0.09048311177179946 2.2726192820303304 0.27201820802307386 
[1, 24], [24, 5], [1, 5], [10, 10], [0, 1], 20, 0.001, 1, False, False 1.3115739577898278 32.1071993942515 2.929037490254862 0.007653987083184293 0.4595030002787391 0.019713821896578106 
[1, 24, 48], [24, 1, 1], [1, 5, 5], [10, 10, 10], [1, 2], 5, 0.001, 1, False, False 1.768689086978082 42.10269119922872 5.135876392607325 0.4464439556931507 7.158275785967286 1.8643278880403216 
[1, 24, 48], [24, 5, 1], [1, 5, 5], [20, 20, 20], [1, 2], 5, 0.001, 1, False, False 1.3791668997870554 34.80199140642825 3.186622453540514 0.04318153242498904 1.2459459779609277 0.29115676193948553 
[1, 24, 48], [24, 15, 1], [1, 10, 10], [10, 10, 10], [0, 1, 2], 10, 0.001, 1, False, False 1.2761417931428667 31.036342955570035 2.7571009015346397 0.04191938000651994 0.8534481407830059 0.1483839096845765 
[1, 24, 48], [24, 1, 1], [1, 10, 10], [10, 10, 10], [0, 1, 2], 20, 0.001, 1, False, False 1.2308345352058057 29.339520980336285 2.4759267638467777 0.040543222468353846 2.210701841568704 0.2775657955734477 
[1, 24], [24, 5], [1, 5], [20, 20], [0, 1], 1, 0.001, 1, False, False 3.034870174196031 68.23679441415607 11.462059866025015 0.04200468142216718 0.8849812456763055 0.3287458536811545 
[1, 24, 48], [24, 5, 1], [1, 5, 5], [10, 10, 10], [0, 1, 2], 20, 0.001, 1, False, False 1.2018363763888678 30.123666971604237 2.5333336657868095 0.057523973090975636 1.640775754662061 0.23504393681006175 
[1, 24, 48], [24, 10, 1], [1, 10, 10], [20, 20, 20], [0, 1, 2], 10, 0.001, 1, False, False 1.3562830323422401 32.13468610832189 3.0249587503126523 0.04659949231362002 1.3952091413338443 0.2538587573195887 
[1, 24, 48], [24, 15, 15], [1, 5, 5], [10, 10, 10], [0, 1, 2], 5, 0.001, 1, False, False 1.3359615409263859 33.90989263619616 3.3364845323239494 0.11707957656727284 5.249000823660018 1.0162887545340242 
[1, 24, 48], [24, 1, 1], [1, 5, 5], [20, 20, 20], [0, 1, 2], 20, 0.001, 1, False, False 1.2466652056685203 30.997351218946246 2.727350755748942 0.013571338735550548 0.39977694599000274 0.09702712685929332 
[1, 24, 48], [24, 5, 1], [1, 10, 10], [20, 20, 20], [0, 1, 2], 10, 0.001, 1, False, False 1.2513176549915916 31.012267278251045 2.705501887861679 0.004160145135395503 1.5902868947865396 0.09004929257885437 
[1, 24, 48], [24, 15, 5], [1, 10, 10], [10, 10, 10], [0, 1, 2], 5, 0.001, 1, False, False 1.3736222104341895 34.438309744204915 3.0446861448991935 0.02557137696441229 2.60772048120249 0.23941649668154752 
[1, 24, 48], [24, 15, 5], [1, 5, 5], [20, 20, 20], [0, 1, 2], 5, 0.001, 1, False, False 1.3906447524825731 32.688201223422105 3.122372934945796 0.11116013331698732 2.3611463962616925 0.513137677279379 
[1, 24, 48], [24, 15, 1], [1, 10, 10], [10, 10, 10], [0, 1, 2], 10, 0.001, 1, False, False 1.263386775332469 29.050964803817553 2.647820819419287 0.09164306991536723 0.986807766131845 0.3064704183273793 
[1, 24], [24, 10], [1, 5], [10, 10], [0, 1], 20, 0.001, 1, False, False 1.2842763164529094 31.222401277993537 2.7257293787891412 0.062142119271299256 1.1329369966073286 0.2504086335686949 
[1, 24, 48], [24, 5, 1], [1, 5, 5], [20, 20, 20], [0, 1, 2], 1, 0.001, 1, False, False 2.674036415417989 63.31383141806598 9.510499154391729 0.22450481648138462 3.7022118576320975 1.2510809502620783 
[1, 24, 48], [24, 1, 1], [1, 10, 10], [20, 20, 20], [0, 1, 2], 1, 0.001, 1, False, False 2.4246757407983144 59.37204982177429 8.321827561568409 0.3362960733127421 4.35503766138927 1.5957793966940672 
[1, 24, 48], [24, 5, 1], [1, 5, 5], [10, 10, 10], [0, 1, 2], 10, 0.001, 1, False, False 1.3352255033674065 33.45271568127854 2.9327086739236083 0.10566814878159489 1.9794322622051508 0.2856341924359214 
[1, 24, 48], [24, 1, 1], [1, 5, 5], [20, 20, 20], [1, 2], 10, 0.001, 1, False, False 1.2910890339149372 30.954276195017417 2.7353238998267346 0.04865865699852722 0.19686425680139938 0.06106959380199312 
[1, 24, 48], [24, 15, 15], [1, 5, 5], [20, 20, 20], [0, 1, 2], 5, 0.001, 1, False, False 1.4751164211167236 36.15478290551709 3.463577067204719 0.03412378873161954 1.062375833344652 0.19806055484858415 
[1, 24, 48], [24, 15, 15], [1, 10, 10], [10, 10, 10], [0, 1, 2], 5, 0.001, 1, False, False 1.3923642669562941 33.81819466965161 3.1094238557169405 0.08581373859334908 2.1135414505552754 0.38623509129789385 
[1, 24, 48], [24, 5, 1], [1, 10, 10], [10, 10, 10], [0, 1, 2], 1, 0.001, 1, False, False 2.3947587966918946 56.72744834678951 7.8126314452143015 0.22531075203111822 3.6650684184393554 1.1008251871075398 
[1, 24, 48], [24, 15, 1], [1, 10, 10], [10, 10, 10], [0, 1, 2], 20, 0.001, 1, False, False 1.3179292450900437 30.489928968637077 2.7797315199434354 0.036287355338561346 1.3982065733668985 0.17647690591260246 
[1, 24, 48], [24, 10, 1], [1, 5, 5], [10, 10, 10], [1, 2], 10, 0.001, 1, False, False 1.2564464317427742 30.076259780937686 2.6929071212579916 0.053178176416917994 1.5604444296367903 0.2499826451710022 
[1, 24, 48], [24, 15, 5], [1, 10, 10], [20, 20, 20], [0, 1, 2], 5, 0.001, 1, False, False 1.3958853806058569 33.81053399619767 3.2939881470451216 0.04935616369907296 2.2538474207241785 0.2636596341092418 
[1, 24, 48], [24, 10, 1], [1, 10, 10], [20, 20, 20], [0, 1, 2], 20, 0.001, 1, False, False 1.2599237985081146 29.90874496673692 2.622346113096196 0.052374788963046516 0.9835678552026843 0.1850915137305833 
[1, 24, 48], [24, 15, 1], [1, 10, 10], [20, 20, 20], [0, 1, 2], 1, 0.001, 1, False, False 2.5012076904376346 60.43048380483483 8.632527422156416 0.2754895782316365 4.355583833330456 1.2732754328611362 
[1, 24], [24, 5], [1, 5], [20, 20], [0, 1], 20, 0.001, 1, False, False 1.3671160009724126 34.23640218827982 3.243637080063382 0.04330092641928531 0.5886422494107535 0.18003552512402834 
[1, 24, 48], [24, 10, 1], [1, 5, 5], [10, 10, 10], [0, 1, 2], 1, 0.001, 1, False, False 2.874339813656277 64.79911771339721 10.610548734800881 0.19902210540735688 2.926099196891188 1.0835683274073018 
[1, 24, 48], [24, 15, 1], [1, 5, 5], [10, 10, 10], [0, 1, 2], 10, 0.001, 1, False, False 1.3612499889400276 33.25949621384119 2.978807143082292 0.05247493190961272 0.905061008656753 0.10731027083490566 
[1, 24, 48], [24, 15, 1], [1, 10, 10], [20, 20, 20], [0, 1, 2], 10, 0.001, 1, False, False 1.3291665263198043 31.703048418326286 2.848776280278337 0.06286974378051155 1.5721384200086725 0.2765983838387738 
[1, 24, 48], [24, 5, 1], [1, 5, 5], [20, 20, 20], [0, 1, 2], 5, 0.001, 1, False, False 1.4524482591284649 36.106922145434 3.6327416009712903 0.06661244696153797 1.895120175464501 0.6485225869426893 
[1, 24, 48], [24, 15, 1], [1, 5, 5], [10, 10, 10], [0, 1, 2], 10, 0.001, 1, False, False 1.4549756647260104 35.032690638095765 3.405308074253434 0.054563877167408556 1.6427796034193218 0.09025961905446933 
[1, 24, 48], [24, 15, 10], [1, 5, 5], [10, 10, 10], [1, 2], 10, 0.001, 1, False, False 1.2398620014389359 30.51968894764157 2.604821669183373 0.026218003428750074 0.781545109239642 0.06424600163911848 
[1, 24, 48], [24, 5, 1], [1, 5, 5], [10, 10, 10], [1, 2], 10, 0.001, 1, False, False 1.2237524401258542 29.525665972720407 2.5693480573216276 0.06204992630480159 1.2962850779173853 0.1641329418300428 
[1, 24, 48], [24, 15, 15], [1, 10, 10], [20, 20, 20], [0, 1, 2], 10, 0.001, 1, False, False 1.2224326368283345 27.190030208140154 2.4894674002399575 0.003487438003984695 1.3148474727402706 0.06882934809353365 
[1, 24, 48], [24, 15, 1], [1, 10, 10], [20, 20, 20], [0, 1, 2], 5, 0.001, 1, False, False 1.3790100477359912 34.68403529116048 3.15665664264915 0.0684456952899623 1.0346246686225136 0.23419368534246995 
[1, 24, 48], [24, 15, 1], [1, 5, 5], [20, 20, 20], [0, 1, 2], 10, 0.001, 1, False, False 1.3298039178053545 32.68188255532875 2.9935767007115097 0.047871049068989896 0.9708590772327527 0.22126343493410874 
[1, 24, 48], [24, 10, 1], [1, 5, 5], [20, 20, 20], [1, 2], 10, 0.001, 1, False, False 1.32724712435846 33.39473012969935 3.0373840392160845 0.03190484124330291 1.6349319654783907 0.12488275360257112 
[1, 24, 48], [24, 15, 5], [1, 5, 5], [10, 10, 10], [0, 1, 2], 10, 0.001, 1, False, False 1.3506068571298213 32.17174126318383 2.992610469005445 0.1289934653919438 1.2733037491951138 0.355106511702812 
[1, 24, 48], [24, 1, 1], [1, 5, 5], [10, 10, 10], [1, 2], 10, 0.001, 1, False, False 1.210033924436128 30.839682893094505 2.5597059139893084 0.06516535346074172 1.2901238759986482 0.19484464063665133 
[1, 24, 48], [24, 10, 1], [1, 5, 5], [10, 10, 10], [0, 1, 2], 5, 0.001, 1, False, False 1.3505104811655153 35.112695700176005 3.188140269584766 0.03833415278700994 2.0855723451710984 0.181281624460287 
[1, 24, 48], [24, 15, 1], [1, 5, 5], [20, 20, 20], [0, 1, 2], 10, 0.001, 1, False, False 1.4299235032664408 33.088377907349155 3.2667212198389746 0.039387110452064 1.058409937538752 0.1837144741125638 
[1, 24, 48], [24, 15, 10], [1, 5, 5], [10, 10, 10], [1, 2], 20, 0.001, 1, False, False 1.2178825058318952 28.82074563275778 2.4569259307033926 0.06744498638761978 0.6566577459483134 0.25155097556985717 
[1, 24, 48], [24, 15, 10], [1, 5, 5], [20, 20, 20], [1, 2], 20, 0.001, 1, False, False 1.2555175676941877 29.766854711660987 2.7033473625019635 0.04122337504848973 0.4841065335206572 0.20575936745793105 
[1, 24, 48], [24, 5, 1], [1, 5, 5], [20, 20, 20], [1, 2], 10, 0.001, 1, False, False 1.3006660538691064 32.03016582928584 2.911505129540329 0.024536560404351468 0.8725911128881401 0.19862948846842135 
[1, 24, 48], [24, 1, 1], [1, 10, 10], [20, 20, 20], [0, 1, 2], 5, 0.001, 1, False, False 1.3830593642813191 33.875145999317986 3.118694568928699 0.06313624904415858 0.7874646164735613 0.12453699539052543 
[1, 24, 48], [24, 15, 1], [1, 5, 5], [10, 10, 10], [1, 2], 1, 0.001, 1, False, False 2.6605090508858367 61.40797811486064 9.468639718318764 0.07365047738754762 1.0828832392814918 0.38197642025083756 
[1, 24, 48], [24, 1, 1], [1, 5, 5], [10, 10, 10], [1, 2], 20, 0.001, 1, False, False 1.2317215093859921 31.31092610385842 2.5122402774667125 0.058478986576298984 1.0893179883013135 0.14922804937167822 
[1, 24, 48], [24, 10, 1], [1, 5, 5], [10, 10, 10], [0, 1, 2], 20, 0.001, 1, False, False 1.2989049514686621 31.140873339810497 2.8011183700002706 0.0320336744843652 0.5941422548146559 0.08634439457246615 
[1, 24, 48], [24, 15, 10], [1, 5, 5], [20, 20, 20], [1, 2], 1, 0.001, 1, False, False 1.881231000246825 49.20854800283049 5.797668654248675 0.4156955383249369 7.736275761274737 1.871732761690853 
[1, 24, 48], [24, 5, 1], [1, 10, 10], [10, 10, 10], [0, 1, 2], 5, 0.001, 1, False, False 1.2669549857576687 32.60891329147626 2.792805253201791 0.06504979302281506 2.3822466201150774 0.31711609140873565 
[1, 24, 48], [24, 5, 1], [1, 5, 5], [20, 20, 20], [0, 1, 2], 20, 0.001, 1, False, False 1.2538375154137615 31.15003289556024 2.6430159431311044 0.04674295675331007 0.7148771859984081 0.15331397406719163 
[1, 24, 48], [24, 1, 1], [1, 5, 5], [20, 20, 20], [1, 2], 1, 0.001, 1, False, False 2.8798316518465676 65.3541156725871 10.683238331097028 0.31498528991520114 3.510886680914449 1.933183753584552 
[1, 24, 48], [24, 10, 1], [1, 5, 5], [20, 20, 20], [0, 1, 2], 1, 0.001, 1, False, False 2.5533038357893623 60.33449929387164 8.888049689438175 0.37337218552911705 6.4725348720840294 1.9407918818845773 
[1, 24, 48], [24, 10, 1], [1, 10, 10], [10, 10, 10], [0, 1, 2], 1, 0.001, 1, False, False 2.0864097515741986 51.86479883993571 6.6397184720504745 0.3537867883087259 5.182633142858289 1.6581702699147207 
[1, 24, 48], [24, 5, 1], [1, 5, 5], [20, 20, 20], [1, 2], 20, 0.001, 1, False, False 1.210573905044132 28.88349721724391 2.3853228821975496 0.02448496233575852 1.5454703062823643 0.13019532260465555 
[1, 24, 48], [24, 10, 1], [1, 5, 5], [10, 10, 10], [1, 2], 1, 0.001, 1, False, False 2.123908923621531 52.35148340878258 7.038357499867158 0.3245082020317646 6.342676159985845 1.5781072203416833 
[1, 24, 48], [24, 15, 1], [1, 5, 5], [20, 20, 20], [0, 1, 2], 20, 0.001, 1, False, False 1.3146286154234854 30.946473976110976 2.8946777428603387 0.037297029541564344 0.48786800073855974 0.0751007159214538 
[1, 24, 48], [24, 10, 1], [1, 10, 10], [10, 10, 10], [0, 1, 2], 20, 0.001, 1, False, False 1.2078667186476568 29.489979355538882 2.4602060663398295 0.02735394228712193 1.5402815602140587 0.1457835200419171 
[1, 24, 48], [24, 15, 15], [1, 5, 5], [10, 10, 10], [0, 1, 2], 10, 0.001, 1, False, False 1.3860541779685907 32.49882369267978 3.0004289452101083 0.0835507907346769 1.8106429685140257 0.27109677114333725 
[1, 24, 48], [24, 15, 10], [1, 5, 5], [20, 20, 20], [1, 2], 5, 0.001, 1, False, False 1.346333839992682 33.321355034825935 3.029531138784609 0.042146965581863684 0.6255145725807733 0.1727039251487045 
[1, 24, 48], [24, 15, 1], [1, 10, 10], [10, 10, 10], [0, 1, 2], 1, 0.001, 1, False, False 2.5900308340787883 60.99396643474131 8.949729983427487 0.19099179985784895 4.0586417056246304 1.0190313570675582 
[1, 24, 48], [24, 1, 1], [1, 10, 10], [20, 20, 20], [0, 1, 2], 20, 0.001, 1, False, False 1.2154534733957718 30.304993446848954 2.4596970332290247 0.06407334140294695 1.0448330870593228 0.18684481293484842 
[1, 24, 48], [24, 1, 1], [1, 5, 5], [20, 20, 20], [1, 2], 5, 0.001, 1, False, False 1.305577555243616 31.531654481261313 2.767453743318841 0.12268313753874806 2.858280503306577 0.41044719150089515 
[1, 24, 48], [24, 15, 5], [1, 10, 10], [10, 10, 10], [0, 1, 2], 10, 0.001, 1, False, False 1.2655461722502004 28.944180285477675 2.5757232022220617 0.018472498236561937 0.17706000488160592 0.08754430951715558 
[1, 24, 48], [24, 15, 5], [1, 5, 5], [20, 20, 20], [0, 1, 2], 10, 0.001, 1, False, False 1.368750719726086 32.80659183306319 2.964057521468819 0.09186578095571568 3.357392537892664 0.4276297440998684 
[1, 24, 48], [24, 15, 15], [1, 5, 5], [20, 20, 20], [0, 1, 2], 10, 0.001, 1, False, False 1.327862505835516 32.23367364974856 2.9742130756650664 0.10501047310792458 3.2980308768194098 0.3857815494348501 
[1, 24, 48], [24, 1, 1], [1, 5, 5], [10, 10, 10], [0, 1, 2], 1, 0.001, 1, False, False 2.9308105538288753 66.38497561269804 11.080940330096148 0.23425763914720932 3.8987716966613504 1.4486331285301437 
[1, 24, 48], [24, 15, 15], [1, 10, 10], [10, 10, 10], [0, 1, 2], 10, 0.001, 1, False, False 1.2036856442689898 27.97788416364432 2.4392337124365198 0.02119189515978959 1.0066009462937833 0.03029621611415218 
[1, 24, 48], [24, 10, 1], [1, 5, 5], [20, 20, 20], [0, 1, 2], 20, 0.001, 1, False, False 1.3083082588734454 30.323086081279698 2.723343195453993 0.06608772036974925 1.8112793352229282 0.27722467564891506 
[1, 24, 48], [24, 10, 1], [1, 5, 5], [10, 10, 10], [1, 2], 5, 0.001, 1, False, False 1.2938278968687411 31.775058634057263 2.7580710237792814 0.045283186942509206 0.8104575257897842 0.12511114898286516 
[1, 24, 48], [24, 15, 5], [1, 10, 10], [20, 20, 20], [0, 1, 2], 10, 0.001, 1, False, False 1.3006414237949586 30.50856696699856 2.825948616449257 0.04323905266799098 1.0487928171820335 0.2406247845973718 
[1, 24, 48], [24, 1, 1], [1, 5, 5], [20, 20, 20], [1, 2], 20, 0.001, 1, False, False 1.3122965314873944 29.616214914496258 2.757297232213332 0.16840509255767744 2.9162019351149837 0.5625883938433691 
[1, 24, 48], [24, 5, 1], [1, 5, 5], [10, 10, 10], [1, 2], 1, 0.001, 1, False, False 2.8331252090356966 63.32310133312615 10.438877262027939 0.3043158210811492 4.373638542144411 1.795152688978802 
[1, 24, 48], [24, 5, 1], [1, 10, 10], [10, 10, 10], [0, 1, 2], 20, 0.001, 1, False, False 1.225466362966432 29.162690219569356 2.406232905893025 0.006264726249053753 0.3662831082823511 0.06118364851143415 
[1, 24, 48], [24, 15, 15], [1, 5, 5], [20, 20, 20], [0, 1, 2], 20, 0.001, 1, False, False 1.2760184503815797 29.440025062412662 2.6554060676230473 0.07559139822793196 1.0652577997065997 0.18350733454062415 
[1, 24, 48], [24, 1, 1], [1, 5, 5], [10, 10, 10], [0, 1, 2], 20, 0.001, 1, False, False 1.2191669795248246 30.19797797872972 2.5329973392437513 0.0151158912407601 0.8037257241433549 0.0600744106008715 
[1, 24, 48], [24, 15, 15], [1, 10, 10], [10, 10, 10], [0, 1, 2], 20, 0.001, 1, False, False 1.3741120617146851 31.095835891117776 2.852256436100283 0.029911298198804 2.013198314848427 0.08312846570647897 
[1, 24, 48], [24, 10, 1], [1, 5, 5], [10, 10, 10], [1, 2], 20, 0.001, 1, False, False 1.2579946944007168 30.093438517733077 2.5907202494271275 0.08795996147775341 1.9208599715279164 0.348815856125161 
[1, 24, 48], [24, 15, 1], [1, 5, 5], [10, 10, 10], [0, 1, 2], 20, 0.001, 1, False, False 1.2410466802892863 29.796772697002226 2.631833943443839 0.019819365876200538 0.8356322308724371 0.14338108533051336 
[1, 24, 48], [24, 15, 5], [1, 10, 10], [20, 20, 20], [0, 1, 2], 20, 0.001, 1, False, False 1.2517195092307196 30.86726082861719 2.6777512945900583 0.022389769989851118 0.6537850277268901 0.08010852900917705 
[1, 24, 48], [24, 15, 1], [1, 10, 10], [10, 10, 10], [0, 1, 2], 20, 0.001, 1, False, False 1.3022838841433881 29.737780052358147 2.6788334609496105 0.04241673499912326 0.8048303344135344 0.08695318996378867 
[1, 24, 48], [24, 5, 1], [1, 10, 10], [20, 20, 20], [0, 1, 2], 1, 0.001, 1, False, False 2.45643956164519 59.81636205469612 8.42081289159041 0.1609675088428948 1.7174149810054875 0.6735614370943965 
[1, 24, 48], [24, 10, 1], [1, 5, 5], [20, 20, 20], [1, 2], 1, 0.001, 1, False, False 2.1883625256794472 53.29362181697304 7.424835419585964 0.6871215189893409 12.100415731119346 2.927275615604212 
[1, 24, 48], [24, 15, 15], [1, 10, 10], [20, 20, 20], [0, 1, 2], 1, 0.001, 1, False, False 1.9450896885659963 49.25019287548238 6.282448200316343 0.5824002018403575 10.691968823165231 2.4785359056062166 
[1, 24, 48], [24, 15, 1], [1, 5, 5], [20, 20, 20], [0, 1, 2], 1, 0.001, 1, False, False 2.732009500596259 65.00619890886124 10.127102332625528 0.28833534861513666 4.121803725209621 1.5050911259681872 
[1, 24, 48], [24, 15, 5], [1, 5, 5], [10, 10, 10], [0, 1, 2], 1, 0.001, 1, False, False 2.718666848761064 62.652086148296235 9.696322179047034 0.20564045931316893 3.73325384161519 1.2509193181705334 
[1, 24, 48], [24, 15, 1], [1, 10, 10], [10, 10, 10], [0, 1, 2], 5, 0.001, 1, False, False 1.2901760213904911 31.70415616104664 2.8111014600688886 0.044423087370788386 1.6898600085573459 0.16756451785202456 
[1, 24, 48], [24, 15, 1], [1, 10, 10], [20, 20, 20], [0, 1, 2], 20, 0.001, 1, False, False 1.2491192598585732 29.51847134187246 2.5475932316882393 0.08684592500716769 1.2497085903825522 0.2398224622293661 
[1, 24, 48], [24, 15, 1], [1, 10, 10], [20, 20, 20], [0, 1, 2], 1, 0.001, 1, False, False 2.056697796229963 51.85087247731489 6.490139917890635 0.21829458152401282 5.814410486761203 1.0735886257462588 
[1, 24, 48], [24, 5, 1], [1, 5, 5], [10, 10, 10], [1, 2], 20, 0.001, 1, False, False 1.2334550636786004 29.318028997218587 2.5662286061746844 0.06850745445874185 2.164008540491229 0.24602184800175628 
[1, 24, 48], [24, 15, 1], [1, 5, 5], [10, 10, 10], [0, 1, 2], 1, 0.001, 1, False, False 2.7340541452169416 63.841076835411094 10.024142978934549 0.3377561529730956 4.900726029174572 1.8731852511785334 
[1, 24, 48], [24, 10, 1], [1, 5, 5], [20, 20, 20], [1, 2], 20, 0.001, 1, False, False 1.351504694973981 31.36772004013422 2.9518500366074623 0.05461553385377063 2.3572762781219483 0.1627376295669262 
[1, 24, 48], [24, 15, 1], [1, 10, 10], [20, 20, 20], [0, 1, 2], 20, 0.001, 1, False, False 1.310358631831629 29.691235017629992 2.802088473521374 0.08915025208928026 1.080348847342715 0.3911879381890456 
[1, 24, 48], [24, 15, 15], [1, 10, 10], [20, 20, 20], [0, 1, 2], 5, 0.001, 1, False, False 1.3701355526292767 32.78248092627896 3.0939923502919284 0.14698589008278945 2.7935561918021317 0.4720559592109674 
[1, 24, 48], [24, 15, 1], [1, 5, 5], [20, 20, 20], [0, 1, 2], 5, 0.001, 1, False, False 1.3882989013636557 33.65518025079925 3.176342740702841 0.08195562939477313 1.989807133462105 0.4218952950310127 
[1, 24, 48], [24, 15, 5], [1, 5, 5], [10, 10, 10], [0, 1, 2], 5, 0.001, 1, False, False 1.4457998885048762 37.04544810563018 3.518891974262424 0.037881248045376265 0.8119160525631972 0.23676358132573055 
[1, 24, 48], [24, 5, 1], [1, 10, 10], [20, 20, 20], [0, 1, 2], 20, 0.001, 1, False, False 1.3374146002862195 32.50919369598199 2.926372387587598 0.042076597942612315 0.7860185155214586 0.28293846861307975 
[1, 24, 48], [24, 15, 15], [1, 10, 10], [20, 20, 20], [0, 1, 2], 20, 0.001, 1, False, False 1.3244789895084172 29.701452656170876 2.702610242242528 0.040541092206025725 1.9243336928525374 0.12833495662573313 
[1, 24, 48], [24, 15, 1], [1, 5, 5], [20, 20, 20], [0, 1, 2], 20, 0.001, 1, False, False 1.2500457673713015 30.312971696175442 2.59763365584486 0.037891796175003774 1.5414978044715157 0.13196908314264025 
[1, 24, 48], [24, 15, 5], [1, 5, 5], [10, 10, 10], [0, 1, 2], 20, 0.001, 1, False, False 1.2395469316729797 29.820013297676308 2.68073488808585 0.02657605115713542 1.722020052868049 0.16788562022643133 
[1, 24, 48], [24, 15, 15], [1, 5, 5], [10, 10, 10], [0, 1, 2], 1, 0.001, 1, False, False 3.0180236816406247 67.78563890760323 11.4878619041869 0.23319945776621276 2.8667355955280693 1.4043807745773427 
[1, 24, 48], [24, 15, 5], [1, 10, 10], [10, 10, 10], [0, 1, 2], 1, 0.001, 1, False, False 2.330207918418779 56.678736133094226 7.970510661803584 0.4243958415498403 6.478275830024987 1.9481145520884608 
[1, 24, 48], [24, 15, 5], [1, 5, 5], [20, 20, 20], [0, 1, 2], 1, 0.001, 1, False, False 2.758258843090799 64.2574826483052 9.80169485766348 0.15690147758147605 2.1211619407092788 0.7848497122891583 
[1, 24, 48], [24, 15, 1], [1, 5, 5], [10, 10, 10], [0, 1, 2], 20, 0.001, 1, False, False 1.281969737565076 30.275986316689924 2.796402426126379 0.0218511015587813 0.8218945151388881 0.08602326567395839 
[1, 24, 48], [24, 15, 15], [1, 5, 5], [10, 10, 10], [0, 1, 2], 20, 0.001, 1, False, False 1.2375319485863054 30.539586552203136 2.5778083677039922 0.05008621858716367 1.6661952706967669 0.22890375694554857 
[1, 24, 48], [24, 15, 5], [1, 5, 5], [20, 20, 20], [0, 1, 2], 20, 0.001, 1, False, False 1.3210862330264517 31.834671421191885 2.8222064545571244 0.03490066423967276 0.9494782386402446 0.135809420830228 
[1, 24, 48], [24, 15, 5], [1, 10, 10], [10, 10, 10], [0, 1, 2], 20, 0.001, 1, False, False 1.3498769113311067 30.293443864539487 2.8559949248214127 0.049465961440989865 1.6509774638752452 0.08144195670846072 
