layers lag time_steps epochs l2 learning_rate mean_mae                         mean_mape mean_mse std mae std_mape std_mse 
[15], 24, 1, 1, 0.001, 0.05, 1, False 2.7847464940062276 60.232264259382895 11.218109877406059 0.299566896412524 5.210244055377394 1.708218416989886 
[15], 36, 1, 1, 0.001, 0.05, 1, False 2.107512236524511 46.88398496693225 7.204257235931002 0.41361577722091 9.481944406847365 1.9185081281262466 
[10], 1, 1, 1, 0.001, 0.05, 1, False 4.424473725866388 63.86288671534464 29.08192631996032 0.19645787058293113 3.9945839097831035 4.006775907631912 
[10], 12, 1, 1, 0.001, 0.05, 1, False 4.522811820385633 82.69358486334403 25.95318989290399 0.041425126812589856 7.761576798061913 2.3101684061293075 
[10], 24, 1, 1, 0.001, 0.05, 1, False 3.0657815680459692 64.18617943454058 12.328803831363237 0.43636590874334175 7.725148345466908 3.0687073578796236 
[15], 1, 1, 1, 0.001, 0.05, 1, False 4.386412427160475 63.655886467073174 28.855829187073212 0.08881543738676864 3.041819360715564 2.124958900953546 
[15], 12, 1, 1, 0.001, 0.05, 1, False 4.485066711681861 86.87171599342467 24.36300396559042 0.2172787757777491 9.696294551721556 1.4557468674853622 
[10], 36, 1, 1, 0.001, 0.05, 1, False 2.1113596306906808 46.78553056919369 8.326994406644571 0.5463161097104813 8.428243192068654 3.8438766041346892 
[5], 1, 1, 1, 0.001, 0.05, 1, False 4.2484537369675115 72.14905805661328 24.041912456997547 0.052409261946887796 2.907330304675501 1.564954601818242 
[5], 36, 1, 1, 0.001, 0.05, 1, False 2.075258439668903 51.121448815152256 7.470137728560592 0.19688397624375806 3.9190076863470504 1.0208749515687743 
[5], 24, 1, 1, 0.001, 0.05, 1, False 2.6506618637177684 55.72941381179419 10.206808548698357 0.6270852841925701 8.301647187181965 3.753777645434522 
[20], 12, 1, 1, 0.001, 0.05, 1, False 4.740123063601829 89.94676046417857 27.606481358220197 0.20857348239154305 7.6630646051538855 2.17067756561924 
[20], 1, 1, 1, 0.001, 0.05, 1, False 4.448998822437392 61.58879340343642 29.690012400793368 0.26628910129082906 0.7105278204495411 3.3218375667117357 
[20], 24, 1, 1, 0.001, 0.05, 1, False 2.7575328324679975 58.89423775669285 11.327783299297595 0.26875711974782646 3.0135752176082895 2.0920012708813607 
[5], 12, 1, 1, 0.001, 0.05, 1, False 4.277766847500096 79.15620231545961 22.559330413814298 0.12296648972608508 4.7731576045909465 1.1097441090804392 
[20], 36, 1, 1, 0.001, 0.05, 1, False 1.9341382438937818 45.28851436781057 6.453474207170699 0.23207056122516276 4.0629392622979426 0.9175101423749064 
[15], 36, 15, 5, 0.001, 0.05, 1, False 1.8165800163591355 37.28485803270552 4.801697638262746 0.3357076446798048 4.447028535899011 1.4502828002836026 
[15], 24, 1, 5, 0.001, 0.05, 1, False 2.033244496363181 45.01372323501232 6.4053812306335525 0.1685268701158569 1.8073797006764027 0.8868195815529129 
[15], 36, 1, 5, 0.001, 0.05, 1, False 1.7781708073284894 38.521315696102 5.179868933175609 0.377805503302361 4.930755431247036 2.0791709030690377 
[15], 24, 15, 5, 0.001, 0.05, 1, False 1.3522052677693195 32.558876249145484 2.841121375891357 0.10155919232691421 1.1144416882024035 0.2263255299237498 
[15], 12, 15, 5, 0.001, 0.05, 1, False 1.6151416895566166 41.11360441022463 4.302311068209496 0.30759525818580674 8.396244035618885 1.5301797388863743 
[20], 12, 1, 5, 0.001, 0.05, 1, False 4.945095225727116 99.90112263804089 29.837631234161496 0.4467363807782601 4.658708939873224 6.380207747280544 
[15], 1, 1, 5, 0.001, 0.05, 1, False 3.8756330266042998 73.92032463751502 19.161235579356756 0.036917878522933406 9.402080814126524 1.449836383331936 
[10], 36, 1, 5, 0.001, 0.05, 1, False 2.0624547870898686 41.667753212413864 6.706932381015373 0.47365898182338995 4.22709926733641 2.5637488105004955 
[20], 1, 1, 5, 0.001, 0.05, 1, False 3.7236297412051087 80.91535319761964 16.166480690388937 0.041066577022339124 1.0313413354009555 0.31606500576782554 
[10], 1, 1, 5, 0.001, 0.05, 1, False 4.015201916186897 68.65595929621948 21.52753936670706 0.07844876663237876 4.913620823401081 0.5127476429820674 
[15], 12, 1, 5, 0.001, 0.05, 1, False 5.063806446724468 101.58995318340186 30.359763174730627 0.0880275610795151 1.6501451017957396 0.955341152411686 
[20], 24, 1, 5, 0.001, 0.05, 1, False 2.4376649150693854 49.86833958051107 10.629394634113092 0.8601124163625712 10.874211456655194 7.404761790842084 
[20], 24, 15, 5, 0.001, 0.05, 1, False 1.4733659331997238 33.04734453846719 3.1409667623570248 0.035133420447499474 0.19666189755661623 0.34585714686830543 
[30], 12, 1, 1, 0.001, 0.05, 1, False 4.931941546003023 90.77048288323924 30.73224520340321 0.14146309563400672 3.6834267064893607 1.4152016585896732 
[30], 1, 1, 1, 0.001, 0.05, 1, False 4.319915699627664 62.86150424886146 28.168525913919865 0.04800055843474666 1.2047268457750397 0.9280748492358272 
[15], 24, 5, 10, 0.001, 0.05, 1, False 1.2833040297583302 32.2495520997981 2.874089590180677 0.04530020056559224 1.1687570547071982 0.14840888586784096 
[5], 1, 1, 5, 0.001, 0.05, 1, False 3.9839968425256234 74.91615645749069 20.30649740412508 0.018448502772030785 10.521552727400058 1.9990902643623274 
[15], 1, 15, 5, 0.001, 0.05, 1, False 2.4164880772431694 60.76989701526256 8.365458771083388 0.0917852543532646 1.4538593262618023 0.331568107375793 
[10], 36, 15, 5, 0.001, 0.05, 1, False 1.2917241375755386 32.79411115638251 2.8829884122921308 0.0367899908978381 0.19754430412693036 0.10645356796193799 
[10], 24, 15, 5, 0.001, 0.05, 1, False 1.4032771326877456 36.84639039896415 3.3325905177048045 0.10986760950426644 2.248754105361774 0.3201356113841553 
[15], 36, 5, 10, 0.001, 0.05, 1, False 1.3326927023905302 30.615214958951857 2.7660743656197293 0.042760514785026356 0.7909026753127304 0.11645298044634804 
[5], 36, 15, 5, 0.001, 0.05, 1, False 1.4633658156350808 38.69927567843848 3.8259079193662973 0.07238271786686169 1.6221077910965709 0.244120404144743 
[10], 12, 1, 5, 0.001, 0.05, 1, False 4.51986643070424 87.4596115802696 27.70624658795054 0.6169030752171796 4.299164430018971 11.301187677760364 
[15], 24, 10, 1, 0.001, 0.05, 1, False 1.612461481822862 45.72830294661397 5.105694091840422 0.06805314847404587 2.7718344805720094 0.14641008957162535 
[5], 24, 1, 5, 0.001, 0.05, 1, False 2.2896499119974947 50.28161466234496 8.776463558467555 0.5009424075079538 3.8697210873941503 4.093841933457521 
[20], 1, 5, 10, 0.001, 0.05, 1, False 2.8217080988265852 66.08584842259465 10.327623429222086 0.04062708158406632 1.5828299834986848 0.2946132778349743 
[10], 24, 1, 5, 0.001, 0.05, 1, False 1.9428776466184197 43.89609971116284 6.58575783284899 0.4508277502896871 6.190940161278688 2.317418056692704 
[5], 36, 1, 5, 0.001, 0.05, 1, False 1.5853524431586263 37.989189231276164 4.225017818877871 0.09298293297832319 1.2477136098381316 0.23157444372284247 
[15], 1, 5, 10, 0.001, 0.05, 1, False 2.685643058684137 62.48904456976621 9.471774025578755 0.05649464200088869 1.777187464876248 0.3366272128195355 
[10], 1, 15, 5, 0.001, 0.05, 1, False 2.5294007463587658 61.786601992051715 8.867152369157196 0.22665256011982393 4.634798948467134 1.2310828367060258 
[20], 24, 5, 10, 0.001, 0.05, 1, False 1.2843571543693544 31.308632047237307 2.7501298057703587 0.07486875970493619 3.3842840977237016 0.35987911633694825 
[15], 36, 10, 1, 0.001, 0.05, 1, False 1.3954720566670098 37.503948844228624 3.4941554210080845 0.08949114772138798 3.0635455286032784 0.4587307740386693 
[5], 12, 1, 5, 0.001, 0.05, 1, False 4.2755162434445495 87.61489109458819 21.172176321116158 0.09965825092108396 0.6957776154506213 0.8495646933609433 
[10], 12, 15, 5, 0.001, 0.05, 1, False 1.5239953575310885 42.089811152157985 4.438624636633416 0.1779852831923114 5.210694194537522 0.7892225142573883 
[10], 36, 5, 10, 0.001, 0.05, 1, False 1.339298363747421 31.354313485628058 2.8308807876286397 0.027510144279735336 0.768170515394102 0.019053553346007834 
[20], 36, 1, 5, 0.001, 0.05, 1, False 1.8396719072152068 38.274742381258484 5.656222514222015 0.42184709325197467 5.685093925458856 2.447140311490095 
[15], 12, 5, 10, 0.001, 0.05, 1, False 1.623107201192114 43.29529224260841 4.968232757631679 0.09224177700540626 2.9300959114667915 0.5653431072838913 
[5], 24, 15, 5, 0.001, 0.05, 1, False 1.4543606119575327 38.393712660877476 3.690961652426354 0.065954651892973 0.7876838140669042 0.1863508298178277 
[5], 1, 15, 5, 0.001, 0.05, 1, False 2.9390378216902415 66.86491863792035 11.237921541867069 0.23966077083170592 3.8348612745158914 1.35115241572258 
[20], 1, 10, 1, 0.001, 0.05, 1, False 3.421275888880094 73.49609698294974 13.898073368204633 0.031683279605368125 0.5716855427893022 0.2256091848483767 
[10], 24, 5, 10, 0.001, 0.05, 1, False 1.3147604057082427 33.76153929684771 3.0011621778544266 0.059007111821128326 1.1808639576161188 0.15429148873293955 
[20], 1, 15, 5, 0.001, 0.05, 1, False 2.259432369801733 57.99221611768428 7.5759415965444274 0.06416118635602909 1.3782084360087064 0.3264155691559768 
[30], 12, 1, 5, 0.001, 0.05, 1, False 5.486477547966771 109.79651760021466 36.66530611444772 0.17735836487173953 2.893607033930325 2.573398705028458 
[15], 1, 10, 1, 0.001, 0.05, 1, False 3.4417471365796195 73.79181887576816 14.035033755351266 0.007400216610316812 0.3944229148751147 0.0512518462888544 
[30], 1, 1, 5, 0.001, 0.05, 1, False 3.407622749054873 78.86793258582645 14.517485577276931 0.21669793345775143 1.9868512998940953 1.0161041073073636 
[20], 24, 10, 1, 0.001, 0.05, 1, False 1.404144816818061 39.851752014427774 3.8866750616172023 0.05476432447569489 1.2748029295748942 0.18638681212022568 
[30], 1, 15, 5, 0.001, 0.05, 1, False 2.145380896661017 55.61353947173024 7.0561853493842115 0.065822714846243 1.8737392087934372 0.3899501272764495 
[30], 12, 15, 5, 0.001, 0.05, 1, False 1.6268476355958867 41.079838419680776 4.417507980504264 0.1343434342005315 2.4045119660197796 0.33092150690319483 
[5], 1, 5, 10, 0.001, 0.05, 1, False 3.088922841902132 68.54070919054423 12.103472777038098 0.1350982531105212 5.111963857639886 0.5863696562535148 
[10], 36, 10, 1, 0.001, 0.05, 1, False 1.4045927000266536 40.236609793401726 3.972472789845138 0.04367274231929878 1.9776086279909428 0.19275382329439716 
[20], 12, 15, 5, 0.001, 0.05, 1, False 1.6662736933540414 41.88239099695597 4.490045630350793 0.05904426817289604 0.5462175549525793 0.3185372716120544 
[15], 24, 1, 10, 0.001, 0.05, 1, False 1.7400401841711117 39.79038801112865 4.592619280339156 0.07077250803737944 1.086852747850478 0.3166403732536486 
[10], 1, 5, 10, 0.001, 0.05, 1, False 2.8438149732572064 63.971573582370674 10.665190051490603 0.1370967532198925 2.047347111335077 1.109452912231445 
[15], 12, 10, 1, 0.001, 0.05, 1, False 2.1827345609664914 56.26095901863591 7.238420328000096 0.17163288499673726 4.4618592000509745 0.8198046236963804 
[15], 36, 1, 10, 0.001, 0.05, 1, False 1.8306451644058581 38.57544750208379 4.885021706935365 0.13561045766693133 0.8754619969942368 0.736450094947834 
[30], 24, 1, 1, 0.001, 0.05, 1, False 2.6874908318122226 56.61551138390692 10.360059690074381 0.14214331246429746 1.4469381110184352 0.835667219051242 
[10], 24, 10, 1, 0.001, 0.05, 1, False 1.7839746160639658 49.321683522306564 5.987678678472868 0.16272704619493522 5.5495393612695425 1.0409004327333766 
[20], 36, 15, 5, 0.001, 0.05, 1, False 1.3515906707004273 30.206282852102902 2.997087451850588 0.09857049774038923 0.9865688400963522 0.3098203836376194 
[5], 1, 10, 1, 0.001, 0.05, 1, False 3.4114861382378465 72.48275830091403 13.93636620375968 0.13867769517197373 1.6186706267617172 0.9652258096990167 
[15], 24, 5, 1, 0.001, 0.05, 1, False 1.488798381553756 39.64989859874881 4.201288823965672 0.09422761666989315 2.2584984490244353 0.34022655827885045 
[15], 24, 10, 5, 0.001, 0.05, 1, False 1.3199035968493533 33.25018358119064 2.870426516345972 0.020044621612041447 1.9817190427392035 0.18877718491670284 
[20], 12, 1, 10, 0.001, 0.05, 1, False 5.03419812409966 99.32259612514498 31.71101173481831 0.7035664083356347 10.674123365999398 8.635886487332456 
[20], 24, 1, 10, 0.001, 0.05, 1, False 1.8292245613204108 40.23783701822027 5.4151898578893745 0.15441000866077972 1.4860338818334287 1.0710488120862938 
[15], 36, 15, 10, 0.001, 0.05, 1, False 1.427864215716168 30.466884780803998 3.1259397453951867 0.1011979376325298 1.6720648567085366 0.22193890915973102 
[10], 1, 10, 1, 0.001, 0.05, 1, False 3.3618534502055906 73.32713883730588 13.63530558177549 0.16013214345252952 0.9399489526287239 0.8953022952039931 
[20], 1, 1, 10, 0.001, 0.05, 1, False 2.370055698686176 61.04901512436743 9.510905557158104 0.22137345552700463 5.151516090248657 1.1325344623958389 
[30], 1, 5, 10, 0.001, 0.05, 1, False 2.7704240344188835 64.87803862674049 9.985531857008713 0.0057832727817287094 0.2177691511966031 0.060733927664679416 
[15], 36, 10, 5, 0.001, 0.05, 1, False 1.3748461207305949 31.388530999575565 2.935487003459633 0.0871510452525873 1.9515847132108781 0.34900775913547816 
[15], 36, 5, 1, 0.001, 0.05, 1, False 1.5380025906695263 41.096399427694024 4.081570118211463 0.09269222442547946 3.1421924047474463 0.3274394839146447 
[30], 12, 5, 10, 0.001, 0.05, 1, False 1.5418710333329662 43.228872213283616 4.953842500427126 0.1417794696374189 4.0215155683515755 0.5759621351451626 
[15], 24, 15, 10, 0.001, 0.05, 1, False 1.4463248656855694 31.191180052796124 3.056859106906645 0.09238366631388159 1.949539980655368 0.3859654638323602 
[5], 24, 5, 10, 0.001, 0.05, 1, False 1.4074064096918815 36.71214035234883 3.51602596759179 0.10655752409165628 2.8796565513421815 0.4124329686539439 
[15], 12, 15, 10, 0.001, 0.05, 1, False 1.6217444840404724 41.60630047567744 4.594273597425712 0.1594169879812826 1.071759242887488 0.48573359411114647 
[5], 36, 5, 10, 0.001, 0.05, 1, False 1.352484913115149 32.809450388862864 3.215108282624886 0.18530702640041863 2.628186039072324 0.6369620422275476 
[30], 1, 10, 1, 0.001, 0.05, 1, False 3.319661316937871 71.71705187718503 13.265015299729987 0.03029146783082953 0.2672359010538831 0.17467233766590246 
[15], 1, 1, 10, 0.001, 0.05, 1, False 2.640607139026678 65.77577803947518 10.3376474791055 0.33142402501620616 5.677841314645051 1.3703452765369082 
[5], 12, 5, 10, 0.001, 0.05, 1, False 2.17474716382998 54.37148975714962 7.203256599050966 0.14104203201868312 3.347941107562403 0.6849986291015757 
[10], 36, 1, 10, 0.001, 0.05, 1, False 1.711659774184227 37.120787246266055 4.2981692057546566 0.13145498043241535 1.448352671519718 0.49720461433741064 
[15], 36, 20, 1, 0.001, 0.05, 1, False 1.4049171965431286 36.880353937799974 3.566732606853375 0.15875260259127555 2.303471700725115 0.6229522840667218 
[10], 12, 5, 10, 0.001, 0.05, 1, False 1.824825339405625 46.88101680343873 5.913568521290415 0.14509706997658484 2.2760078173459632 0.34832165030852585 
[15], 12, 1, 10, 0.001, 0.05, 1, False 4.889854095324322 98.75882405887445 28.785224214965922 0.3143732473181601 6.109554418494443 3.820669942064919 
[30], 12, 10, 1, 0.001, 0.05, 1, False 1.719555100688228 49.113405191897506 5.613079936360196 0.09036186881684401 2.006280251364481 0.4133835431834901 
[20], 24, 15, 10, 0.001, 0.05, 1, False 1.4981995502003922 32.20956151030874 3.0686890058704055 0.0903656646107923 0.7391330305607079 0.2213397668851118 
[20], 12, 5, 1, 0.001, 0.05, 1, False 2.4268833108522276 59.94114201595837 8.220895852240558 0.08062805655721117 1.5770398044110239 0.44069933403854217 
[20], 1, 5, 1, 0.001, 0.05, 1, False 3.6260993434323203 76.5051395700375 15.496472246457401 0.16378238053584193 1.8586787199581043 1.4416058891702836 
[20], 1, 10, 5, 0.001, 0.05, 1, False 2.7627790997425716 66.87706463931097 10.323961985518599 0.18367158320063878 2.6320338644271883 1.0164994238319593 
[20], 24, 5, 1, 0.001, 0.05, 1, False 1.6271809689424659 43.00175979057468 4.708107390327782 0.1663615256753374 2.783022531986308 0.7644359934754305 
[20], 24, 10, 5, 0.001, 0.05, 1, False 1.3731638779242836 32.695378883780165 2.955420297605349 0.14547432236136282 1.948208046704363 0.4492970851078005 
[15], 24, 20, 1, 0.001, 0.05, 1, False 1.4483068273023323 41.85992536531692 4.305576860749195 0.06468591429700742 1.607431632953048 0.41685157023525365 
[10], 1, 1, 10, 0.001, 0.05, 1, False 3.119887851564972 72.33148164194529 12.544643444106116 0.4195927486749534 7.756272867988463 2.3734213234105446 
[30], 36, 1, 1, 0.001, 0.05, 1, False 2.580330933685655 51.08038508144728 10.801111984602336 0.3050729336788838 3.8437178156708756 2.4755966718108993 
[5], 1, 1, 10, 0.001, 0.05, 1, False 4.027023543417453 69.38722347385949 21.82006357789898 0.21523587212760753 7.61225049493355 4.752117567383592 
[15], 12, 20, 1, 0.001, 0.05, 1, False 2.152341287776276 57.41486309194056 7.2997406523137265 0.14921352927792664 2.770049915193179 0.6941573060343869 
[15], 1, 10, 5, 0.001, 0.05, 1, False 2.7106918222374383 63.860564549976324 9.790105644181219 0.052289676693520006 0.7633583818759919 0.3454003893134736 
[15], 1, 5, 1, 0.001, 0.05, 1, False 3.610406434867117 77.25264065064637 15.239365586769905 0.06900800219285468 0.939758047218788 0.5649426725145967 
[10], 36, 5, 1, 0.001, 0.05, 1, False 1.4381065939311626 38.65703296950372 3.981373706451105 0.08252984122645739 1.436128463602903 0.4246264857215003 
[5], 36, 10, 1, 0.001, 0.05, 1, False 1.5139674454927443 42.30435489789546 4.393674998577368 0.14093252061783126 2.85944791037454 0.5905090489478437 
[5], 24, 10, 1, 0.001, 0.05, 1, False 1.7217836732113803 47.021574058598866 5.158473897644042 0.16252214456808975 5.164333798242511 0.9245288231624698 
[10], 36, 10, 5, 0.001, 0.05, 1, False 1.3269745517660076 33.306251996536936 3.0286376406848476 0.05754937483250967 2.2306708233172197 0.29998028069087856 
[15], 12, 5, 1, 0.001, 0.05, 1, False 2.788681548171573 67.30716468504102 10.175934256873488 0.05750087075244326 2.1464602423125334 0.5488129714743528 
[5], 12, 10, 1, 0.001, 0.05, 1, False 2.815105636473055 67.04496403910785 10.446854744680955 0.23143231834770064 3.008660394554853 1.2330358391730596 
[10], 12, 10, 1, 0.001, 0.05, 1, False 2.3738821433650124 59.69348646816088 8.283178029121622 0.32125830818970197 5.860550860909188 1.742982896822346 
[20], 24, 20, 1, 0.001, 0.05, 1, False 1.517015734922003 40.41896846524884 3.869303217362525 0.03426505330778965 0.6500104691242858 0.18900510746552243 
[15], 12, 10, 5, 0.001, 0.05, 1, False 1.9442024251929035 50.4597994722979 6.54218725396937 0.24269822484366144 4.251203556297776 1.1849127276450522 
[30], 24, 1, 5, 0.001, 0.05, 1, False 1.9150663379165866 42.807795756783754 5.7669796484218265 0.05893069528060359 0.5164745304974263 0.11863379299534912 
[5], 1, 5, 1, 0.001, 0.05, 1, False 3.401339137885305 72.02400339859672 13.894199795482267 0.1851912052707079 2.96245849583279 1.3015814228236589 
[20], 36, 5, 10, 0.001, 0.05, 1, False 1.4391608128393145 28.882607526490162 3.1002976205368724 0.20237732940723271 1.9829553124057393 0.7206524984945135 
[15], 24, 5, 5, 0.001, 0.05, 1, False 1.3543179401644956 34.93018333016706 3.3349798980125107 0.07055148729584271 1.4050724586009462 0.40189282487474487 
[30], 12, 1, 10, 0.001, 0.05, 1, False 4.615977130719909 95.60397545411722 25.643206519271956 0.23508721787046685 4.041969929149493 2.4580452521522322 
[10], 24, 10, 5, 0.001, 0.05, 1, False 1.400565161859548 36.528941463748055 3.322078883090804 0.03451008811816235 2.7935429515958052 0.3597511835749053 
[10], 1, 5, 1, 0.001, 0.05, 1, False 3.5789578086800042 75.97331885184862 15.015249523851773 0.0821982765069421 1.119755279207698 0.6397034738433345 
[30], 1, 1, 10, 0.001, 0.05, 1, False 1.9126004779780355 51.276028595474166 6.845452445880742 0.14218436584189045 3.1751251455770717 0.5328933999204327 
[15], 36, 5, 5, 0.001, 0.05, 1, False 1.2584731712385462 30.908021404266293 2.7076798337182226 0.056314076891481914 1.3657183889244024 0.3232422924728368 
[30], 36, 1, 5, 0.001, 0.05, 1, False 2.1836534359940774 44.05577475139867 7.377939038037435 0.33512107891155796 2.8368870978869065 2.3652795070901567 
[15], 1, 15, 10, 0.001, 0.05, 1, False 2.1993804011080003 55.32332114708161 7.106456466376841 0.07373271612708857 1.0817060888664685 0.3523063212682518 
[10], 36, 15, 10, 0.001, 0.05, 1, False 1.4035247016284205 31.541854906780046 2.9837432612548285 0.04796479711055871 1.1333250111682165 0.2135081385161502 
[20], 36, 10, 1, 0.001, 0.05, 1, False 1.5486778081567205 42.726986459086106 4.368166530111599 0.13816376628637278 3.355156453865995 0.5268249315049395 
[30], 12, 5, 1, 0.001, 0.05, 1, False 2.387172859907151 60.57728402859478 8.504601383349845 0.23835724024203203 3.873235845470916 1.2226939074810668 
[10], 24, 15, 10, 0.001, 0.05, 1, False 1.382938689766107 33.23983954638299 3.0984401424823194 0.0677499215284348 1.319223469509796 0.3546029810057076 
[30], 1, 5, 1, 0.001, 0.05, 1, False 3.4914853851000465 74.87210452785561 14.329133970624653 0.0339860724273123 0.1685140827849206 0.2516221308908322 
[30], 1, 10, 5, 0.001, 0.05, 1, False 2.5465239657296075 63.350919204234266 9.026671940419286 0.06804773183827317 1.5745702728526456 0.46666443536041635 
[10], 1, 10, 5, 0.001, 0.05, 1, False 3.0144094318151478 69.3198433013492 11.632980137330739 0.04524809334806537 0.16577105635911615 0.2787190479675155 
[5], 1, 10, 5, 0.001, 0.05, 1, False 3.0335385173559186 67.53350271456286 11.81567110189559 0.1970322333203701 4.719164749071475 1.0687571669416274 
[20], 1, 5, 5, 0.001, 0.05, 1, False 2.943888424833616 68.96371807201955 11.172955356063753 0.1454185316551283 1.660847677724801 0.805390613279905 
[30], 24, 15, 5, 0.001, 0.05, 1, False 1.4812169126890327 32.44161620367237 3.1038318960555693 0.042954256585989996 1.4717363439523985 0.10715916826232585 
[20], 12, 5, 5, 0.001, 0.05, 1, False 2.006618719189255 51.409266676535 6.629986075331193 0.19497664923459154 3.0832003091125553 0.7869329546351304 
[5], 36, 1, 10, 0.001, 0.05, 1, False 1.4558081180409148 34.22922943875776 3.5936160074921926 0.3139461657782625 4.685546078443641 1.2845930538212673 
[20], 24, 5, 5, 0.001, 0.05, 1, False 1.326401602007725 34.14366886315156 3.083118858212178 0.06804231611436132 2.7949496022324034 0.3961209102631373 
[10], 12, 1, 10, 0.001, 0.05, 1, False 5.032508943947377 97.3079381547238 32.065897965065055 0.32000071666512503 3.9237087692031865 6.67008283877497 
[15], 36, 20, 5, 0.001, 0.05, 1, False 1.5676155526328976 34.992960141983446 3.6761238770705127 0.1303993134979751 1.217192479386092 0.45224172432378984 
[5], 24, 1, 10, 0.001, 0.05, 1, False 1.8301558042014088 42.31616115697082 5.496048033778987 0.259061469539429 2.4244619301602404 1.5757763095140247 
[20], 36, 1, 10, 0.001, 0.05, 1, False 1.6018679003472682 34.54337166554777 3.775316291508838 0.08483962731375759 1.4751946828862943 0.26235906791361296 
[15], 1, 20, 1, 0.001, 0.05, 1, False 3.3036948432524995 71.02315771055765 13.266389233661753 0.07281606402542148 1.7434218436830056 0.4202665004032542 
[30], 12, 10, 5, 0.001, 0.05, 1, False 1.827514864559527 48.941439131516695 6.203678625200241 0.11554803402417284 2.3342799046829077 0.5233561197082129 
[10], 24, 1, 10, 0.001, 0.05, 1, False 1.5846311837986666 36.9374946918885 4.213720184826094 0.151736602015936 3.3169481937769394 0.7429728157726121 
[15], 24, 10, 10, 0.001, 0.05, 1, False 1.3809736849533192 31.92189325005908 2.9727445559801837 0.007122503046944685 2.0008624451283556 0.01578525396074735 
[10], 36, 20, 1, 0.001, 0.05, 1, False 1.5078776475456026 41.9995583964434 4.164816274086788 0.07869179895266876 2.2803229212549727 0.2734784963405044 
[5], 12, 1, 10, 0.001, 0.05, 1, False 4.908244170579646 96.0702659620995 28.769944905082877 0.14311421221584555 2.711446327687557 1.3535031140067249 
[30], 12, 15, 10, 0.001, 0.05, 1, False 1.584770559381556 36.79064573577305 3.854835596556903 0.07842918483249196 1.4054727393306203 0.3625455844742056 
[30], 1, 15, 10, 0.001, 0.05, 1, False 2.1350291944212385 55.17201890237865 6.870009431914251 0.018285865151141067 0.7654673478937355 0.14635191532707006 
[15], 24, 20, 5, 0.001, 0.05, 1, False 1.4422788997491205 34.08696900542093 3.1355469903258104 0.07996563564090221 0.8939248111665703 0.16793189584283705 
[10], 24, 20, 1, 0.001, 0.05, 1, False 1.49572838390315 42.73103640200702 4.494270805372114 0.05049500686398983 1.9144440361691086 0.6462310812526371 
[15], 36, 10, 10, 0.001, 0.05, 1, False 1.394766027728717 29.392579547602 2.898430001211468 0.11074332789368253 2.2903351085570662 0.33472922589235693 
[30], 24, 5, 10, 0.001, 0.05, 1, False 1.2481879049981084 29.58252925383871 2.4812803932397496 0.07303727122807442 0.7859991493659318 0.16365815363972994 
[15], 12, 20, 5, 0.001, 0.05, 1, False 1.4914288981093298 41.50337391097491 4.85780852558808 0.1084425571928012 2.2527511492261296 0.782723125930188 
[15], 1, 5, 5, 0.001, 0.05, 1, False 3.087091999914911 70.47415852872173 12.102499361935502 0.14470760954881734 1.4889828766226383 0.6434466869597446 
[10], 36, 5, 5, 0.001, 0.05, 1, False 1.2757950640387008 31.944164254482555 2.757868913352272 0.04532314196479109 1.5096377443186104 0.14722439200013457 
[15], 12, 5, 5, 0.001, 0.05, 1, False 1.692515384157499 45.30861142588566 5.482897148890596 0.35596525668819406 8.516755839857995 1.3825355789003158 
[5], 36, 5, 1, 0.001, 0.05, 1, False 1.803555547694365 45.83448560205985 5.29680331693745 0.25107064517381644 7.336031964765051 1.0664024009093795 
[20], 36, 5, 1, 0.001, 0.05, 1, False 1.5850292502729986 37.28997072233696 4.136539061838669 0.165809062070346 1.5227246217872517 0.41409137908452803 
[20], 24, 20, 5, 0.001, 0.05, 1, False 1.613617395582023 35.137939346516696 3.5630459000095462 0.026280633664606656 1.4263278013650855 0.03104115988217248 
[10], 12, 5, 1, 0.001, 0.05, 1, False 2.7244147979550895 63.07239144958302 9.91442656483037 0.23102007143599743 5.069113838152481 1.0150434037388607 
[5], 36, 15, 10, 0.001, 0.05, 1, False 1.2484210451443996 31.25338346862242 2.741519105731768 0.06166291222083222 0.23551311186542387 0.2582130852213305 
[15], 24, 15, 1, 0.001, 0.05, 1, False 1.4768668909867604 41.6214208529231 4.365158487479949 0.1455782583637056 3.6871662213067555 0.8720327231619205 
[5], 24, 5, 1, 0.001, 0.05, 1, False 2.023707564230318 52.40628752157182 6.8932323343588875 0.4981303025383269 6.474462330103415 2.1193098601134985 
[30], 12, 20, 1, 0.001, 0.05, 1, False 1.5905271295044159 46.34257632387667 5.085212001306399 0.020276456959969717 0.4075274237890133 0.1473124151541129 
[30], 1, 20, 1, 0.001, 0.05, 1, False 3.328768240080939 71.94577551861228 13.381274397257313 0.03893191861050396 1.0202703708923433 0.27595423126594815 
[20], 1, 10, 10, 0.001, 0.05, 1, False 2.4933092119517153 62.168285600497974 8.72119209187433 0.08445523646805762 2.3389319474204067 0.5246181181524588 
[10], 24, 5, 1, 0.001, 0.05, 1, False 1.4983360899267375 41.91952604611979 4.391900214151106 0.1464214054298837 2.840056417099216 0.46844791675412856 
[15], 36, 15, 1, 0.001, 0.05, 1, False 1.3674914098448225 36.57787214260279 3.552513143669648 0.01305976612167541 1.2537315076419735 0.2739338301277452 
[30], 24, 10, 1, 0.001, 0.05, 1, False 1.43700377256782 39.55967036019209 3.7395028153267216 0.05431268093826156 1.1820815298269813 0.24258613762042966 
[20], 24, 10, 10, 0.001, 0.05, 1, False 1.3376419182728843 28.868500595227133 2.6524324555358145 0.06548280325032776 1.1429956563492956 0.16697549900976127 
[5], 12, 5, 1, 0.001, 0.05, 1, False 3.0492487168974343 69.7580493207574 11.709427785413112 0.08065216049592569 2.5001576902090705 0.41091301049922146 
[30], 36, 5, 10, 0.001, 0.05, 1, False 1.3405672285843784 28.07108947982901 2.7518587874571856 0.1268270401949664 1.0084908410047722 0.43720479467120965 
[5], 1, 5, 5, 0.001, 0.05, 1, False 3.282936352491378 70.63474628702632 12.986811082384577 0.10694741127356355 2.874753461278593 0.5982846216807147 
[10], 1, 5, 5, 0.001, 0.05, 1, False 3.1917062573962744 71.1721643100638 12.601903043998893 0.08788115999477145 1.4205938064279944 0.38969638301685716 
[30], 12, 5, 5, 0.001, 0.05, 1, False 1.9200287535234735 51.12161320702794 6.43131284813618 0.09844956524975622 2.079592649632047 0.3125464739676716 
[5], 36, 10, 5, 0.001, 0.05, 1, False 1.2843892764714033 35.10376385485072 3.1796879221045646 0.10216900110724081 1.3881498870860534 0.2919737097443918 
[30], 36, 1, 10, 0.001, 0.05, 1, False 1.8310300300518676 37.50629236703361 4.836836981769586 0.07263498439924718 1.388335702629783 0.3683248359425335 
[10], 12, 10, 5, 0.001, 0.05, 1, False 1.8249371790223652 47.3575487290067 5.875715916191894 0.16020515881208797 2.5501212218334004 0.7243474054408395 
[5], 24, 10, 5, 0.001, 0.05, 1, False 1.2996513973783566 35.65924011136235 3.1656633446693383 0.11597990448142757 2.798663967685971 0.615256713160355 
[30], 36, 10, 1, 0.001, 0.05, 1, False 1.4793208045540036 38.46385005161787 3.71882048285889 0.06103557382133479 1.049176368665515 0.25792261982362036 
[5], 36, 20, 1, 0.001, 0.05, 1, False 1.976364203404497 51.104012593241 6.406101949652322 0.44930366747038647 7.829514091258062 1.8637733378568762 
[10], 1, 15, 10, 0.001, 0.05, 1, False 2.349458309345775 58.876997593248966 8.021784607685692 0.2129587846247818 3.851009556072708 1.0833213142840323 
[30], 1, 5, 5, 0.001, 0.05, 1, False 2.847899065415064 68.88404312619996 10.750182946051538 0.06257049582330318 1.4680162107967805 0.4159764140678964 
[5], 12, 10, 5, 0.001, 0.05, 1, False 2.421535537198738 58.44927399717474 8.439187168154513 0.11454568729026288 1.1702288139854213 0.6594730588590577 
[20], 1, 15, 1, 0.001, 0.05, 1, False 3.3289772156212067 72.00770120950006 13.37868020679165 0.10429119151642843 1.231158278523715 0.6709078263562328 
[20], 36, 15, 10, 0.001, 0.05, 1, False 1.622644733223651 32.099404614945236 3.841522636441035 0.14763367666314164 1.994508561384305 0.6326297269119668 
[20], 24, 15, 1, 0.001, 0.05, 1, False 1.480176503128476 41.53715289527691 4.260015130029012 0.021761794471131586 1.0628761315957311 0.16530025879937704 
[10], 12, 15, 10, 0.001, 0.05, 1, False 1.4669645233286752 39.182525593805856 4.157890981588639 0.0960422642772613 4.101882006530563 0.7491174674998317 
[20], 36, 10, 5, 0.001, 0.05, 1, False 1.374177855473978 30.288473397029833 2.9204422900751017 0.05177594653922468 1.2684582185139777 0.10590534989803863 
[30], 36, 5, 1, 0.001, 0.05, 1, False 1.4436439985478369 37.00210547173873 3.5615368073181792 0.021865852824922063 2.2420273215138393 0.20711141870399252 
[20], 1, 15, 10, 0.001, 0.05, 1, False 2.16691784924931 55.434340961988404 7.062308369729975 0.054195755906152214 1.2038740478897307 0.229229715605253 
[5], 24, 15, 10, 0.001, 0.05, 1, False 1.329980507934535 34.953934027378146 3.152302735066011 0.050604805670018696 1.402799506574422 0.12917151064124252 
[5], 12, 15, 5, 0.001, 0.05, 1, False 2.1092710704715163 54.678011848459874 7.146460436457225 0.5415594430273111 12.015206897742637 2.545676688358547 
[5], 1, 15, 10, 0.001, 0.05, 1, False 2.299000054597855 54.7566729836792 7.880540645699838 0.3724372095022992 5.943443924691576 1.9418359180752438 
[30], 36, 15, 5, 0.001, 0.05, 1, False 1.5113201487395502 31.34044218345431 3.306378955735656 0.05335860261176322 1.0255309128833623 0.19509317965701875 
[10], 1, 20, 1, 0.001, 0.05, 1, False 3.3670596874422496 72.76196119595197 13.670099541844664 0.03703251220876865 1.2186335635470686 0.21110110483752964 
[20], 36, 20, 1, 0.001, 0.05, 1, False 1.419357882936796 37.49259634640149 3.79443478453828 0.09152924041366503 2.0391407252283593 0.38669386168091247 
[15], 1, 10, 10, 0.001, 0.05, 1, False 2.438194180307565 60.74191183069352 8.38152320298407 0.01818907786683563 1.5462119142472324 0.16721468743636853 
[30], 24, 1, 10, 0.001, 0.05, 1, False 2.126660878128476 45.34138685664282 6.950341320572716 0.12690740670765308 2.4343260602675336 0.669552279696383 
[10], 36, 10, 10, 0.001, 0.05, 1, False 1.3911230445460043 30.949830118550082 2.8832991981328355 0.12400624827935795 2.127688993161231 0.42467072705873027 
[10], 12, 20, 1, 0.001, 0.05, 1, False 2.5451484733157685 62.619703948900984 9.139297786163313 0.42658177299155664 5.960928836741303 1.9943410739723784 
[15], 1, 20, 5, 0.001, 0.05, 1, False 2.695261710219913 65.82855000689247 9.928738167896757 0.12544829615629852 1.9032654464317569 0.5934293749511051 
[10], 36, 20, 5, 0.001, 0.05, 1, False 1.590502975715532 37.35270673988017 4.095366526239862 0.3376727531732363 3.87705701378877 1.395855408620431 
[10], 24, 20, 5, 0.001, 0.05, 1, False 1.38514332053838 34.941403010614145 3.3577453026190507 0.04381243420262965 0.928819708159571 0.02794798505276292 
[20], 12, 15, 10, 0.001, 0.05, 1, False 1.4073961204400771 34.40726423423246 3.48739305851158 0.16218808452411612 5.842940416865232 0.9321927509980363 
[15], 12, 10, 10, 0.001, 0.05, 1, False 1.6124829630057016 43.57651490035048 5.263317788509324 0.02522771687365094 2.0939964383446794 0.1270517961549736 
[10], 24, 10, 10, 0.001, 0.05, 1, False 1.3175728555630757 30.51112989242773 2.7932753156995314 0.019945620201537912 1.2726597401638555 0.128742386506476 
[20], 36, 5, 5, 0.001, 0.05, 1, False 1.3599524726470316 31.36837786662704 2.8958343177868895 0.07475728997108814 1.439437075758956 0.22520554262106188 
[30], 36, 10, 5, 0.001, 0.05, 1, False 1.332723089224763 28.95935744439127 2.748486914821647 0.051657418370829086 2.1651875704405072 0.15855960500851637 
[20], 1, 20, 1, 0.001, 0.05, 1, False 3.2710304468870164 72.49500840387778 12.956672852694211 0.048467423814102635 0.39850204989474813 0.36518294816708796 
[15], 1, 15, 1, 0.001, 0.05, 1, False 3.3303461422522864 71.58788592971443 13.378297588697704 0.07898112535632308 1.020610199931398 0.506980823995619 
[30], 24, 5, 1, 0.001, 0.05, 1, False 1.5358391437265608 40.30313053549429 4.3590207269667465 0.09620169727270378 3.058957096884741 0.6155262842068531 
[5], 24, 20, 1, 0.001, 0.05, 1, False 1.7923727351206316 49.79567092726438 5.75480687093895 0.16626388593481994 4.916195680956262 0.8566326556819892 
[5], 1, 20, 1, 0.001, 0.05, 1, False 3.3736390603913198 70.81103348032285 13.745428989181567 0.05473525528713919 1.6418140891949933 0.29970097135543555 
[10], 36, 15, 1, 0.001, 0.05, 1, False 1.56632680716338 40.6161534110206 4.266068595231215 0.041673658253454475 1.2567970640033181 0.18409784432107695 
[30], 12, 20, 5, 0.001, 0.05, 1, False 1.433756517701679 39.55459278424248 3.9042411050656285 0.04210115948772687 0.5067361387888561 0.28777155691473644 
[30], 1, 20, 5, 0.001, 0.05, 1, False 2.508987803260485 62.30549563423434 9.063522804833495 0.17751718887309598 2.9738953493435227 0.9647151259666537 
[30], 1, 10, 10, 0.001, 0.05, 1, False 2.4592911718068304 60.74530981204336 8.483077138200805 0.03244815898874362 0.8076399022378555 0.20387922864427527 
[5], 36, 5, 5, 0.001, 0.05, 1, False 1.3336819596312666 35.15971328550321 3.147001633045249 0.07775509516006629 3.5205019778361706 0.39932048656742825 
[10], 12, 5, 5, 0.001, 0.05, 1, False 2.1358807694028923 53.7692437987717 7.123685832190499 0.15363456510088394 2.9334991035259477 0.6530873105858565 
[30], 24, 10, 5, 0.001, 0.05, 1, False 1.355618061732363 31.415744906553794 2.8274128862032035 0.08988190393960695 3.88456890220291 0.40101241678626365 
[15], 12, 15, 1, 0.001, 0.05, 1, False 1.771169564238301 48.38411079856066 5.634462357091572 0.26102304436930557 5.3447506451559965 1.0603120886967277 
[5], 24, 5, 5, 0.001, 0.05, 1, False 1.4373241935615189 37.133240766077165 3.642082077450407 0.0510446469714209 0.7621844609564781 0.31610641649887394 
[10], 24, 15, 1, 0.001, 0.05, 1, False 1.5132494433058634 43.00370571042072 4.649284285410425 0.09850274599227675 3.5991055096785276 0.6234748501402533 
[20], 24, 20, 10, 0.001, 0.05, 1, False 1.5157953816431544 30.877349858223948 3.2121867886217377 0.05639177033113057 0.9714543388248749 0.1572426340758907 
[10], 24, 5, 5, 0.001, 0.05, 1, False 1.3126326389886716 36.01699642322928 3.49394228067834 0.06515672814635234 2.9530601830656584 0.4488828747602196 
[30], 36, 5, 5, 0.001, 0.05, 1, False 1.3190209231994772 30.344628985719833 2.796313084314867 0.05915982913754829 0.8933174056819576 0.14023396632652307 
[20], 12, 20, 1, 0.001, 0.05, 1, False 1.5535929856476962 45.462323111086505 4.95309358743633 0.08287003185380334 1.854557923638328 0.29451297473673077 
[5], 12, 5, 5, 0.001, 0.05, 1, False 2.1880420692540983 54.43670158985543 7.228802904214201 0.3065934071841266 6.530796812929652 1.450826295131898 
[30], 12, 10, 10, 0.001, 0.05, 1, False 1.5464879272160708 43.11371623014164 4.877649059066259 0.06642897478609623 1.6413847179012533 0.26413422962537153 
[30], 1, 15, 1, 0.001, 0.05, 1, False 3.2814256509145103 71.44364156449078 12.968946099614213 0.07569077881556759 0.37938895596233835 0.543051586702441 
[20], 12, 5, 10, 0.001, 0.05, 1, False 1.5674232799697805 42.9447030179069 4.847561090902221 0.14854177126324572 3.6625077571283287 0.46777742105413367 
[15], 36, 20, 10, 0.001, 0.05, 1, False 1.634905648341886 32.95306639568618 3.7612436474769666 0.07239267242803132 2.3552589562963857 0.2962996021062544 
[30], 12, 15, 1, 0.001, 0.05, 1, False 1.5046999630000857 44.23881970984535 4.763379281968831 0.0708638990101869 2.146533934458922 0.32000798409873044 
[15], 12, 20, 10, 0.001, 0.05, 1, False 1.736695299435545 45.16995837216865 5.534241358724873 0.22414110960928185 3.1367963978286473 1.2692865328899314 
[10], 1, 10, 10, 0.001, 0.05, 1, False 2.453095589302204 59.2139470900099 8.40317136743334 0.06484115418793236 1.192935032281908 0.3275048147270622 
[15], 24, 20, 10, 0.001, 0.05, 1, False 1.4692746735833315 33.20232873205437 3.2186725947549033 0.043965775239445136 1.6287864050935472 0.10092063055598027 
[5], 36, 20, 5, 0.001, 0.05, 1, False 1.5170492415626846 37.42597391727926 3.8992389689666602 0.199463605658201 5.457136493836961 0.9156884829744987 
[20], 12, 10, 1, 0.001, 0.05, 1, False 2.131869487078102 56.37626225891083 7.136316388989503 0.0901560259900326 1.4932249889318174 0.33482752467300453 
[5], 1, 10, 10, 0.001, 0.05, 1, False 3.0212774872779846 68.37345228415944 11.680937185229011 0.09699458059912959 1.6515618223162027 0.5168300448654907 
[30], 24, 15, 10, 0.001, 0.05, 1, False 1.4115726016185908 30.19177422725903 2.833632736892213 0.07230637018099166 0.9373734620158883 0.16549973293841608 
[10], 1, 20, 5, 0.001, 0.05, 1, False 2.818279506100549 65.63983769368343 10.602425569770903 0.2995412518061578 3.8208864920714554 1.620167633308935 
[10], 1, 15, 1, 0.001, 0.05, 1, False 3.3112763361798385 71.92306190676375 13.243514652719293 0.11232997384624556 2.0034059140454494 0.7025803271322357 
[20], 36, 20, 5, 0.001, 0.05, 1, False 1.6951337730994938 35.8002089173878 4.2298140930399475 0.1606779165715519 1.7165312141870497 0.7539345177623493 
[5], 1, 15, 1, 0.001, 0.05, 1, False 3.4030477229091853 72.24806749523923 13.894585951636229 0.03441600311712011 0.8537645610455485 0.23661597500985027 
[10], 12, 20, 5, 0.001, 0.05, 1, False 1.8515830921906014 50.24151043301191 5.833726557368187 0.15680649827819887 4.388499003777885 0.5204026575336775 
[30], 24, 20, 1, 0.001, 0.05, 1, False 1.5337229375486026 42.652475882118395 4.3957722598680045 0.047224332119702485 0.9406143622437723 0.2596311300047099 
[30], 24, 5, 5, 0.001, 0.05, 1, False 1.3283080701474794 31.736772609901127 3.0032336028903193 0.15524834453395375 0.043578001493377996 0.29909137082889087 
[30], 36, 10, 10, 0.001, 0.05, 1, False 1.696693011180119 30.299703959046912 3.900917287268831 0.04995722533678784 1.3832128211729675 0.2891850001141404 
[5], 24, 20, 5, 0.001, 0.05, 1, False 1.5855227611683036 42.22682374173303 4.769893871948626 0.23170618194339376 4.9221986509802775 1.1411297247242937 
[20], 36, 10, 10, 0.001, 0.05, 1, False 1.4223327280194678 28.816516046703054 3.066839116290184 0.09739380158439018 0.4536088837477805 0.27978157182290436 
[5], 36, 10, 10, 0.001, 0.05, 1, False 1.2190253043616266 31.075403837895134 2.4740092809622234 0.06999177984786296 0.9081241220041455 0.2411590615335016 
[10], 12, 10, 10, 0.001, 0.05, 1, False 2.015516969009682 51.51579040869552 6.441422219748489 0.05812729239161621 0.5507280260013488 0.15876105015829822 
[30], 1, 20, 10, 0.001, 0.05, 1, False 2.336669426163038 58.44163453053444 7.84261106789332 0.04497191233999558 1.021203977248152 0.2497235933037648 
[15], 1, 20, 10, 0.001, 0.05, 1, False 2.3815485199292503 58.71276804623334 8.136515218827665 0.08000691495959611 1.7047397472534866 0.47308603633362156 
[5], 1, 20, 5, 0.001, 0.05, 1, False 3.0807541986306517 69.30638993428649 12.075091571284775 0.1784107242578141 1.4610807108676884 1.000640385413321 
[5], 24, 10, 10, 0.001, 0.05, 1, False 1.2863018625312383 33.26965946493862 2.8877138878167803 0.15331073265302259 5.509017058292726 0.7026621815775204 
[30], 36, 15, 1, 0.001, 0.05, 1, False 1.4565735521139924 37.92730234989087 3.507774865476024 0.09036154704099916 2.9754033779224995 0.5993358482259392 
[20], 1, 20, 5, 0.001, 0.05, 1, False 2.5321327160905907 62.851336861437424 9.174991848443172 0.17592976351169806 2.5539913083562924 0.9435919052157935 
[10], 36, 20, 10, 0.001, 0.05, 1, False 1.5369088905828978 32.617652837200175 3.642529404304159 0.1678152454892067 2.2638499576770688 0.7242857937071818 
[10], 24, 20, 10, 0.001, 0.05, 1, False 1.3943311650443964 33.86659974892996 3.1466633608519636 0.0628463632551011 0.5968489546770407 0.14591166605219255 
[20], 36, 15, 1, 0.001, 0.05, 1, False 1.457263004227921 36.482749423544455 3.682387226058655 0.08608202450368778 1.1083696019336335 0.19945094701338437 
[30], 12, 20, 10, 0.001, 0.05, 1, False 1.4511699370763924 39.51326855216757 3.807871599963884 0.09063000853328833 1.599793401372813 0.5655522650296713 
[5], 12, 10, 10, 0.001, 0.05, 1, False 2.5907732265966907 62.12589102979563 9.144488430870346 0.10373132143866999 3.0343986436948596 0.600350140709347 
[5], 36, 15, 1, 0.001, 0.05, 1, False 1.5798405768142807 43.64004227031657 4.54058954042097 0.07338139420957646 0.41010118312615573 0.17187476395269158 
[10], 12, 15, 1, 0.001, 0.05, 1, False 2.6351441128386397 63.988634628572555 9.473281078707151 0.19637765849402958 4.600293960762885 1.10311448413229 
[20], 12, 20, 5, 0.001, 0.05, 1, False 1.507647890514798 43.33798325834808 4.901518660399824 0.01225541670416627 0.9298110709083568 0.2175182923941708 
[5], 24, 15, 1, 0.001, 0.05, 1, False 2.1495039714707267 54.09010662797925 6.907469016779433 0.428344498970558 9.105112570558477 2.2302974062628906 
[20], 12, 10, 5, 0.001, 0.05, 1, False 1.8461871810533383 49.93391624113546 6.1462641706622785 0.07122152790983542 0.9282689205035681 0.17136571774626713 
[5], 12, 15, 10, 0.001, 0.05, 1, False 1.450868063778789 39.03808047491125 3.97832996367969 0.2951027989013173 7.89381222387399 1.394677734876667 
[30], 36, 15, 10, 0.001, 0.05, 1, False 1.6118367860162703 31.79210349099407 3.816722976240122 0.19184203253120907 2.349158531306026 0.9068772634121909 
[5], 12, 15, 1, 0.001, 0.05, 1, False 3.1972359899017544 70.9488837751429 12.648741250949286 0.1237031758544552 2.335172359796651 0.8898062726528466 
[5], 12, 20, 1, 0.001, 0.05, 1, False 3.030927680598365 69.28597463662014 11.69245914585825 0.13955303457690388 2.9398586934770425 0.8408336651938092 
[30], 24, 10, 10, 0.001, 0.05, 1, False 1.3639624902495635 30.352164022239766 2.737536129773668 0.05140350093966409 0.792390147169542 0.1398027167711456 
[30], 24, 20, 5, 0.001, 0.05, 1, False 1.4591672679340402 31.766638503619642 2.968216393665506 0.10962940020741818 2.069899700960613 0.3755745687475142 
[30], 36, 20, 1, 0.001, 0.05, 1, False 1.6009273243723097 39.21164708580445 4.053692076860356 0.13464373825267367 1.1927760983190467 0.46119345119490596 
[30], 24, 15, 1, 0.001, 0.05, 1, False 1.452627171300076 39.05636539797629 3.783446271352629 0.048629146442307994 1.4187900091735175 0.126549483770658 
[5], 24, 20, 10, 0.001, 0.05, 1, False 1.28665700527253 32.736907836164825 2.918165034413296 0.10375317995053819 1.8142055511901303 0.15331778413684777 
[5], 36, 20, 10, 0.001, 0.05, 1, False 1.4322454431542653 32.4366190249221 3.1837672003029227 0.17811558967248337 3.847800509640128 0.6302679570978683 
[10], 1, 20, 10, 0.001, 0.05, 1, False 2.528392270869679 61.064308461616456 8.826685919716997 0.04139593528957128 0.6968477074756421 0.2913044876221364 
[10], 12, 20, 10, 0.001, 0.05, 1, False 1.5199544750981862 39.92669413091756 4.258590840541873 0.05226390591720312 2.678948114294961 0.49265750489573484 
[20], 36, 20, 10, 0.001, 0.05, 1, False 1.6010608708416978 32.27917412834359 3.6211485609857843 0.07546044108977053 1.4669626897828603 0.25267971481109885 
[5], 12, 20, 5, 0.001, 0.05, 1, False 2.0813313016185053 51.96733112002422 6.895284400036161 0.4643200395800899 8.169099821785665 1.987870428716995 
[30], 36, 20, 5, 0.001, 0.05, 1, False 1.5547971132728797 33.52934885737698 3.423322331341284 0.053299118675538736 1.5596620061754387 0.16550735041829387 
[20], 12, 10, 10, 0.001, 0.05, 1, False 1.6616152039280643 44.82729456540958 5.418653040341357 0.12225889885551122 3.30755218350874 0.4270062391954325 
[5], 1, 20, 10, 0.001, 0.05, 1, False 2.7142946563385153 63.22486980915366 9.947176604397407 0.35103662477894143 7.296062882112142 2.1542402164838195 
[20], 1, 20, 10, 0.001, 0.05, 1, False 2.3433273120058913 58.318533027900344 7.935014462763568 0.05142327264573767 1.8114194198483486 0.37591032823017356 
[20], 12, 15, 1, 0.001, 0.05, 1, False 1.6539297441641487 47.61647243177541 5.299150251673204 0.19978904497235345 4.8492867673324 0.7234161271246154 
[30], 24, 20, 10, 0.001, 0.05, 1, False 1.5406199343778475 30.103324817062685 3.2317893309038066 0.18509024197610546 2.6830026804513403 0.6241598272094312 
[20], 12, 20, 10, 0.001, 0.05, 1, False 1.4622944976444598 40.6514394240319 4.046185629959311 0.0752262255770747 1.9113811941476544 0.6696253372436518 
[5], 12, 20, 10, 0.001, 0.05, 1, False 1.928216298973119 51.75347856247449 6.236131576550458 0.16466475920126436 5.478380425932926 0.9260485846468959 
[30], 36, 20, 10, 0.001, 0.05, 1, False 1.7789460292017025 33.85854601578319 4.517241345575573 0.11143697688896786 1.8538116092079293 0.49345075682044476 
