layers lag time_steps epochs l2 learning_rate mean_mae                         mean_mape mean_mse std mae std_mape std_mse 
[5], 24, 1, 1, 0.001, 0.05, 1, False 2.5470313659989863 48.475785457328044 10.424584658743122 0.5471583278395697 5.282661082701267 4.5067716509240485 
[10], 12, 1, 1, 0.001, 0.05, 1, False 5.0733454447218085 118.38422196059655 35.24277028073323 1.2420692939673814 46.700071845710205 14.76262675983191 
[15], 24, 1, 1, 0.001, 0.05, 1, False 1.8684950921540058 48.09887994160912 6.401613339490059 0.2389166621608971 13.028104477883405 2.325458938261662 
[15], 36, 1, 1, 0.001, 0.05, 1, False 2.767383182114227 71.77675568970305 13.965545857120807 1.4686003316348442 55.23445408392853 11.961648667878356 
[15], 1, 1, 1, 0.001, 0.05, 1, False 5.069113889022696 65.16635397751882 38.60480045227266 0.2504139867934443 1.8495984039416686 4.417600323724149 
[20], 1, 1, 1, 0.001, 0.05, 1, False 5.111376406135107 64.79332885586963 39.1430991965132 0.10021033393627021 0.4762680503923483 1.7315962720813902 
[15], 12, 1, 1, 0.001, 0.05, 1, False 5.777353555123167 143.21777756692416 40.15926287510429 0.7283987475085324 22.04010458128126 8.77968342386328 
[10], 36, 1, 1, 0.001, 0.05, 1, False 3.055384232289281 73.59868361051944 14.134124358115342 0.7854560539531705 28.735322031668662 6.035516488520068 
[10], 1, 1, 1, 0.001, 0.05, 1, False 4.4543320219058335 69.56666419841976 28.859787678882935 0.20516554598566203 1.8469573024718877 2.785062379063606 
[10], 24, 1, 1, 0.001, 0.05, 1, False 2.221070353016344 41.36370617350163 7.664789744185243 0.4331381654577819 12.930842237649886 2.048413207199304 
[5], 36, 1, 1, 0.001, 0.05, 1, False 2.2437094613993263 41.084530532445136 8.490823318170849 0.3885249016656697 3.1345675487891715 3.3163978559870735 
[30], 24, 1, 1, 0.001, 0.05, 1, False 1.7642628703867862 39.58467437372826 5.214761417642447 0.16650556713883885 3.526682402044553 1.1681261410391772 
[30], 36, 1, 1, 0.001, 0.05, 1, False 2.95124507383314 78.76318135502477 12.013032360613169 0.41808496360452596 14.277897746653103 3.0320627670989846 
[20], 24, 1, 1, 0.001, 0.05, 1, False 1.8247603599374458 38.60680341229955 5.4195317253571185 0.31385447396220656 7.248550189892874 1.7826131898368305 
[30], 1, 1, 1, 0.001, 0.05, 1, False 4.705990344348053 67.94445865415918 32.417989696085606 0.09318702417052396 0.5123619164965385 1.386319483331867 
[30], 12, 1, 1, 0.001, 0.05, 1, False 3.30072317393971 91.11380549109138 17.734968516495737 0.9409273675765638 39.427996578799615 9.144891294700038 
[20], 12, 1, 1, 0.001, 0.05, 1, False 2.379367371163486 44.664418942105044 9.18517575529274 0.5331133673817446 4.054265616682306 3.439420822164335 
[20], 36, 1, 1, 0.001, 0.05, 1, False 4.169690674882278 121.50837406502524 23.624120126768148 0.8459835119004877 34.06018654840677 10.185277331414285 
[5], 12, 1, 1, 0.001, 0.05, 1, False 4.453988511406351 75.52913931765418 30.897577112797293 0.9002436637081621 11.376446712292072 13.525519702926028 
[5], 1, 1, 1, 0.001, 0.05, 1, False 4.941409083971478 76.89098793780059 37.83838235419874 0.9774516209342419 18.70832646281451 16.951046567969406 
[10], 24, 1, 5, 0.001, 0.05, 1, False 1.5483369954288246 38.096832941507614 3.702958942557142 0.17130325403403765 10.279654246166862 0.5933618076904732 
[5], 24, 1, 5, 0.001, 0.05, 1, False 3.3627322331193787 70.18265864954182 19.18152696564602 1.9341632846482533 36.71146625798808 18.066675055129526 
[10], 24, 15, 5, 0.001, 0.05, 1, False 1.2416025678559282 27.75001970873043 2.420552315733316 0.1616362343607105 2.6025514976019926 0.7285996932118284 
[10], 12, 1, 5, 0.001, 0.05, 1, False 4.043221247114706 88.68799059883996 20.830772181556714 0.5452877364404283 32.106963105212245 3.9625521011168803 
[30], 12, 15, 5, 0.001, 0.05, 1, False 1.3247222575290059 41.54762272046728 2.7529056406762837 0.024601237012373472 1.3191767948334654 0.14782270393634186 
[30], 24, 1, 5, 0.001, 0.05, 1, False 1.7576023476195084 34.63858697090814 4.564362123792378 0.2492932246548497 8.24943368730047 0.9882168556136994 
[30], 36, 15, 5, 0.001, 0.05, 1, False 1.4577868996438124 34.89819630153952 2.9366255776727113 0.10985002599776683 6.3131500389824 0.4221039642749063 
[5], 12, 15, 5, 0.001, 0.05, 1, False 1.2830694894582308 34.85430519003261 2.7238677193990877 0.1391308543936149 9.520299126352228 0.537012050601397 
[30], 36, 1, 5, 0.001, 0.05, 1, False 3.4741198824158084 99.66965506457638 15.992389622649904 0.36214026856681325 12.065485629734864 3.080494165016502 
[30], 24, 15, 5, 0.001, 0.05, 1, False 1.4467016636587993 30.119446348016535 3.1925523802712235 0.053633855523563 1.785211205243048 0.3058992705322383 
[5], 24, 15, 5, 0.001, 0.05, 1, False 1.159003741627007 31.030401521408965 2.2558139502712513 0.12453267612730734 9.07420861404128 0.3363579039508929 
[10], 1, 15, 5, 0.001, 0.05, 1, False 3.2198628071040187 65.75367641202773 15.244960143429727 0.17685798155233717 5.938327058285676 1.2888111807530396 
[10], 12, 15, 5, 0.001, 0.05, 1, False 1.3499539317770133 35.04420757967017 2.794937051547377 0.16565289747966808 5.270962689918869 0.577404447306738 
[15], 36, 1, 5, 0.001, 0.05, 1, False 2.5163232374211977 58.357928012412486 8.555556444104253 0.14097572543868617 4.268913230210385 0.8341855762825048 
[15], 24, 1, 5, 0.001, 0.05, 1, False 2.1193220610184924 50.96983670819093 6.416577333749557 0.1953482350899522 10.729598249154025 1.0905416369319052 
[15], 1, 1, 5, 0.001, 0.05, 1, False 3.99835860857533 92.64248644313209 21.85314035474219 0.15354858688799264 13.135854915208503 2.138301872600186 
[15], 24, 15, 5, 0.001, 0.05, 1, False 1.3455992400585848 29.003460137727256 2.82703515506319 0.09813991445078503 3.4543504649596626 0.4039486913722701 
[20], 1, 1, 5, 0.001, 0.05, 1, False 4.047129738406727 106.54542404301094 22.713227267727024 0.18530213094806372 29.133314711785193 2.50608929378893 
[10], 36, 1, 5, 0.001, 0.05, 1, False 2.7773778578523847 66.36663113118188 11.316207444220547 0.879860361647752 27.181285983916666 6.128112146041417 
[15], 1, 15, 5, 0.001, 0.05, 1, False 2.9061499817020917 57.12854054767789 12.906075899615821 0.06562486830756084 0.8991166616511325 0.750520288329861 
[15], 12, 1, 5, 0.001, 0.05, 1, False 3.511612561447503 89.29175488520104 17.879288354004853 1.3809322749134718 47.39963143977225 11.607528515595641 
[15], 36, 15, 5, 0.001, 0.05, 1, False 1.4011404536216074 34.349877897887495 2.9749489795564767 0.06818065555222448 4.337739801540321 0.4307520565028938 
[10], 24, 5, 10, 0.001, 0.05, 1, False 1.2722429311017212 30.853121991214618 2.4217306571503503 0.04424170084161939 5.872334293816202 0.11681568986976315 
[10], 1, 1, 5, 0.001, 0.05, 1, False 3.634089161900597 94.49834613246742 17.871178907357553 0.06385022371630383 2.9963947517763208 0.442956663951513 
[20], 1, 15, 5, 0.001, 0.05, 1, False 2.851030895072553 57.97979608743895 12.19672231044467 0.07595853100912071 1.1368776579149302 0.896412265732174 
[30], 1, 1, 5, 0.001, 0.05, 1, False 3.90706279510977 110.23138763097984 20.16105991172697 0.10327249258250588 12.226488452633538 1.009892998432195 
[20], 24, 1, 5, 0.001, 0.05, 1, False 1.997140851786308 49.34360861694932 6.025775330261646 0.46496692333460343 13.95444863680532 2.3051796845410166 
[5], 36, 1, 5, 0.001, 0.05, 1, False 2.3592421316956735 54.04288064973978 8.870866846306383 0.694670556361943 23.335819673792166 4.018105313340687 
[30], 12, 1, 5, 0.001, 0.05, 1, False 2.2777673373335143 57.2183712227355 8.831632477177452 0.3257999757618962 10.842350426511084 2.05335980758021 
[15], 12, 15, 5, 0.001, 0.05, 1, False 1.2505308275386968 39.54807340878691 2.4389682972662836 0.10633176297786315 4.4054552104808 0.4171398291167191 
[20], 12, 1, 5, 0.001, 0.05, 1, False 2.4838278434101357 50.059445290550876 9.396704142801639 0.4079729526208232 10.775069654319223 2.2326150042673865 
[10], 36, 15, 5, 0.001, 0.05, 1, False 1.456067325892703 31.33523951952829 3.2475500347060273 0.023966869581616538 2.4715928966683687 0.1676985825428696 
[20], 36, 1, 5, 0.001, 0.05, 1, False 4.3603933911154025 124.96523634797272 28.053819183495218 1.5019273244814324 53.53195098429354 17.456278373738634 
[5], 1, 1, 5, 0.001, 0.05, 1, False 4.678415260386342 73.5415201420375 32.16327774098526 0.0455481081063957 1.1038317043241708 0.7790374928894817 
[5], 12, 1, 5, 0.001, 0.05, 1, False 3.3705220631323756 70.76906610463038 14.435044735621004 0.14019001379088836 8.400281473045906 0.377317374964451 
[20], 24, 15, 5, 0.001, 0.05, 1, False 1.4158943769690167 29.980405226536632 2.9743813038538103 0.12759954985636224 4.543092662752692 0.5412156438774469 
[20], 12, 15, 5, 0.001, 0.05, 1, False 1.2413269872863397 40.57270287607878 2.3697399933217542 0.05881203714927851 3.9492017061671265 0.3064965564075108 
[30], 1, 15, 5, 0.001, 0.05, 1, False 2.633709077257663 51.82428871335153 10.692868123071577 0.013596029468354425 0.8090705537257451 0.08128552350208013 
[20], 36, 15, 5, 0.001, 0.05, 1, False 1.3812684665511672 28.7159569370701 2.8747649769688857 0.022325300370453268 3.528200696663343 0.1798678027879063 
[10], 24, 10, 1, 0.001, 0.05, 1, False 1.4328931945686538 40.47693440543801 3.0613657219342247 0.22672076755775325 8.771561163509775 0.9569858683780635 
[5], 36, 15, 5, 0.001, 0.05, 1, False 1.338094099357517 32.75704010514786 2.9102340327031464 0.027394615914232392 5.71108373125217 0.09997545146784106 
[30], 36, 5, 10, 0.001, 0.05, 1, False 1.618450675689167 39.98450357829794 3.880943101969874 0.07141183965864877 4.602109993148421 0.321298278106755 
[30], 24, 5, 10, 0.001, 0.05, 1, False 1.438484793994576 32.50991325717016 2.9978651505527694 0.06293826199434935 4.974536176727069 0.4147918664932562 
[5], 12, 5, 10, 0.001, 0.05, 1, False 2.717904371623364 70.87569076468618 10.410083684734735 0.6009210704326021 17.357034462358683 4.087252138372877 
[5], 1, 15, 5, 0.001, 0.05, 1, False 4.678027338582884 135.93894985919533 27.462262179280355 0.03915257424327538 5.956720355042497 0.5900597834883372 
[5], 24, 5, 10, 0.001, 0.05, 1, False 1.4563900078474372 41.48417544911299 3.1488553052378028 0.23103562100807884 13.071322293037158 1.0224124295870947 
[10], 12, 5, 10, 0.001, 0.05, 1, False 2.0030133472928013 53.31543490074014 5.873013082904802 0.1705379398967281 8.09155873926641 0.8140016179293501 
[10], 1, 5, 10, 0.001, 0.05, 1, False 5.303227078783567 149.35038554484163 34.1648901441084 0.10670762203564926 1.008163683032407 1.244500452817363 
[15], 12, 5, 10, 0.001, 0.05, 1, False 1.8704431057286754 55.45899758869703 5.340927156560803 0.18779870593578782 7.584153995206428 0.8576494063391688 
[10], 36, 5, 10, 0.001, 0.05, 1, False 1.5183662392324075 35.59780137986525 3.4344508239471363 0.1865294876949827 7.263430453743852 0.8362473757316772 
[20], 1, 5, 10, 0.001, 0.05, 1, False 4.901549193587293 135.96817946607027 29.4849207698495 0.2667031347991421 8.579474567347864 2.8044875530797726 
[15], 24, 5, 10, 0.001, 0.05, 1, False 1.384407851184477 36.989426495338854 2.723246115893746 0.055659814089948696 5.844171793275866 0.03874454026556926 
[30], 36, 10, 1, 0.001, 0.05, 1, False 1.2933150814561587 25.589260647112948 2.6316485790986897 0.13463326107248869 1.433058317322454 0.6025263664276315 
[5], 12, 10, 1, 0.001, 0.05, 1, False 3.638934405610241 96.82333361518035 17.41570044935993 0.10289725957492586 7.708196175221366 0.8274192276648626 
[30], 24, 10, 1, 0.001, 0.05, 1, False 1.1244027912754706 27.29339820763558 1.8730755174926064 0.08055612865593594 4.253027315491777 0.20048859878795938 
[5], 24, 10, 1, 0.001, 0.05, 1, False 1.8063745059055727 52.14379234024145 5.206699772743806 0.35218489802886693 14.048955404970338 2.1034934949669544 
[15], 36, 5, 10, 0.001, 0.05, 1, False 1.539042125016244 37.669278460137555 3.631029834421172 0.12035897914050366 5.389748960253542 0.42733663532534205 
[15], 1, 5, 10, 0.001, 0.05, 1, False 5.537363523369034 158.9589369387352 37.5937185051344 0.5575185000616195 19.490280068045315 7.591383788852219 
[10], 12, 10, 1, 0.001, 0.05, 1, False 2.16357093866811 48.11919363690902 7.425006815477474 0.4486745469588303 15.494324035507224 2.6854539012599594 
[10], 1, 10, 1, 0.001, 0.05, 1, False 4.752860729679189 140.30509777361294 28.394803468475757 0.10234834186529021 2.6644231520652126 0.9299040543051201 
[10], 36, 10, 1, 0.001, 0.05, 1, False 1.6272300923786436 36.50421070927295 4.0203719230746175 0.34314669530333236 6.52304276775233 1.2294556964064456 
[15], 12, 10, 1, 0.001, 0.05, 1, False 1.577140307136708 43.22022460586752 3.865979070745746 0.23135037148387363 6.5738902778409685 0.976695893218773 
[20], 1, 10, 1, 0.001, 0.05, 1, False 4.716052926621502 136.77439711526975 27.674669487903838 0.07261147099604921 2.701157558745696 0.8465573464580343 
[20], 12, 5, 10, 0.001, 0.05, 1, False 1.952527618218489 56.41039166045895 5.661608236185753 0.2834815480668881 8.52797922609252 1.3953560156797258 
[10], 24, 1, 10, 0.001, 0.05, 1, False 2.3522127714747545 67.2116366543729 8.781935934838174 0.8426585364132451 22.932792366129195 4.983066464797169 
[20], 36, 5, 10, 0.001, 0.05, 1, False 1.4871229068746932 32.38838445985133 3.516560619709377 0.07745989640772075 2.270188751120257 0.2877893025921822 
[15], 24, 10, 1, 0.001, 0.05, 1, False 1.2719131106683226 36.588442600856446 2.4178672124632183 0.09846147688539393 2.9064306655977705 0.4769928837021372 
[30], 1, 5, 10, 0.001, 0.05, 1, False 5.032681955224662 148.61453034690598 31.506692227290014 0.15348562045403233 4.874807198302701 1.8006897953054204 
[5], 24, 1, 10, 0.001, 0.05, 1, False 2.2733026867676354 51.67470251924167 7.762263955611435 0.21056279942406644 5.5597143554701685 0.9703306926623991 
[15], 36, 10, 1, 0.001, 0.05, 1, False 1.5163883021549769 31.55043233037992 3.359967362622395 0.13291931258414616 6.019742912604707 0.35555579764873146 
[30], 12, 5, 10, 0.001, 0.05, 1, False 1.9703666369396224 57.892792832462696 5.814313913873558 0.1314034042177227 3.572926199766081 0.668973426726648 
[15], 1, 10, 1, 0.001, 0.05, 1, False 4.820766316099023 139.43459630549435 28.691262941335143 0.03880213258109568 1.741282169400498 0.28382679729699967 
[20], 24, 5, 10, 0.001, 0.05, 1, False 1.2851779228231563 27.73339444106577 2.4912440045499 0.05799628943594939 0.9093775499100536 0.12513219051430588 
[30], 24, 1, 10, 0.001, 0.05, 1, False 2.4486285453142713 65.0309973061635 8.598383133418812 0.588388806755302 24.399450021743927 4.109429896443598 
[10], 24, 5, 1, 0.001, 0.05, 1, False 1.595927922676007 47.236738539620774 3.8499921548507507 0.12085809051633835 10.156111627426927 0.4573546014556116 
[30], 36, 1, 10, 0.001, 0.05, 1, False 2.0277514379807853 45.74673575112513 6.157124976818193 0.5198990790697399 20.597055302933107 3.1069206758584067 
[5], 36, 5, 10, 0.001, 0.05, 1, False 1.5217416799760908 28.758716377330853 3.7612950652876322 0.1004800781141515 3.3930029730622513 0.5117164603091784 
[10], 24, 10, 5, 0.001, 0.05, 1, False 1.3447410972530232 26.588301752951722 2.902532378472262 0.07979905297401438 3.306608491569887 0.6032874936254501 
[20], 12, 10, 1, 0.001, 0.05, 1, False 1.5206336763463224 43.49991161989217 3.7929938764806344 0.08432432742232449 3.4670252972353013 0.43454645905968864 
[5], 1, 5, 10, 0.001, 0.05, 1, False 4.963964124444735 141.96346099726938 30.4978015181689 0.16149150152317363 5.923283372183501 1.1853842642861134 
[20], 36, 10, 1, 0.001, 0.05, 1, False 1.3578806747604786 31.37822243100447 2.698193644023547 0.051022609510146845 1.8761193903366544 0.22882789859127625 
[5], 24, 5, 1, 0.001, 0.05, 1, False 1.3311648415246358 39.28723207755494 2.929062019974925 0.09418157036049309 5.308356170134241 0.43929965187437714 
[30], 1, 10, 1, 0.001, 0.05, 1, False 4.730701307793734 138.67176197990065 27.937317674988392 0.02174923567481282 1.0524114152217579 0.17963359077339092 
[10], 12, 1, 10, 0.001, 0.05, 1, False 4.337676388822515 96.85053047799447 23.468331108367988 1.036854548523933 34.496592549308 8.708405561964597 
[20], 24, 10, 1, 0.001, 0.05, 1, False 1.1252953871791425 30.900581541855882 1.7687970662160988 0.061283367933976 3.777206248643104 0.21898527555256084 
[30], 12, 10, 1, 0.001, 0.05, 1, False 1.4155583379686707 39.78468248246974 3.3231730152722094 0.07412187895514663 4.373183876032481 0.3295467076584155 
[5], 36, 10, 1, 0.001, 0.05, 1, False 1.7567653970387596 39.01378095686477 4.6475947301789295 0.17881132819496603 4.731703099164602 0.9013356088009509 
[30], 24, 5, 1, 0.001, 0.05, 1, False 1.2135498341957662 26.705680851480338 2.067337868409084 0.058828399708964904 1.2740212307663228 0.2918489269736832 
[5], 1, 10, 1, 0.001, 0.05, 1, False 4.613546011548627 140.98888084468248 27.47678498996305 0.007490486723124185 0.9009994922812464 0.12222022727951302 
[30], 36, 15, 10, 0.001, 0.05, 1, False 1.6444685013106752 38.63074656435644 4.063821172350653 0.13833205764721374 3.860029140811446 0.6890237156996974 
[30], 36, 5, 1, 0.001, 0.05, 1, False 1.3161811253935511 26.976111918743005 2.7796667481484487 0.06608060235971952 1.137583924882963 0.4994793243756873 
[30], 24, 15, 10, 0.001, 0.05, 1, False 1.4554207131033765 33.286783251971556 2.9494356033111697 0.03406659745568153 0.5658293838893953 0.1891551529043962 
[30], 12, 15, 10, 0.001, 0.05, 1, False 1.4222648989167757 49.879342494563325 3.156547965431462 0.038080270570574906 1.1207946510850795 0.14656089707266604 
[30], 24, 10, 5, 0.001, 0.05, 1, False 1.3865382425495667 26.206137347861965 2.82059375009814 0.00892030402670629 0.7869098433214696 0.07573801925885675 
[30], 36, 10, 5, 0.001, 0.05, 1, False 1.5857396388620455 40.82041868576987 3.580700705109144 0.0885313167379752 10.191797528586509 0.4829959491009334 
[15], 1, 1, 10, 0.001, 0.05, 1, False 5.136670856415812 159.69668954878583 35.91579815985476 1.0487867387820284 48.18603274691383 12.790613892173315 
[5], 12, 10, 5, 0.001, 0.05, 1, False 2.4547955896244047 53.00659095015513 8.213272905605619 0.4012062640983294 3.4746922403107123 2.324973140832146 
[15], 24, 1, 10, 0.001, 0.05, 1, False 1.8603647070826375 40.649113996604804 5.053522237441418 0.3240321944294433 12.151326473037868 1.3784428959116979 
[10], 36, 1, 10, 0.001, 0.05, 1, False 2.682319989535069 60.98814152653973 12.743537303860776 1.1192848756416423 31.73342830512875 10.203740162080592 
[5], 24, 10, 5, 0.001, 0.05, 1, False 1.2372697548250908 31.613412080846697 2.3170913886136586 0.12098580001830155 4.599294735390308 0.38591742786137284 
[15], 36, 1, 10, 0.001, 0.05, 1, False 2.0848690688513067 41.66219359350925 6.331076213268774 0.10607636446583389 1.4850155347778025 0.3283402677617996 
[10], 12, 5, 1, 0.001, 0.05, 1, False 2.3986839027247493 57.79398017519126 8.17459818832164 0.2367331018091835 6.920647508797841 1.4299046879043649 
[20], 1, 1, 10, 0.001, 0.05, 1, False 5.244542953089156 165.7388697248491 35.594843183671145 0.44995231425862225 18.2694473737559 6.275667252999267 
[15], 12, 1, 10, 0.001, 0.05, 1, False 2.8724256272225084 62.35553572502247 11.720413410526701 0.4594501050179427 16.725477424864668 3.209425734995863 
[10], 24, 15, 10, 0.001, 0.05, 1, False 1.394362714752141 31.32654870255121 2.913955400258409 0.12427060924688224 5.46884779816293 0.5871781842229398 
[30], 36, 20, 1, 0.001, 0.05, 1, False 1.3254476352530118 26.280218951232385 2.5934243415565224 0.05716349357217273 0.3547821202043177 0.1847118544905475 
[20], 12, 1, 10, 0.001, 0.05, 1, False 4.080521498030673 101.33028960325414 22.454527510583812 1.2492842755991127 43.862872754176195 10.189194596795124 
[30], 24, 20, 1, 0.001, 0.05, 1, False 1.1237035440350025 27.201742954422432 1.7848704516870209 0.08216160391747324 3.536663114120472 0.20209230554474533 
[30], 12, 20, 1, 0.001, 0.05, 1, False 1.4673331265458494 48.39536919806346 3.5653649725819236 0.09242154001505225 4.821110032487739 0.5058115419176652 
[30], 1, 1, 10, 0.001, 0.05, 1, False 5.396409289131838 169.63241226669138 37.48910139337555 0.47879819587409295 16.41354413369269 6.7248064175723865 
[10], 1, 10, 5, 0.001, 0.05, 1, False 3.7644959917636935 88.6393584356836 18.617423540347378 0.19829294446302126 6.665281117078486 1.5296876208722672 
[10], 12, 10, 5, 0.001, 0.05, 1, False 1.4900887624291632 36.03909562375477 3.4979799138436456 0.15669658585663118 9.257308844738159 0.594110043549198 
[30], 12, 1, 10, 0.001, 0.05, 1, False 2.8365593499642006 74.27704111772381 12.298155296796631 0.6366728671553505 29.56983778536501 5.573501344415739 
[20], 24, 1, 10, 0.001, 0.05, 1, False 2.160213745462588 53.34040503787409 7.378983095429407 0.7440712060249628 31.315158104484233 4.713872154324544 
[5], 12, 15, 10, 0.001, 0.05, 1, False 1.251279276923311 31.6779832589953 2.4735715475175524 0.10635761658293189 6.279869448276398 0.38580691383878346 
[10], 12, 15, 10, 0.001, 0.05, 1, False 1.4745918365540327 50.751023179870174 3.4279067990439263 0.035286147948882775 1.7549462108246754 0.2623776162357873 
[5], 24, 15, 10, 0.001, 0.05, 1, False 1.470578419171377 34.14332783861251 3.5494049150219396 0.19359857085786666 8.329369101883795 0.7411834694648194 
[10], 1, 15, 10, 0.001, 0.05, 1, False 2.810523962526134 54.84654878600469 12.124893555616966 0.04718657535368625 1.510253245257684 0.3979784123403394 
[20], 36, 1, 10, 0.001, 0.05, 1, False 2.075462610005181 46.818601893844146 6.353752010251316 0.2769927465765997 8.270076170349745 1.3580327635906189 
[20], 1, 10, 5, 0.001, 0.05, 1, False 3.3696070158888625 81.46759143966506 15.6280331989214 0.6242177935409795 15.463716326741874 5.317804158840851 
[15], 12, 10, 5, 0.001, 0.05, 1, False 1.6077993498425247 51.09610419291146 4.048915913264968 0.049633644010478095 6.162882835224897 0.3123948586109549 
[10], 36, 10, 5, 0.001, 0.05, 1, False 1.5142399922297856 29.150767138086483 3.4848315306954802 0.2391800309765466 6.5256879350176815 1.1411784171346795 
[15], 1, 5, 1, 0.001, 0.05, 1, False 4.515391695761569 122.98385501889923 25.137592042132272 0.055709516962698734 2.6851413837472613 0.6776426407141348 
[10], 1, 1, 10, 0.001, 0.05, 1, False 4.571676850922543 147.53158214322258 28.55328094784792 0.48207055083069905 26.168402419743906 6.500389463257268 
[15], 24, 5, 1, 0.001, 0.05, 1, False 1.4600725586819288 41.489331032053165 3.2059219115504427 0.303531415807142 8.532879060755674 0.911491657832141 
[10], 24, 20, 1, 0.001, 0.05, 1, False 1.2408801639081772 28.871765196062714 2.533686819671905 0.23619690696200293 3.5335843048797213 0.9161720900910048 
[10], 36, 5, 1, 0.001, 0.05, 1, False 1.5200847022456365 30.565708767839492 3.7148907354915663 0.3051614273018584 8.556755558709396 1.0500793915002928 
[15], 36, 5, 1, 0.001, 0.05, 1, False 1.3068052158087353 24.50758121568124 2.486522846597364 0.23176501035744135 5.068081588184002 0.6037052274056667 
[20], 1, 5, 1, 0.001, 0.05, 1, False 4.450675748357618 125.65764758060577 24.743333055368424 0.045666790656481264 3.1847620830501078 0.6434695944402418 
[10], 24, 5, 5, 0.001, 0.05, 1, False 1.245915705093217 31.5659633351126 2.3919786924060333 0.06800900115257966 4.735293328111032 0.3262868297979042 
[5], 36, 1, 10, 0.001, 0.05, 1, False 3.378253760160145 79.19447927819101 15.974681463453267 0.962747333408337 28.98827090757691 7.75136830782581 
[15], 1, 10, 5, 0.001, 0.05, 1, False 3.225502305874532 71.99183431731312 14.646774057892884 0.3900919288928922 9.152370679542974 3.0592112588600897 
[15], 12, 5, 1, 0.001, 0.05, 1, False 1.912288743198884 50.94143879811256 5.471872579844848 0.08087634770225292 5.273780875263172 0.41409519681996737 
[15], 24, 10, 5, 0.001, 0.05, 1, False 1.2551235745842053 26.02101169100185 2.426900382954082 0.11015773459167877 1.7966558688666756 0.4283054126027214 
[5], 1, 1, 10, 0.001, 0.05, 1, False 3.79357033526111 103.8087908764839 19.404011252486345 0.7063888026410207 28.3994596701755 5.913739408464878 
[20], 12, 5, 1, 0.001, 0.05, 1, False 1.817423574702331 44.875593836011625 4.967725243446519 0.13345703272397205 3.395693895290901 0.5572235498267716 
[15], 36, 10, 5, 0.001, 0.05, 1, False 1.4727831554659474 29.62240132345318 3.4425133423549426 0.049758258827920766 2.501232454992719 0.028800319113766563 
[30], 1, 5, 1, 0.001, 0.05, 1, False 4.5152950406212495 128.53682035948313 25.677536469541867 0.045645429296233754 1.8373767477308356 0.4758239482382421 
[5], 12, 1, 10, 0.001, 0.05, 1, False 2.9349365452856375 54.23395475225822 11.455076245407037 0.32157190097041083 9.023050435026947 1.945547749519428 
[5], 24, 5, 5, 0.001, 0.05, 1, False 1.47945907524166 39.810784358788716 3.3277635328394375 0.19678082269119337 7.337771121016274 0.7661608714956551 
[5], 12, 20, 1, 0.001, 0.05, 1, False 3.4781210772451705 97.02214167203591 16.649419537973003 0.6444163953395828 21.197178744185056 5.64308862264096 
[5], 24, 20, 1, 0.001, 0.05, 1, False 2.445660477231636 72.5644593655796 8.425354203315571 0.1716976713886363 6.290297163868002 1.2234232876181004 
[10], 1, 20, 1, 0.001, 0.05, 1, False 4.716493099879613 144.08737814526413 28.58668273110762 0.07041159503773566 4.419615787705484 0.5705416554284038 
[10], 12, 20, 1, 0.001, 0.05, 1, False 2.4710969060952603 63.28089141773012 8.786457487400076 0.29995932871345266 6.887360126537176 2.0550235197867797 
[15], 1, 15, 10, 0.001, 0.05, 1, False 2.6252213878315636 52.86427757487763 10.54833500636608 0.0598577799739423 0.5406034422401589 0.5075014768076384 
[30], 12, 5, 1, 0.001, 0.05, 1, False 1.9134682634155507 54.428035717636156 5.678681078079557 0.03818824069330324 5.212100702367416 0.36631147517697776 
[20], 24, 5, 1, 0.001, 0.05, 1, False 1.2158374021692133 33.70861926878873 2.329696539257926 0.07479639893822941 6.725831820607378 0.30801055393585874 
[20], 36, 5, 1, 0.001, 0.05, 1, False 1.3731759342360654 33.70652931540866 2.792158303203411 0.16200847035394145 6.087796810746817 0.3923816661720169 
[15], 24, 15, 10, 0.001, 0.05, 1, False 1.371395804288935 32.851765670669806 2.7149249440651047 0.06001331923588776 2.1810895780739834 0.24484881310406062 
[30], 36, 5, 5, 0.001, 0.05, 1, False 1.4128621768516798 32.77120525031731 3.0604435880818213 0.0941183669305483 1.40430598143496 0.47355578861668374 
[30], 24, 5, 5, 0.001, 0.05, 1, False 1.3386168577044308 30.410463679371215 2.6441479872623117 0.05628895051354813 4.457835189316222 0.4537574108822274 
[15], 36, 15, 10, 0.001, 0.05, 1, False 1.542965893367202 35.2189020973284 3.655403719870904 0.15802785888357088 6.356217666798308 0.6904469481213649 
[20], 12, 10, 5, 0.001, 0.05, 1, False 1.4999896697337842 40.15549608038004 3.391457848951475 0.16609156474311793 4.118812657779451 0.6213868294144567 
[10], 1, 5, 1, 0.001, 0.05, 1, False 4.353968057150229 124.89497318897513 23.84403305754221 0.08530554915599946 1.0151406117769213 0.5989476791517359 
[20], 1, 15, 10, 0.001, 0.05, 1, False 2.5534529211379033 51.98180775806359 10.002005953532954 0.11189110133292055 0.6563492743396144 0.94775293138881 
[20], 36, 10, 5, 0.001, 0.05, 1, False 1.4409823593032478 32.25901796415355 3.2673684969916033 0.2365140780012154 6.56735034945158 1.0063967145841006 
[30], 1, 10, 5, 0.001, 0.05, 1, False 2.7693146004134577 65.54270758878563 11.074319440868251 0.10894928057542339 2.755671820810168 0.7975353803158923 
[10], 36, 15, 10, 0.001, 0.05, 1, False 1.5568611629764308 36.117715169501096 3.850003268562516 0.08178351378357135 3.34158706764821 0.2897062815834152 
[5], 36, 5, 1, 0.001, 0.05, 1, False 1.7681718334917804 41.90211182259639 4.618960924678876 0.07094579373714748 3.3688886586133435 0.36227130076338465 
[15], 12, 15, 10, 0.001, 0.05, 1, False 1.446379063859651 48.09824715902223 3.2154417987110087 0.293835305884093 11.39993649401003 1.4280663610409767 
[5], 1, 5, 1, 0.001, 0.05, 1, False 4.273154119553941 121.21172982991716 23.20764428930505 0.09127672582817725 6.229024328854031 0.7641138084491225 
[5], 12, 5, 1, 0.001, 0.05, 1, False 3.085392579808831 85.1613627902751 13.542380088818666 0.5614303085967924 7.024022445956589 4.3740012651363065 
[20], 24, 10, 5, 0.001, 0.05, 1, False 1.2268848292840024 23.97599909944823 2.2195903191183297 0.03684276858033411 1.0348317808651928 0.04840948605189697 
[30], 12, 10, 5, 0.001, 0.05, 1, False 1.5999666269678903 48.02318900636343 3.991394279120223 0.12316713772408829 6.89539578989634 0.5573228081026295 
[15], 1, 20, 1, 0.001, 0.05, 1, False 4.673270456051386 139.5212295906406 27.76868473228104 0.05322051398978834 5.8599847959686 0.40328346938617554 
[5], 36, 10, 5, 0.001, 0.05, 1, False 1.6753903739053555 32.29382897546791 4.047994629567325 0.16098661027687275 2.2216520098803656 0.6949155762118897 
[15], 24, 20, 1, 0.001, 0.05, 1, False 1.3075236766133458 33.71806210782162 2.5277892665901147 0.16535727095684444 10.700522592631753 0.6306454456131196 
[20], 12, 15, 10, 0.001, 0.05, 1, False 1.308213949382857 43.39223073779686 2.7048451943804306 0.08244745615138882 2.358960922263501 0.4669110144455775 
[15], 36, 20, 1, 0.001, 0.05, 1, False 1.5288930256652682 28.990129547268424 3.568614396468773 0.19531842900980242 2.5154110635543656 1.054700508548756 
[5], 1, 10, 5, 0.001, 0.05, 1, False 4.011517099049633 109.24864299529467 20.980165326170596 0.5748792845618423 21.351763218755533 4.8988707269657485 
[20], 36, 15, 10, 0.001, 0.05, 1, False 1.5283217821563424 38.13382923026074 3.40178226078744 0.05843865844591319 0.4083356408138512 0.3605927309299168 
[20], 1, 20, 1, 0.001, 0.05, 1, False 4.657686199309926 141.75903813719924 27.802828809563334 0.13960551732590792 3.26930558913208 1.2274733485432068 
[10], 12, 5, 5, 0.001, 0.05, 1, False 2.244011613257505 54.45622461707037 7.301621315403768 0.45579231435638196 15.35356718202471 2.6241417624842396 
[20], 24, 15, 10, 0.001, 0.05, 1, False 1.4204258950754862 31.354457502647055 3.0540373677771444 0.0975117490063725 0.6628128028236338 0.3991229382658047 
[30], 12, 20, 5, 0.001, 0.05, 1, False 1.3861305045515848 45.4121242676662 3.159292930312151 0.04953801774684037 1.7413210811056286 0.200614188563483 
[30], 1, 15, 10, 0.001, 0.05, 1, False 2.5039762379153188 52.2171792190445 9.39998150762682 0.04607058058902329 0.44837044851826174 0.4289500097485946 
[30], 36, 20, 5, 0.001, 0.05, 1, False 1.4310415811983317 35.0452970059525 3.012378067492241 0.09086596527765442 2.6408564249208224 0.49591945162487633 
[10], 36, 20, 1, 0.001, 0.05, 1, False 1.6627445655249717 38.720354215249436 3.7625682217423946 0.31934051100665595 7.1165398941374685 1.2625327656315062 
[30], 24, 20, 5, 0.001, 0.05, 1, False 1.364714147430776 29.078960684449523 2.8609672307129124 0.05778412452390841 3.1709760639138933 0.1820629357934771 
[15], 12, 20, 1, 0.001, 0.05, 1, False 1.6537825378451358 50.445597148791016 4.342748561365242 0.07336217599521459 2.5069347597267626 0.3552536467991663 
[5], 1, 15, 10, 0.001, 0.05, 1, False 3.113062216024156 64.9422032352676 14.130592113700112 0.23399832948978247 1.8794765523712174 2.230046843416376 
[5], 36, 15, 10, 0.001, 0.05, 1, False 1.5184877873967508 30.248388653664183 3.6349034655044687 0.1940117580882974 2.023413794186393 1.0116642306368022 
[15], 24, 5, 5, 0.001, 0.05, 1, False 1.3112498693935644 30.076294708851318 2.5868836784389484 0.10135233822452841 4.230274749607775 0.3052989283031651 
[15], 1, 5, 5, 0.001, 0.05, 1, False 4.883540388845183 139.15643341872135 29.488042331084255 0.16611964145435384 7.070844901332851 1.834270214137848 
[30], 24, 10, 10, 0.001, 0.05, 1, False 1.4386237372066486 30.49048258440799 2.8215964407525376 0.032988619982438516 1.2490605396680003 0.17857453752859478 
[20], 12, 20, 1, 0.001, 0.05, 1, False 1.5380855887645373 47.8963967038376 3.9010755946349214 0.10101106014227997 2.8713355037629285 0.3877371240150937 
[10], 24, 20, 5, 0.001, 0.05, 1, False 1.5760033869779564 43.10323820976066 3.615729713915987 0.030924477896404557 10.047194598143637 0.14641494350877649 
[10], 24, 10, 10, 0.001, 0.05, 1, False 1.2755173768503247 30.157558937656322 2.467540897759428 0.13696690951292428 4.201722523315343 0.5002026625272318 
[30], 36, 10, 10, 0.001, 0.05, 1, False 1.522372099002651 34.463187787472584 3.4494135275204374 0.07247811373486963 2.7800235772181745 0.20383609832975652 
[20], 36, 20, 1, 0.001, 0.05, 1, False 1.5169382006973375 33.36116357248233 3.4952977731298045 0.03918251971367362 4.41255961683742 0.14270761034858342 
[10], 36, 5, 5, 0.001, 0.05, 1, False 1.4716557306925235 27.615182880111607 3.46644862885001 0.19426849360088128 5.0287697303853784 0.9583811090873972 
[20], 24, 20, 1, 0.001, 0.05, 1, False 1.4676291553320846 45.943077934138536 3.226906575775962 0.2552126028584953 11.669395003433806 1.0838531268628404 
[20], 1, 5, 5, 0.001, 0.05, 1, False 4.89025199888619 143.80263510334245 29.910512755031334 0.20365753500979047 10.824645062357273 2.453298841633797 
[30], 1, 20, 1, 0.001, 0.05, 1, False 4.588828553024817 129.62112723446987 26.228336611456626 0.08478558574665734 5.864834718013192 0.9859746249672253 
[15], 12, 5, 5, 0.001, 0.05, 1, False 2.2354356390613788 61.2240144675255 7.2367862159997935 0.17219990207403663 10.187053909101284 0.7639736307361363 
[15], 36, 5, 5, 0.001, 0.05, 1, False 1.53748620785083 31.77228215981968 3.747553630828109 0.10280981780386005 2.451879942867261 0.49778829131733837 
[5], 1, 20, 1, 0.001, 0.05, 1, False 4.831112022173625 150.03462561738047 29.848925679449085 0.0861162880013727 1.1162192529509352 0.7199021166530299 
[5], 24, 20, 5, 0.001, 0.05, 1, False 1.568603304133716 35.76018095999779 3.741085951437983 0.27726701556506406 14.279323538407082 1.1795003582953103 
[5], 12, 20, 5, 0.001, 0.05, 1, False 1.3782663501868093 33.7258308870937 3.0370209980426552 0.2296179114905105 3.3888907617696047 0.944595204849849 
[5], 24, 10, 10, 0.001, 0.05, 1, False 1.3215190419789271 35.550209003782136 2.613714107839677 0.026636872587579897 2.192976556997347 0.22206892901640968 
[20], 12, 5, 5, 0.001, 0.05, 1, False 1.817231086346631 52.49870867885942 5.069811895786553 0.08054649465365767 4.3542449693251895 0.31009953321119105 
[30], 1, 5, 5, 0.001, 0.05, 1, False 4.873947123852041 144.24977734921765 29.709003621033883 0.08489347686877188 6.423741172777914 1.0222027600459191 
[5], 36, 20, 1, 0.001, 0.05, 1, False 1.8488815137499912 45.47966398287448 5.138308292343187 0.3651369646878462 9.009663261629795 1.6470870870033043 
[5], 12, 10, 10, 0.001, 0.05, 1, False 2.153579256555962 59.22238628436016 7.021637877824045 0.510109602706636 15.134923285061793 2.8523239426198996 
[10], 24, 15, 1, 0.001, 0.05, 1, False 1.4640778113639465 42.58594938166252 3.229112184182578 0.05061927889844609 2.6841282452892643 0.34247161588696656 
[30], 24, 15, 1, 0.001, 0.05, 1, False 1.1408628397440124 28.26116024920063 1.8891691122679861 0.08771059756325257 4.635994754732725 0.28771464110086015 
[30], 12, 5, 5, 0.001, 0.05, 1, False 1.9656008545102344 57.04393736840141 5.795538507706169 0.0980820169443625 5.870096259869765 0.4356653014579508 
[20], 24, 5, 5, 0.001, 0.05, 1, False 1.2842062268677792 25.94211117969402 2.570070286701902 0.13409583023920285 2.3378258819126216 0.6394568533376224 
[20], 36, 5, 5, 0.001, 0.05, 1, False 1.504085014868286 31.935082014036723 3.584900139996655 0.06677063768470327 1.3549381817809643 0.18240810791431136 
[30], 36, 15, 1, 0.001, 0.05, 1, False 1.297012153482582 23.9786527020581 2.7187011280719084 0.09079868344206188 2.726680344182136 0.2784825358608851 
[10], 12, 20, 5, 0.001, 0.05, 1, False 1.490933293737126 39.736911068608805 3.4948110469809666 0.07853761616193658 5.933717655963625 0.2553263183483464 
[10], 1, 20, 5, 0.001, 0.05, 1, False 3.6044393027408255 74.54676464318227 18.58652426397784 0.3587038491415345 10.635188259105893 2.8641378271587996 
[10], 1, 5, 5, 0.001, 0.05, 1, False 5.177243238825489 145.04945160541 33.02795090954158 0.597238614964298 18.104359925072742 7.136880379726727 
[5], 36, 5, 5, 0.001, 0.05, 1, False 1.7316352348041681 39.12016872513761 4.797817378595865 0.18246417160457687 2.535636150393509 0.8764523775199787 
[5], 1, 5, 5, 0.001, 0.05, 1, False 4.548369418746895 125.83571535617597 25.80808866953842 0.041653113693590774 3.6748625837693067 0.6311358969257888 
[5], 12, 5, 5, 0.001, 0.05, 1, False 2.0970597366371226 45.317081651081274 6.854415830169281 0.2827933530892691 10.801535502859615 1.7609153818392596 
[10], 1, 10, 10, 0.001, 0.05, 1, False 2.9648480032053257 61.01349142192284 13.111508955740339 0.08838658543345414 1.3240536540827463 0.7465744088125676 
[5], 24, 15, 1, 0.001, 0.05, 1, False 1.788441290816775 53.45305534846678 5.224623274027177 0.15560981187337952 4.915086006373261 0.7836645856889005 
[10], 12, 10, 10, 0.001, 0.05, 1, False 1.5704990738537161 47.42831875001664 3.7871378910325952 0.33352868489694437 14.84731438670941 1.5545072809300555 
[5], 12, 15, 1, 0.001, 0.05, 1, False 3.129425944436204 83.63633092188455 13.35399879458572 0.6198690836494583 15.876501959193325 4.795440696028593 
[15], 1, 20, 5, 0.001, 0.05, 1, False 3.089049310758021 63.230166963555355 14.17958271913978 0.14613662186311474 2.3304070820140055 1.5173537927354912 
[10], 36, 10, 10, 0.001, 0.05, 1, False 1.5522666727205638 32.16418360469262 3.9192240215910084 0.19171823618489775 6.166679725660243 1.1080884717215076 
[15], 24, 20, 5, 0.001, 0.05, 1, False 1.4638023779787883 28.27526057276251 3.1829333414847043 0.0473059262932541 3.6002717581056007 0.21760511867672805 
[15], 12, 10, 10, 0.001, 0.05, 1, False 1.503106188060095 47.82051390824941 3.595462973028848 0.13822792947931542 6.014568527144316 0.5552345657667045 
[20], 1, 20, 5, 0.001, 0.05, 1, False 2.830298993481255 58.918437011594015 12.09245068234391 0.24063044517690646 2.9040875647390867 2.042942880399021 
[15], 36, 20, 5, 0.001, 0.05, 1, False 1.4134594965251852 29.28183610083464 3.079657251381464 0.07404202783560505 3.102338668823115 0.20659714305222884 
[20], 1, 10, 10, 0.001, 0.05, 1, False 2.670277397131064 57.17820487909882 10.52035125726804 0.084529003251383 1.931547016999487 0.783010204489306 
[10], 1, 15, 1, 0.001, 0.05, 1, False 4.786539017250416 140.81731855995054 28.561292117686204 0.06913232099180165 4.154045519882128 0.8298879433219287 
[15], 24, 10, 10, 0.001, 0.05, 1, False 1.3884367520731222 27.993241715740822 2.9714038851110964 0.02198304284059071 1.7043448921933684 0.2844540409676602 
[15], 12, 20, 5, 0.001, 0.05, 1, False 1.525739724651255 49.10602454090638 3.8667100063754325 0.19287567052915267 7.737066040836524 0.9503965007892423 
[10], 12, 15, 1, 0.001, 0.05, 1, False 1.6944841276388616 44.26741322201033 4.412964297480734 0.31758319900639354 6.150112192860976 1.4363948063016245 
[10], 36, 20, 5, 0.001, 0.05, 1, False 1.5166744646167867 39.485044328788845 3.4459936328296 0.10421477421285817 2.046825580004659 0.46511851927817 
[15], 1, 10, 10, 0.001, 0.05, 1, False 2.666440483779405 58.45628767698142 10.48185398847293 0.08267260345264457 2.5320828186352884 0.618109471866018 
[15], 36, 10, 10, 0.001, 0.05, 1, False 1.6141030127622396 38.3049819610882 4.124285918771348 0.0924795598870477 2.88205562806312 0.5292009146627864 
[30], 12, 20, 10, 0.001, 0.05, 1, False 1.5431282206921388 52.28987337291347 3.8029489552259386 0.07549395760506857 2.6711187371677547 0.28514327650881344 
[10], 36, 15, 1, 0.001, 0.05, 1, False 1.7646408391098871 39.823812759495645 4.569766765465038 0.29049219791077285 6.40769062176428 1.3506709098791763 
[20], 12, 20, 5, 0.001, 0.05, 1, False 1.438071158326541 45.56613093886309 3.268571794684675 0.1557464084299429 9.013248485280114 0.6383514742415937 
[15], 12, 15, 1, 0.001, 0.05, 1, False 1.3543421522196795 39.78950839500198 3.049274160227713 0.2128148478861133 9.630090558572013 0.7822244332472177 
[20], 36, 20, 5, 0.001, 0.05, 1, False 1.3138580137061784 28.06065650802867 2.7387125734563917 0.01684248474617864 1.6078603944675114 0.08708600836297171 
[20], 24, 20, 5, 0.001, 0.05, 1, False 1.5036854563556892 35.771276718403556 3.327618444596544 0.1791619196640594 8.528874867740836 0.9184858519627701 
[20], 12, 10, 10, 0.001, 0.05, 1, False 1.562793068322181 52.04828473889872 3.8781412545507457 0.19211974800844683 11.511023897040737 0.9541440921770539 
[20], 1, 15, 1, 0.001, 0.05, 1, False 4.716511282511056 138.2322240377212 27.959519159866247 0.059467689463745935 8.657697234120056 1.0688451274209794 
[15], 24, 15, 1, 0.001, 0.05, 1, False 1.4129568810729929 43.03291988563449 3.0312531733403314 0.24688705618117782 10.59214348401511 1.1077907558077913 
[30], 1, 20, 5, 0.001, 0.05, 1, False 2.702477564052161 56.30129248768937 11.074488341224766 0.08265195827188809 1.3876443393343196 0.6805137256072189 
[5], 1, 20, 5, 0.001, 0.05, 1, False 4.238245953978211 100.0802821663679 23.695385114554238 0.48746292418717097 13.564881241983633 4.421515483722512 
[30], 36, 20, 10, 0.001, 0.05, 1, False 1.547148149489874 37.892611754212574 3.503001569355316 0.04799510782189496 6.453783863675906 0.11860355098225185 
[20], 36, 10, 10, 0.001, 0.05, 1, False 1.521858745694799 32.73102619032306 3.660158261645618 0.1059893066900659 2.8774997004196066 0.5086960037445463 
[30], 1, 10, 10, 0.001, 0.05, 1, False 2.568443168165093 56.369624662567475 9.648169578242133 0.02075520849945008 0.5938954659664069 0.19470799471473196 
[30], 24, 20, 10, 0.001, 0.05, 1, False 1.3933971793770237 28.473890879245786 2.901724606002879 0.04259970998288144 1.0092867623242958 0.3571266502165625 
[5], 36, 20, 5, 0.001, 0.05, 1, False 1.5774450133002744 31.204127470836294 3.7294407000997594 0.09685263795016559 0.8658743781760811 0.5079139512312519 
[15], 36, 15, 1, 0.001, 0.05, 1, False 1.3086301669055873 28.127008456247534 2.4745027850620214 0.1315989500923335 2.775356711141039 0.5487823182801563 
[15], 1, 15, 1, 0.001, 0.05, 1, False 4.809603384033674 143.58170812827657 28.967381507733165 0.07607463414419494 2.1087420729607533 0.7641361194215942 
[20], 24, 10, 10, 0.001, 0.05, 1, False 1.4209147445486723 26.929543503510583 3.064132614014442 0.09085358924530403 1.757233293646266 0.3160665586334356 
[5], 36, 10, 10, 0.001, 0.05, 1, False 1.6860883460647464 34.37374096072798 4.201229205042139 0.16531934501884857 4.721741082071893 0.7962461855192603 
[20], 12, 15, 1, 0.001, 0.05, 1, False 1.2487722576751061 36.67964996635286 2.4066528864990024 0.06075244389838474 1.2248718939787542 0.34827140823379515 
[30], 12, 10, 10, 0.001, 0.05, 1, False 1.548164958137743 52.1315734231731 3.8207535861786113 0.07631455194209574 3.824166918515972 0.3851849372371448 
[10], 24, 20, 10, 0.001, 0.05, 1, False 1.6307353810151215 43.60610653431812 3.920777106383196 0.02306344768657487 2.068434246470887 0.2161709958299265 
[20], 36, 15, 1, 0.001, 0.05, 1, False 1.1390361553696156 22.44641647247282 2.060213641527319 0.08804070716600436 2.356978154935555 0.4070981878227637 
[30], 1, 15, 1, 0.001, 0.05, 1, False 4.462396582926589 123.99829425467648 24.757139185227913 0.1364214052105545 5.725998540669795 1.4267341370915865 
[20], 24, 15, 1, 0.001, 0.05, 1, False 1.3593429043112948 39.02218116311666 2.81059675706692 0.1675943302446282 8.32862929046254 0.8422204555378184 
[5], 1, 10, 10, 0.001, 0.05, 1, False 3.956045149521971 97.48227793653217 21.111430162389702 0.8503025482118521 23.88665401396494 7.223960154416178 
[5], 12, 20, 10, 0.001, 0.05, 1, False 1.593396017146814 35.82087646141077 3.888458715256378 0.11856530424189021 8.011857952854372 0.5023732644408105 
[5], 36, 15, 1, 0.001, 0.05, 1, False 1.9071175977139287 49.259503022412694 5.5835169652118255 0.47435632577652753 17.376267598009214 2.447532596745978 
[30], 12, 15, 1, 0.001, 0.05, 1, False 1.2904051901841607 39.75333942170084 2.4601339489302334 0.09742528439131246 4.886858616086407 0.48634895315877175 
[5], 24, 20, 10, 0.001, 0.05, 1, False 1.2952099848883567 30.577993930146267 2.5061093774752026 0.12789888834255358 1.2353632875100429 0.34200412462041735 
[5], 1, 15, 1, 0.001, 0.05, 1, False 4.804761502684819 155.0151951209335 30.46463391734604 0.05786904683287047 5.004664393521825 0.96401083140734 
[10], 12, 20, 10, 0.001, 0.05, 1, False 1.5486768810457932 52.277278358205685 3.8197631111746735 0.05949479202634888 0.7912335780952456 0.2608954984085322 
[10], 1, 20, 10, 0.001, 0.05, 1, False 2.7856104266329638 58.95086302779462 11.422213823201183 0.22981356398661032 6.077030043932129 1.9561134493135757 
[30], 1, 20, 10, 0.001, 0.05, 1, False 2.5718954979890474 55.84058381323342 9.715063881488023 0.07092689203799583 1.1953851723011817 0.7178999400852434 
[20], 36, 20, 10, 0.001, 0.05, 1, False 1.4817682252300006 34.49571782047342 3.320497918857125 0.09772965955276516 2.4763883953379895 0.3955690321756414 
[20], 12, 20, 10, 0.001, 0.05, 1, False 1.5075361901066369 49.34094898371753 3.4500695738353393 0.025892246480221773 4.306456755121019 0.020020236390188174 
[20], 24, 20, 10, 0.001, 0.05, 1, False 1.4512563613316702 31.887856358795016 3.365700260183475 0.11605389361157117 2.403870325079102 0.4366916553603484 
[15], 1, 20, 10, 0.001, 0.05, 1, False 2.7717616395886844 56.773801243129306 11.30612987005606 0.09305327065950625 0.2332917764186568 0.9202435823458841 
[5], 36, 20, 10, 0.001, 0.05, 1, False 1.560271581088158 30.901241463803785 3.893756686341573 0.142210253060854 6.438896151725609 0.7431050629720132 
[15], 24, 20, 10, 0.001, 0.05, 1, False 1.5143817220564448 32.17293505563857 3.5315503968085107 0.15412761985854742 4.300191498177029 0.7739107313759588 
[20], 1, 20, 10, 0.001, 0.05, 1, False 2.753576046983815 56.7326375389693 11.19172439594748 0.07816340671969997 0.8464220966689164 0.931187461843746 
[5], 1, 20, 10, 0.001, 0.05, 1, False 2.970353315915499 64.53128251206526 12.985956145505995 0.49057418383275914 10.918432160785523 4.077325765163278 
[15], 36, 20, 10, 0.001, 0.05, 1, False 1.5136850323941975 36.65603473788576 3.4834010401547317 0.09710994319228536 2.1233936261334665 0.6253426828906907 
[10], 36, 20, 10, 0.001, 0.05, 1, False 1.5722117096694463 39.91037051205715 3.6261000207459286 0.22866484932255365 10.343426396152354 1.205432971694331 
[15], 12, 20, 10, 0.001, 0.05, 1, False 1.4711974405373134 49.98132368646744 3.445906903070258 0.1178353422984923 5.180149748273334 0.5244668118268144 
