layers lag time_steps epochs l2 learning_rate mean_mae                         mean_mape mean_mse std mae std_mape std_mse 
[5], 1, 1, 1, 0.001, 0.05, 1, False 3.4313764995330494 52.47993265338133 19.221747137202907 1.0729129301901466 8.017585077245526 10.816577209800446 
[5], 12, 1, 1, 0.001, 0.05, 1, False 2.74211647846667 51.62799565731465 11.631093329306523 0.14951491552211474 4.216823924303562 0.9106478298427978 
[5], 1, 15, 5, 0.001, 0.05, 1, False 2.5908904692296075 50.03274002949868 10.405929194375231 0.022902867752451043 2.2592358016009575 0.13417081206450376 
[5], 24, 1, 1, 0.001, 0.05, 1, False 4.206667007228652 65.34514880259206 28.02989535232932 2.0590227662363394 29.193736941832466 23.36647727887265 
[5], 1, 1, 5, 0.001, 0.05, 1, False 4.137106588567366 56.42459518729239 25.355538847231504 0.6022726917051239 3.6385825712004327 6.923357472182095 
[10], 1, 1, 1, 0.001, 0.05, 1, False 3.6120063964191265 55.06551024108516 18.455307537255873 0.20713425530007465 0.7261976844805506 2.2857736594821527 
[5], 12, 1, 5, 0.001, 0.05, 1, False 4.403995905153418 67.85797788917984 31.4260215306976 1.6419575005387714 13.669692577075297 22.505465962282393 
[5], 36, 1, 1, 0.001, 0.05, 1, False 2.5432607081270326 42.60853710383105 10.676313027497004 0.3799853266099859 7.641524664517517 2.038862378207753 
[10], 12, 1, 1, 0.001, 0.05, 1, False 2.8349950834160182 49.46822167790655 12.280804777834327 0.10676709938308769 2.5711854433917147 0.4532346836130376 
[5], 12, 15, 5, 0.001, 0.05, 1, False 2.654511655742924 56.17426767507464 10.240288695516442 0.061121312347545344 2.5749614527009235 0.20072706352712108 
