lags time_steps dense_nodes lstm_nodes processed scales                        epochs l2 learning_rate mean_mae mean_mape mean_mse                         std mae std_mape std_mse 
[1, 24], [24, 5], [1, 5], [20, 20], [0, 1], 1, 0.001, 1, False, False 2.035870505262304 55.994068380108466 6.333437753323454 0.02340436733737779 0.28058142571348604 0.0648449415573451 
[1, 24], [24, 1], [1, 5], [10, 10], [0, 1], 1, 0.001, 1, False, False 2.061463332176208 56.901879271506395 6.54804752446264 0.012767893856362818 0.4018257197653835 0.1041387373237143 
[1, 24], [24, 5], [1, 10], [10, 10], [0, 1], 5, 0.001, 1, False, False 1.572751281134508 44.41582151453553 4.454696003223144 0.1669493268343022 4.152150371630606 0.48840565733270264 
[1, 24], [24, 1], [1, 5], [20, 20], [0, 1], 5, 0.001, 1, False, False 1.7241268509791956 49.01703755560854 4.949675663130027 0.05546553772470793 1.3322944907081564 0.16932643278842502 
[1, 24], [24, 15], [1, 10], [20, 20], [0, 1], 1, 0.001, 1, False, False 2.0200024860324683 55.54289427708232 6.211267033156819 0.045605435268717076 0.8262798257116051 0.2038631041474802 
[1, 24], [24, 10], [1, 10], [10, 10], [0, 1], 1, 0.001, 1, False, False 2.0170374999167744 56.09659411944131 6.332797680188636 0.04357585819043729 1.0459556200790017 0.23173755504848234 
[1, 24], [24, 1], [1, 5], [10, 10], [0, 1], 5, 0.001, 1, False, False 1.693438008924325 47.882405508468906 4.737231451612915 0.12548047220841896 3.2009232231532265 0.5350129958637482 
[1, 24], [24, 5], [1, 5], [20, 20], [0, 1], 5, 0.001, 1, False, False 1.7709993160709185 48.093353843350705 5.011638374233134 0.07407900503408577 3.3897339511774027 0.49717158861015254 
[1, 24], [24, 5], [1, 5], [10, 10], [1], 1, 0.001, 1, False, False 2.0388196309131605 56.73386819342141 6.4924791726975775 0.013238222383153931 0.13341581901435343 0.03452865680979662 
[1, 24], [24, 10], [1, 5], [20, 20], [1], 1, 0.001, 1, False, False 2.0337785418938705 56.26932547758175 6.397122682132142 0.005957265050261341 0.22274908017585487 0.03720796887605481 
[1, 24], [24, 1], [1, 10], [10, 10], [0, 1], 10, 0.001, 1, False, False 1.5364666734304697 40.3214637069853 4.657146635021029 0.049958996882192075 0.31765572761547506 0.2502678455178795 
[1, 24], [24, 5], [1, 5], [20, 20], [1], 5, 0.001, 1, False, False 1.7448809599158939 47.60069249277925 4.855274221452782 0.17496896808085344 5.506871585677951 0.8918375345957915 
[1, 24], [24, 5], [1, 5], [10, 10], [1], 5, 0.001, 1, False, False 1.7165031183924937 47.1477868394432 4.648183834042441 0.12291097751624579 3.160896554495163 0.5946016313051535 
[1, 24], [24, 10], [1, 5], [20, 20], [1], 5, 0.001, 1, False, False 1.7294553726083703 46.77624854399888 4.747290477156401 0.1586375224312477 4.609575709414815 0.6246896966392776 
[1, 24], [24, 10], [1, 10], [20, 20], [0, 1], 5, 0.001, 1, False, False 1.605486178011806 43.8518504673367 4.369054764215316 0.04210973237449511 0.7826017547865834 0.15067558546992552 
[1, 24], [24, 15], [1, 10], [10, 10], [1], 1, 0.001, 1, False, False 2.0068747551076944 55.31501119120526 6.138271307679223 0.045290515402617 0.4074603856332959 0.08528210307989788 
[1, 24], [24, 10], [1, 10], [10, 10], [1], 5, 0.001, 1, False, False 1.523576391764261 42.452064032178704 3.981781068816696 0.0924191108843501 2.6870158136297606 0.30451175051758084 
[1, 24], [24, 5], [1, 10], [10, 10], [1], 10, 0.001, 1, False, False 1.5104727297469427 37.386953525028964 4.0990004488585505 0.08741972259147632 2.07568274997955 0.35847625148679013 
[1, 24], [24, 15], [1, 10], [20, 20], [0, 1], 5, 0.001, 1, False, False 1.5160319623571858 40.67787324288981 4.070848909624861 0.020163990993314597 0.7429570938376526 0.11717263066702943 
[1, 24], [24, 10], [1, 10], [10, 10], [0, 1], 5, 0.001, 1, False, False 1.5714106720354823 42.010691050176604 4.2123152676090285 0.09222443443614002 2.901327517018505 0.3438052482676999 
[1, 24], [24, 5], [1, 10], [20, 20], [0, 1], 10, 0.001, 1, False, False 1.6396695968315562 41.4670331992077 4.6679730591538044 0.050997678025553606 0.36971912976449195 0.16191222541413192 
[1, 24], [24, 10], [1, 10], [20, 20], [1], 10, 0.001, 1, False, False 1.6089596727931943 40.17097302770074 4.486206133364642 0.06798246237721724 1.2066737066581938 0.2652156415451127 
[1, 24], [24, 15], [1, 10], [20, 20], [1], 5, 0.001, 1, False, False 1.7084960361321766 44.1758901545482 4.685136848878899 0.22506548194142484 5.212059954344942 0.9959097401050294 
[1, 24], [24, 5], [1, 5], [20, 20], [1], 10, 0.001, 1, False, False 1.6300045703434283 39.85482931293735 4.40024152453002 0.14948303530970533 3.200551347911523 0.6665955118457757 
[1, 24], [24, 5], [1, 10], [10, 10], [0, 1], 10, 0.001, 1, False, False 1.6084349422957065 41.51604686794004 4.901128857358635 0.05481512637394832 0.6329148727652285 0.2028887849377132 
[1, 24], [24, 1], [1, 5], [20, 20], [0, 1], 10, 0.001, 1, False, False 1.6378349612708452 43.48194033450367 4.781756267346677 0.09768888436755485 2.893720261524617 0.351570868310149 
[1, 24], [24, 15], [1, 10], [10, 10], [1], 5, 0.001, 1, False, False 1.5452587378797709 41.42767351236196 4.100324641161934 0.1371919335774492 2.781378922310442 0.4967552440519731 
[1, 24], [24, 1], [1, 5], [10, 10], [0, 1], 10, 0.001, 1, False, False 1.4825790517859991 41.713597290129286 4.154752407005034 0.030625268827562193 2.048571600807432 0.13835101731604765 
[1, 24], [24, 5], [1, 5], [10, 10], [1], 10, 0.001, 1, False, False 1.614585842468121 40.11718385604203 4.48711639787054 0.05411536816524334 1.3062033467908905 0.41390665359766327 
[1, 24], [24, 10], [1, 5], [20, 20], [1], 10, 0.001, 1, False, False 1.4889135541463345 38.411020998512505 4.273397020011171 0.06611541167699407 2.1779218677770937 0.4007527318150202 
[1, 24], [24, 5], [1, 5], [20, 20], [0, 1], 10, 0.001, 1, False, False 1.5300961165792415 40.55004255721932 4.31229170628027 0.0988152982370378 0.8128213741784183 0.2707497865866175 
[1, 24], [24, 1], [1, 10], [20, 20], [1], 1, 0.001, 1, False, False 1.9708152382462112 55.07006307218324 6.106886582007479 0.045466321019157326 0.9820035507646301 0.2212205715422994 
[1, 24], [24, 5], [1, 10], [20, 20], [1], 20, 0.001, 1, False, False 1.8264758695882788 44.42594071188763 5.504117268046605 0.028837226171185178 0.4533919339327491 0.1337928444992207 
[1, 24], [24, 10], [1, 10], [10, 10], [1], 10, 0.001, 1, False, False 1.6463314020385347 40.19509071003651 4.587788891317771 0.06818167354055142 1.4851102909366993 0.23450073521837636 
[1, 24], [24, 1], [1, 5], [10, 10], [1], 10, 0.001, 1, False, False 1.5015508514863478 39.86165886706734 4.2154905048141265 0.04271878242522796 0.6156269270475626 0.2986142697998713 
[1, 24], [24, 10], [1, 5], [10, 10], [1], 1, 0.001, 1, False, False 2.011077447925453 56.25161600662744 6.363417952594593 0.026329271144613035 0.8683720671245504 0.18192232618606174 
[1, 24], [24, 1], [1, 10], [20, 20], [0, 1], 20, 0.001, 1, False, False 1.8493741528579486 45.69456356300457 5.689817974284385 0.01845899646145675 1.4983622468836517 0.15602488941192375 
[1, 24], [24, 1], [1, 10], [20, 20], [1], 5, 0.001, 1, False, False 1.541109005996475 42.743268135921255 4.063005966987159 0.057368393312589916 1.1615953160873322 0.19313859233908487 
[1, 24, 48], [24, 1, 1], [1, 10, 10], [10, 10, 10], [0, 1, 2], 1, 0.001, 1, False, False 1.9466531844326742 54.52058526445902 5.990633760893007 0.033942152074714356 1.031299762947482 0.24878261600966245 
[1, 24], [24, 15], [1, 5], [10, 10], [0, 1], 10, 0.001, 1, False, False 1.5809164683300037 40.73346420975532 4.425627662929293 0.16282233582935507 2.7258771700286477 0.6670005826033689 
[1, 24], [24, 5], [1, 5], [10, 10], [0, 1], 1, 0.001, 1, False, False 2.031776870428412 56.17552604837457 6.373536840578645 0.022717914082296852 0.4246825752591357 0.09164599452961372 
[1, 24], [24, 10], [1, 5], [10, 10], [1], 5, 0.001, 1, False, False 1.8176863796457094 49.94389423235168 5.148807539863671 0.028563805941925167 1.575513881825954 0.21576657792269016 
[1, 24], [24, 1], [1, 10], [20, 20], [1], 10, 0.001, 1, False, False 1.629352288569014 41.38532633355913 4.797109727349764 0.01672281408877683 0.8837373231941045 0.10352515664799225 
[1, 24], [24, 1], [1, 5], [20, 20], [1], 20, 0.001, 1, False, False 1.7818960653135079 44.21271721313379 5.5591894227308245 0.13043842078198625 1.0737244088504805 0.49308280620822437 
[1, 24, 48], [24, 10, 1], [1, 5, 5], [10, 10, 10], [0, 1, 2], 1, 0.001, 1, False, False 2.020075280053748 56.04425560526323 6.3176989579879566 0.016300099102789553 0.34483491739586086 0.07021159616705189 
[1, 24, 48], [24, 5, 1], [1, 10, 10], [20, 20, 20], [0, 1, 2], 1, 0.001, 1, False, False 2.030930177177544 56.30633296501818 6.367614006787096 0.01581256507106963 0.10924524549377822 0.05411697349147489 
[1, 24, 48], [24, 15, 1], [1, 5, 5], [20, 20, 20], [0, 1, 2], 1, 0.001, 1, False, False 2.0129586356105627 55.89314361688022 6.286889739732288 0.012770674117927603 0.36066807652456273 0.07047135927338351 
[1, 24, 48], [24, 15, 5], [1, 10, 10], [10, 10, 10], [0, 1, 2], 1, 0.001, 1, False, False 2.0040747833472707 55.1995837746911 6.130009253404179 0.0055653629609455696 0.146865988706424 0.042713259202531766 
[1, 24], [24, 1], [1, 10], [10, 10], [1], 1, 0.001, 1, False, False 2.0220723769179094 56.67541884997664 6.463168883933812 0.029176187432642376 0.5629069836728292 0.1445074204396575 
[1, 24], [24, 5], [1, 10], [10, 10], [1], 20, 0.001, 1, False, False 1.8768006215768835 45.4540640345015 5.566333574223225 0.06190961534467547 1.081013083412872 0.25943467737363096 
[1, 24], [24, 15], [1, 10], [20, 20], [1], 10, 0.001, 1, False, False 1.664366737587585 41.3887622447785 4.503757713043978 0.043042695925193684 0.8572423034036707 0.08767417641101174 
[1, 24], [24, 5], [1, 10], [20, 20], [1], 1, 0.001, 1, False, False 2.0022388519236336 55.663699133607594 6.1898808255969415 0.04829929933935683 0.8952529404257443 0.27385752493316384 
[1, 24], [24, 15], [1, 10], [10, 10], [1], 10, 0.001, 1, False, False 1.571338103780592 39.135884211890335 4.177822939506579 0.06780304661188259 1.6672454161253372 0.2797352072839048 
[1, 24], [24, 10], [1, 5], [10, 10], [0, 1], 20, 0.001, 1, False, False 1.6168229233473543 40.99940333341297 4.579728464331226 0.09578098567502263 1.2949358853020008 0.2653082317725581 
[1, 24], [24, 1], [1, 10], [10, 10], [1], 5, 0.001, 1, False, False 1.4865902688492227 42.90808142031074 4.202035701071506 0.06579621374649743 1.799739729541518 0.17817047140254608 
[1, 24], [24, 1], [1, 5], [10, 10], [1], 20, 0.001, 1, False, False 1.6586458009426248 40.545656948806915 4.915591529077363 0.056204234598085406 1.4889003747795906 0.13667949164069096 
[1, 24], [24, 5], [1, 5], [10, 10], [0, 1], 5, 0.001, 1, False, False 1.8162891466584472 50.11548620217338 5.203523508315872 0.06405775756148066 2.3653656250686246 0.4011417738261208 
[1, 24], [24, 10], [1, 10], [20, 20], [1], 20, 0.001, 1, False, False 1.7950362410396343 42.93360114420144 5.042544977735016 0.03461781346178823 0.8563452177438644 0.08574265381298411 
[1, 24, 48], [24, 1, 1], [1, 10, 10], [20, 20, 20], [0, 1, 2], 5, 0.001, 1, False, False 1.6657803940552256 42.119597004080696 4.800275049814105 0.08990408933772577 1.6988942214442708 0.5274413289615556 
[1, 24], [24, 1], [1, 5], [20, 20], [1], 1, 0.001, 1, False, False 2.016090701575633 56.26190382261668 6.378615471656624 0.011341212416725449 0.2938208539948615 0.07175389027481623 
[1, 24], [24, 10], [1, 5], [20, 20], [0, 1], 1, 0.001, 1, False, False 2.022611106545837 56.09000033878993 6.353060397246395 0.012842580633237568 0.5489215325756454 0.1271768407222315 
[1, 24], [24, 15], [1, 5], [10, 10], [1], 1, 0.001, 1, False, False 2.0485601424619 56.815813036020934 6.474683852968359 0.024810763257940543 0.4309249720559624 0.1060085043331175 
[1, 24], [24, 10], [1, 10], [20, 20], [0, 1], 10, 0.001, 1, False, False 1.6065647644715186 41.10806131654916 4.587578253255863 0.04133171566857197 1.6684006919020098 0.3408223651485698 
[1, 24], [24, 15], [1, 5], [10, 10], [1], 20, 0.001, 1, False, False 1.6998145516961818 41.79297294015712 4.680980312557874 0.12092191805341822 1.8628475779497835 0.302911331339216 
[1, 24], [24, 5], [1, 5], [20, 20], [1], 20, 0.001, 1, False, False 1.7804651200081467 43.200854238948416 4.9058100730896115 0.1548909111840708 2.2576968679463523 0.7611751183118031 
[1, 24, 48], [24, 15, 15], [1, 10, 10], [20, 20, 20], [0, 1, 2], 1, 0.001, 1, False, False 1.9845634424576055 54.93585962960146 6.086921816283866 0.0387778811091839 0.9896545853995109 0.22059729847633264 
[1, 24], [24, 15], [1, 5], [20, 20], [1], 1, 0.001, 1, False, False 2.037870821825884 55.68766743384577 6.275075668918461 0.09038164039760588 2.1576861228801145 0.49932072416697526 
[1, 24], [24, 5], [1, 10], [20, 20], [1], 5, 0.001, 1, False, False 1.5387030740578969 41.91972324367924 4.249089980696866 0.0918956070725125 2.1923971735935393 0.3925279451084438 
[1, 24], [24, 5], [1, 10], [10, 10], [1], 1, 0.001, 1, False, False 2.023097700846416 56.30586599557083 6.386121877261963 0.02529794221225737 0.6916384569141985 0.16473026140292404 
[1, 24], [24, 10], [1, 5], [10, 10], [1], 10, 0.001, 1, False, False 1.4458458803042218 37.36919919313696 3.70277933198834 0.030539714038045247 0.5738421613468679 0.06956516120856672 
[1, 24], [24, 5], [1, 5], [10, 10], [1], 20, 0.001, 1, False, False 1.6848166627740426 41.505002011610685 4.700419761966611 0.14831221436306258 3.9658023053322253 0.6263002032854009 
[1, 24, 48], [24, 1, 1], [1, 10, 10], [10, 10, 10], [0, 1, 2], 5, 0.001, 1, False, False 1.678107662305788 41.1710708651507 4.823906346867869 0.052284215878834646 0.6854080093296167 0.11016366736952032 
[1, 24], [24, 1], [1, 5], [20, 20], [1], 5, 0.001, 1, False, False 1.801209960188027 50.51183799221053 5.323969396468332 0.24694296250132808 5.973925493347016 1.1164975228435399 
[1, 24], [24, 1], [1, 10], [10, 10], [1], 10, 0.001, 1, False, False 1.5110958011475981 39.789245974568864 4.464209744477738 0.1088091868723925 1.5353834585741635 0.4176693949559451 
[1, 24], [24, 10], [1, 10], [10, 10], [1], 20, 0.001, 1, False, False 1.7703424157505792 43.31284214328159 5.009928945316178 0.2288670620606935 4.475537853800642 0.881751276507226 
[1, 24], [24, 5], [1, 5], [20, 20], [1], 1, 0.001, 1, False, False 2.0224823988146254 55.94600900372934 6.293736202293037 0.020642861409806354 0.5492644242615125 0.11822192929166285 
[1, 24], [24, 15], [1, 10], [20, 20], [0, 1], 10, 0.001, 1, False, False 1.5611780500384393 40.602437136822914 4.51997981995564 0.0350147285786325 1.5730931019934773 0.2963218123009034 
[1, 24], [24, 10], [1, 10], [10, 10], [0, 1], 10, 0.001, 1, False, False 1.617975883075485 39.98425274002197 4.470189711955714 0.08295472800855885 1.6635283255484723 0.294640939953624 
[1, 24], [24, 1], [1, 10], [20, 20], [1], 20, 0.001, 1, False, False 1.9085238156909197 47.08325292058256 5.851561814048272 0.011260125391948672 0.44913730461566675 0.07366489505895728 
[1, 24], [24, 10], [1, 10], [20, 20], [1], 1, 0.001, 1, False, False 2.034305036040368 56.10042067149061 6.354966061309142 0.012615426094666829 0.5569573481794505 0.10942622864487658 
[1, 24], [24, 15], [1, 5], [10, 10], [1], 5, 0.001, 1, False, False 1.7734473181819475 48.61924882975969 4.99818250932969 0.19489923824977037 6.0241564057691654 1.0706078476453185 
[1, 24], [24, 10], [1, 5], [20, 20], [1], 20, 0.001, 1, False, False 1.8025389619861494 43.457622478621964 5.130310768152642 0.0502381679413812 1.2170646302232135 0.2886530009766772 
[1, 24], [24, 10], [1, 10], [10, 10], [1], 1, 0.001, 1, False, False 1.988347491290834 55.260304814055395 6.150200168182792 0.018324811407176397 0.6270797931154927 0.13609144041118096 
[1, 24], [24, 1], [1, 10], [10, 10], [0, 1], 20, 0.001, 1, False, False 1.8538757956966212 46.500846108881184 5.760355724671264 0.016230394995429397 0.04883433965485987 0.09247488704619851 
[1, 24], [24, 5], [1, 10], [10, 10], [1], 5, 0.001, 1, False, False 1.5570573507359737 41.50449869098881 4.105881117885322 0.014477979694850212 1.5834330020340701 0.223886840125613 
[1, 24], [24, 15], [1, 5], [20, 20], [1], 5, 0.001, 1, False, False 1.7373891663496142 46.322500465927554 4.725677780909682 0.1965680784491402 5.585371435539815 0.8167928613166295 
[1, 24], [24, 1], [1, 10], [20, 20], [0, 1], 1, 0.001, 1, False, False 2.027106376958114 56.17778486823349 6.354877682773058 0.02771009485625008 0.5226025807656446 0.12089748515940943 
[1, 24, 48], [24, 15, 1], [1, 10, 10], [10, 10, 10], [0, 1, 2], 5, 0.001, 1, False, False 1.6325884849660925 40.33028078738539 4.537224269469888 0.1382763654928659 1.4586248155759625 0.11207117128129111 
[1, 24, 48], [24, 15, 5], [1, 10, 10], [20, 20, 20], [0, 1, 2], 5, 0.001, 1, False, False 1.6235753390524126 40.48324388170963 4.669378496680423 0.0421666244378835 1.3962326731414494 0.1509800336895382 
[1, 24], [24, 1], [1, 5], [20, 20], [1], 10, 0.001, 1, False, False 1.552959700784198 41.2385988922512 4.545806103646725 0.0924875878515424 2.8258178674367564 0.41212010417466877 
[1, 24], [24, 15], [1, 5], [20, 20], [0, 1], 20, 0.001, 1, False, False 1.7553640492398437 43.21272513204277 5.125999536240909 0.07063258572283597 1.8392076691281727 0.22782367432372674 
[1, 24, 48], [24, 10, 1], [1, 5, 5], [20, 20, 20], [0, 1, 2], 5, 0.001, 1, False, False 1.5542726665459297 41.50468463964995 4.23839544778545 0.013607142671451031 0.8620244077170576 0.13799730492126558 
[1, 24], [24, 10], [1, 10], [20, 20], [1], 5, 0.001, 1, False, False 1.5212375847277817 41.01316854993911 3.959540821219793 0.12003789375018468 1.8388272514224082 0.3025546144184887 
[1, 24, 48], [24, 5, 1], [1, 5, 5], [10, 10, 10], [0, 1, 2], 5, 0.001, 1, False, False 1.7629457866841998 46.18762409802245 4.956920973461842 0.0577479034983004 2.6819898724103304 0.06663847317879726 
[1, 24], [24, 10], [1, 5], [20, 20], [0, 1], 5, 0.001, 1, False, False 1.7757382291058699 47.58641836278547 4.841234523139442 0.10440368489438866 3.88618889833235 0.5667393450130611 
[1, 24], [24, 15], [1, 10], [10, 10], [0, 1], 1, 0.001, 1, False, False 2.0084822887623752 55.236795681342464 6.155996129982878 0.04042801306821574 1.3864972332398064 0.30733890012741266 
[1, 24], [24, 5], [1, 10], [20, 20], [1], 10, 0.001, 1, False, False 1.6133888716499012 40.43688830296966 4.549859862170632 0.059066225180113896 1.0622882642329137 0.26353666995253316 
[1, 24, 48], [24, 15, 15], [1, 5, 5], [10, 10, 10], [0, 1, 2], 5, 0.001, 1, False, False 1.70708818645389 43.52466094132796 4.599135195450496 0.0931927942320612 3.1172408553006523 0.3411815625476722 
[1, 24, 48], [24, 10, 1], [1, 5, 5], [10, 10, 10], [0, 1, 2], 5, 0.001, 1, False, False 1.505632980361029 39.22632086239695 3.959236543668968 0.05183233467523903 1.3579654150822653 0.27454714993754215 
[1, 24, 48], [24, 15, 1], [1, 5, 5], [20, 20, 20], [0, 1, 2], 5, 0.001, 1, False, False 1.6638231445379832 43.210338637856786 4.829925406591287 0.13617705715356113 3.789472133637735 0.6119101223905296 
[1, 24, 48], [24, 5, 1], [1, 10, 10], [20, 20, 20], [0, 1, 2], 5, 0.001, 1, False, False 1.6231396085134258 41.157556075936576 4.711274442134777 0.07749794314716806 1.6667246276886944 0.33075693706263803 
[1, 24], [24, 15], [1, 5], [10, 10], [1], 10, 0.001, 1, False, False 1.5912825839111102 40.83886627393297 4.447896284732319 0.1139442251877271 2.284392952518217 0.5892859890283401 
[1, 24, 48], [24, 15, 5], [1, 10, 10], [10, 10, 10], [0, 1, 2], 5, 0.001, 1, False, False 1.6019887746898112 39.420953795554986 4.179241054149922 0.09877869690783626 1.762187879646052 0.16081589562162338 
[1, 24, 48], [24, 1, 1], [1, 5, 5], [10, 10, 10], [0, 1, 2], 10, 0.001, 1, False, False 1.7301509887945876 42.41431353074895 4.9212527600629725 0.06063346483050234 1.034104677632615 0.07057591538419809 
[1, 24], [24, 1], [1, 10], [10, 10], [1], 20, 0.001, 1, False, False 1.9043690253601036 45.81874269613434 5.757258256313347 0.11305347590530097 2.093347035071302 0.39644873115078255 
[1, 24, 48], [24, 1, 1], [1, 5, 5], [10, 10, 10], [1, 2], 1, 0.001, 1, False, False 2.0595879574892697 57.08819382629833 6.539055832493337 0.01775188745054142 0.39754384301446116 0.08913197337184954 
[1, 24, 48], [24, 10, 1], [1, 5, 5], [20, 20, 20], [1, 2], 1, 0.001, 1, False, False 1.9698830365858697 55.05841625998005 6.058944514224183 0.060447533288480786 1.0765350622346619 0.26441669951212526 
[1, 24, 48], [24, 15, 5], [1, 5, 5], [10, 10, 10], [0, 1, 2], 10, 0.001, 1, False, False 1.751550196870058 42.77380279201835 4.835106835260404 0.09287787178475468 1.8768452165257483 0.4249011453240416 
[1, 24], [24, 5], [1, 5], [10, 10], [0, 1], 10, 0.001, 1, False, False 1.6250756106028954 42.72076311481137 4.656933680597416 0.23740307793789553 7.9473070367177625 1.0634015633591731 
[1, 24], [24, 5], [1, 10], [10, 10], [0, 1], 20, 0.001, 1, False, False 1.8840156807391735 46.0188091622679 5.539473018094732 0.02982173616410221 0.40454076066978234 0.07227701602056515 
[1, 24], [24, 1], [1, 10], [20, 20], [0, 1], 5, 0.001, 1, False, False 1.5249595180015876 43.50152083905829 4.325582678606904 0.1382730602006247 3.5399725818556416 0.3934328906611472 
[1, 24, 48], [24, 15, 15], [1, 10, 10], [20, 20, 20], [0, 1, 2], 5, 0.001, 1, False, False 1.695690881046984 42.41108984452674 4.775813011137278 0.05576508138111582 1.5820519440338374 0.2491094827009313 
[1, 24], [24, 1], [1, 5], [20, 20], [0, 1], 20, 0.001, 1, False, False 1.6389998412104674 42.8152729011953 4.97457115655607 0.11402189733089654 1.0397167896007267 0.34191984037182727 
[1, 24], [24, 5], [1, 10], [20, 20], [0, 1], 1, 0.001, 1, False, False 2.031529166549444 56.31960430414765 6.396045109199612 0.00688231781533157 0.3350277934808311 0.09129386051404047 
[1, 24], [24, 1], [1, 5], [10, 10], [0, 1], 20, 0.001, 1, False, False 1.639074360399887 42.39473162862959 4.9853180340951795 0.07305752903508447 2.6027849840807895 0.4717337532411596 
[1, 24], [24, 15], [1, 5], [20, 20], [1], 10, 0.001, 1, False, False 1.6594423157059486 41.76725226537786 4.6595663154822615 0.10538912961830253 3.089251489357582 0.44551190876393554 
[1, 24], [24, 1], [1, 10], [10, 10], [0, 1], 1, 0.001, 1, False, False 2.046012428761633 57.12805481116576 6.593786162108537 0.013861972956928315 0.25714458195446493 0.0555709278266768 
[1, 24], [24, 5], [1, 5], [20, 20], [0, 1], 20, 0.001, 1, False, False 1.747361500685414 43.09165817683882 5.150169577368246 0.08772433351202491 2.1063241544868503 0.4625553484946021 
[1, 24], [24, 15], [1, 10], [20, 20], [1], 20, 0.001, 1, False, False 1.852035699784756 44.62426366342995 5.426941624908351 0.06680556650558932 1.9741535136020287 0.298990287231007 
[1, 24], [24, 1], [1, 5], [20, 20], [0, 1], 1, 0.001, 1, False, False 2.039179272590964 56.34905630927042 6.403821513186916 0.007183451767049021 0.23949076657613327 0.05072710405228971 
[1, 24, 48], [24, 15, 10], [1, 5, 5], [10, 10, 10], [1, 2], 5, 0.001, 1, False, False 1.6089784992513836 40.68386505783556 4.391631248435071 0.10076125795927406 1.9843856109257874 0.47135194530065505 
[1, 24, 48], [24, 1, 1], [1, 5, 5], [20, 20, 20], [1, 2], 5, 0.001, 1, False, False 1.5941334854259537 40.05106367684716 4.29404113581194 0.04325756375408123 0.5349026721213855 0.2704619148866047 
[1, 24], [24, 1], [1, 5], [10, 10], [1], 1, 0.001, 1, False, False 2.0476184606276178 56.88819808724407 6.524177445284722 0.011167890922180979 0.5595396270586348 0.12646602864156764 
[1, 24], [24, 15], [1, 10], [10, 10], [1], 20, 0.001, 1, False, False 1.8427065672421898 44.638425447880074 5.199059785096611 0.06613055275902041 1.5233627820650495 0.40905895426694167 
[1, 24, 48], [24, 10, 1], [1, 5, 5], [20, 20, 20], [1, 2], 5, 0.001, 1, False, False 1.6935376240009514 42.45847781532816 4.755128930578041 0.1074227115225916 2.1252712587504883 0.4941987868736215 
[1, 24], [24, 5], [1, 10], [10, 10], [0, 1], 1, 0.001, 1, False, False 2.02970593345386 56.38722622253716 6.392530663692834 0.00672998190386918 0.19228161659403753 0.04242497046564104 
[1, 24], [24, 5], [1, 10], [20, 20], [0, 1], 20, 0.001, 1, False, False 1.8673047767745128 46.369299215473575 5.74031608745052 0.03371552037114289 0.5244966357457261 0.16556145714419518 
[1, 24, 48], [24, 15, 5], [1, 5, 5], [10, 10, 10], [1, 2], 1, 0.001, 1, False, False 1.9571370832346104 54.49538896358547 5.986654456247695 0.052977151942683695 1.1122928445255686 0.23113107376531344 
[1, 24, 48], [24, 1, 1], [1, 5, 5], [10, 10, 10], [1, 2], 5, 0.001, 1, False, False 1.6331985296612537 43.04404376804515 4.501494616974942 0.14804815654239303 4.31858054063727 0.47512417684950214 
[1, 24], [24, 15], [1, 10], [20, 20], [1], 1, 0.001, 1, False, False 1.971148032391513 54.4688039252201 5.977371079433783 0.03881002483576003 1.253969866085801 0.284864832597022 
[1, 24], [24, 15], [1, 10], [10, 10], [0, 1], 5, 0.001, 1, False, False 1.5788917933625204 42.197460595354556 4.226149255629077 0.13814226877260954 4.427543693939487 0.5164223219053662 
[1, 24], [24, 10], [1, 5], [10, 10], [1], 20, 0.001, 1, False, False 1.8195032164868385 43.086877483043246 5.188162403869382 0.042942365836826105 0.2957988797957181 0.13792186264022427 
[1, 24, 48], [24, 15, 1], [1, 10, 10], [20, 20, 20], [0, 1, 2], 10, 0.001, 1, False, False 1.8968619537160356 44.1404105400953 5.394821942796512 0.06897397359431275 0.7672650525844154 0.3522676563340558 
[1, 24], [24, 10], [1, 5], [10, 10], [0, 1], 1, 0.001, 1, False, False 2.0420195611262764 56.543747567240324 6.427271192205775 0.012497367124385638 0.11549684236921227 0.03830643295866828 
[1, 24, 48], [24, 15, 1], [1, 10, 10], [10, 10, 10], [0, 1, 2], 10, 0.001, 1, False, False 1.8038792654596 43.290338996246724 5.191232898827347 0.1321741359661969 1.8439605437581452 0.23890291087592677 
[1, 24, 48], [24, 5, 1], [1, 5, 5], [20, 20, 20], [0, 1, 2], 10, 0.001, 1, False, False 1.7799731985976301 43.19819648360609 5.173928053110178 0.15425945485743167 2.4789417009041896 0.38905639343423976 
[1, 24], [24, 1], [1, 5], [10, 10], [1], 5, 0.001, 1, False, False 1.7316265788619167 48.9482416694515 4.924894960581067 0.06327609466199939 2.4928760614450267 0.47326530790291504 
[1, 24, 48], [24, 5, 1], [1, 5, 5], [10, 10, 10], [2], 1, 0.001, 1, False, False 2.0651410181765204 57.41375084136038 6.624145753935108 0.005368556050406821 0.33190969016858585 0.0954064629138284 
[1, 24, 48], [24, 1, 1], [1, 10, 10], [20, 20, 20], [0, 1, 2], 10, 0.001, 1, False, False 1.9251664830302753 44.47037488572494 5.605685788858223 0.09450424583286297 1.4466617464233695 0.5118385958152235 
[1, 24, 48], [24, 20, 5], [1, 5, 5], [20, 20, 20], [2], 1, 0.001, 1, False, False 2.0563945418430696 56.388227794367886 6.445653484436574 0.00826241813861509 0.5364985544824824 0.10067074795332231 
[1, 24, 48], [24, 20, 15], [1, 10, 10], [20, 20, 20], [2], 1, 0.001, 1, False, False 2.0348558883976056 56.13217470187032 6.3573978766400785 0.041925284033762604 1.2586622954779847 0.2611452928647761 
[1, 24, 48], [24, 20, 10], [1, 10, 10], [10, 10, 10], [2], 1, 0.001, 1, False, False 2.0485594722131886 55.448436369969414 6.228155153105181 0.017286334686089918 0.1852146389454329 0.0579976216275246 
[1, 24], [24, 5], [1, 10], [20, 20], [0, 1], 5, 0.001, 1, False, False 1.4296741054013926 39.302044140921375 3.7317698060764415 0.15073888447005543 4.192818706766683 0.437500003451702 
[1, 24, 48], [24, 1, 1], [1, 5, 5], [20, 20, 20], [0, 1, 2], 20, 0.001, 1, False, False 1.9039979312154987 46.47913948376006 5.7304161177372395 0.12785782085161723 1.3664737720197422 0.3945721860967944 
[1, 24], [24, 1], [1, 10], [10, 10], [0, 1], 5, 0.001, 1, False, False 1.7323231773244012 49.587581113958045 5.167300129238427 0.15860413902418444 3.213720476927799 0.5081979760860995 
[1, 24, 48], [24, 5, 1], [1, 5, 5], [10, 10, 10], [1, 2], 10, 0.001, 1, False, False 1.636001722114506 39.87362624241933 4.534668826727144 0.12143165587016501 2.3454864569226106 0.457258052061239 
[1, 24, 48], [24, 5, 1], [1, 5, 5], [20, 20, 20], [2], 5, 0.001, 1, False, False 1.690158279046968 47.13345227953752 4.855281466586059 0.21288372696722582 5.695620485540086 0.9216729639545915 
[1, 24, 48], [24, 20, 5], [1, 10, 10], [10, 10, 10], [2], 5, 0.001, 1, False, False 1.8446693588462144 44.14432556774995 5.007776667242703 0.14075398688150925 2.474855395373203 0.42418179160598346 
[1, 24, 48], [24, 15, 5], [1, 5, 5], [20, 20, 20], [1, 2], 5, 0.001, 1, False, False 1.626585574103175 41.83127653825161 4.5931505640452315 0.12493606295222183 2.6416983837228476 0.5488944633763344 
[1, 24, 48], [24, 5, 1], [1, 10, 10], [10, 10, 10], [0, 1, 2], 1, 0.001, 1, False, False 1.9375660588895833 54.09924927474611 5.845967263510272 0.032549334215845216 0.4741662797720969 0.12339343321874294 
[1, 24, 48], [24, 20, 10], [1, 10, 10], [20, 20, 20], [2], 5, 0.001, 1, False, False 1.6642098553892637 41.35183601008284 4.375869432103376 0.21887525698521046 5.4516309990375245 0.7814128048416781 
[1, 24], [24, 10], [1, 5], [20, 20], [0, 1], 10, 0.001, 1, False, False 1.5900995526738744 40.25063011024459 4.470034200011631 0.008341304855503393 0.7231785760241898 0.013236135654366427 
[1, 24, 48], [24, 5, 1], [1, 5, 5], [10, 10, 10], [2], 5, 0.001, 1, False, False 1.7185601832690063 46.77404283688495 5.11753898251212 0.15388156366799016 5.856800562604621 0.625704864541761 
[1, 24, 48], [24, 20, 5], [1, 5, 5], [20, 20, 20], [2], 5, 0.001, 1, False, False 1.7813315615747811 46.69724463088884 4.829555966496883 0.06259832595650194 2.9993639403411794 0.239179448636475 
[1, 24, 48], [24, 1, 1], [1, 10, 10], [10, 10, 10], [0, 1, 2], 10, 0.001, 1, False, False 1.8556540558183643 42.90377914659481 5.29907086127556 0.12793923865675447 1.8465833091934625 0.30096980429112846 
[1, 24, 48], [24, 20, 10], [1, 10, 10], [10, 10, 10], [2], 5, 0.001, 1, False, False 1.8736114085824402 45.726799018143254 5.036815178506717 0.05111163528390104 1.1998751970598218 0.5268393004107642 
[1, 24, 48], [24, 20, 15], [1, 10, 10], [20, 20, 20], [2], 5, 0.001, 1, False, False 1.8755935870386937 44.41244586251085 5.542590542651118 0.06456964711767749 2.2413164396078797 0.28264017434045224 
[1, 24], [24, 1], [1, 10], [20, 20], [0, 1], 10, 0.001, 1, False, False 1.5587498244174107 39.969524205134654 4.429298582270866 0.045353775720970844 2.372501106312183 0.5036220384057782 
[1, 24, 48], [24, 15, 5], [1, 5, 5], [10, 10, 10], [1, 2], 5, 0.001, 1, False, False 1.776085432563667 48.14180544401423 5.1990796337288865 0.20443530724304237 6.2224065196203675 0.9591555936646201 
[1, 24], [24, 15], [1, 5], [10, 10], [0, 1], 20, 0.001, 1, False, False 1.7176755554560161 42.45495217125827 4.871907601168021 0.14075522402252316 2.9812960935567254 0.44462547098848426 
[1, 24, 48], [24, 5, 1], [1, 10, 10], [10, 10, 10], [2], 10, 0.001, 1, False, False 1.8272852728350297 42.767657329172266 5.068110850534928 0.10746005427306828 2.758314242382109 0.27542453162736247 
[1, 24, 48], [24, 20, 5], [1, 10, 10], [20, 20, 20], [2], 10, 0.001, 1, False, False 1.8678766934822006 42.56797308166471 5.293938566607301 0.015547910056053662 2.0564780471518658 0.06740542346324034 
[1, 24], [24, 10], [1, 5], [10, 10], [0, 1], 5, 0.001, 1, False, False 1.7076670661844593 46.555290148076175 4.668064775970363 0.05865586762030348 2.981938878126884 0.3969167323553777 
[1, 24], [24, 15], [1, 5], [20, 20], [0, 1], 1, 0.001, 1, False, False 2.0425597627957663 56.51364328356201 6.4396202991015015 0.005603151100306096 0.13649549814065876 0.031052439398072812 
[1, 24, 48], [24, 15, 5], [1, 5, 5], [20, 20, 20], [0, 1, 2], 20, 0.001, 1, False, False 1.7543035334872983 42.76933408916813 4.9258397201510284 0.018492064099966867 0.7108275726242956 0.09340492296272314 
[1, 24, 48], [24, 15, 10], [1, 5, 5], [20, 20, 20], [1, 2], 10, 0.001, 1, False, False 1.6500307346383736 40.69228286795846 4.463206490112672 0.06022104604362229 1.7579252904013123 0.2264372796090055 
[1, 24, 48], [24, 20, 15], [1, 5, 5], [10, 10, 10], [2], 10, 0.001, 1, False, False 1.7128781291069808 42.172129208665524 4.795786290875447 0.06337478447533763 0.48163681273221437 0.20592722584458992 
[1, 24, 48], [24, 10, 1], [1, 5, 5], [20, 20, 20], [1, 2], 10, 0.001, 1, False, False 1.6770020444498026 41.67448890385086 4.881962888163421 0.10305373883495858 2.3033800212372157 0.2803791597001475 
[1, 24, 48], [24, 1, 1], [1, 5, 5], [20, 20, 20], [1, 2], 10, 0.001, 1, False, False 1.770542799377883 42.60837771782652 5.084785507208047 0.1382489622648836 3.169365495960871 0.6555764898707561 
[1, 24, 48], [24, 15, 10], [1, 5, 5], [10, 10, 10], [1, 2], 10, 0.001, 1, False, False 1.6962364204089952 41.2658096822273 4.671620881231646 0.13361326357563305 3.9200391296364803 0.7633844244130084 
[1, 24, 48], [24, 15, 15], [1, 10, 10], [10, 10, 10], [0, 1, 2], 1, 0.001, 1, False, False 1.9843389267446818 53.741532537556964 5.824666356016156 0.10669324596457741 2.0594930056039105 0.4556565402325097 
[1, 24, 48], [24, 5, 1], [1, 5, 5], [20, 20, 20], [1, 2], 20, 0.001, 1, False, False 1.9558420878731546 49.41849160407006 5.9296344253106925 0.08660024962015944 5.64698853470424 0.5219867546990345 
[1, 24, 48], [24, 15, 15], [1, 5, 5], [20, 20, 20], [0, 1, 2], 10, 0.001, 1, False, False 1.6026285552316244 40.13811614292055 4.396734320225531 0.12074399396102951 1.112147768095034 0.28277560705912963 
[1, 24, 48], [24, 5, 1], [1, 5, 5], [20, 20, 20], [2], 10, 0.001, 1, False, False 1.7977742170570077 42.04197384355731 4.9799393804542325 0.06965319400709753 3.445206533305819 0.3972585829704615 
[1, 24, 48], [24, 1, 1], [1, 5, 5], [10, 10, 10], [1, 2], 10, 0.001, 1, False, False 1.6102007690541171 39.142990125508206 4.4388889406960645 0.024333952943563966 0.5965413552440895 0.05119360856255978 
[1, 24, 48], [24, 15, 15], [1, 5, 5], [10, 10, 10], [0, 1, 2], 10, 0.001, 1, False, False 1.6287010360095244 40.32080891040997 4.551968418718638 0.11510183536294054 2.450928710666604 0.5902755813312576 
[1, 24, 48], [24, 20, 5], [1, 10, 10], [10, 10, 10], [2], 10, 0.001, 1, False, False 1.8204786074520263 41.63614271605022 5.0985079757836225 0.18244213928903516 3.4093380163261084 0.5368889446165721 
[1, 24, 48], [24, 10, 1], [1, 5, 5], [10, 10, 10], [1, 2], 1, 0.001, 1, False, False 2.032889151297234 56.33187187447953 6.377316933118081 0.03676468169627954 1.0056221425056333 0.23264585877131902 
[1, 24, 48], [24, 5, 1], [1, 10, 10], [10, 10, 10], [0, 1, 2], 5, 0.001, 1, False, False 1.5400479805138378 39.68936290016776 4.359466380176048 0.02637700379278249 1.7717399408898606 0.10890494262091582 
[1, 24, 48], [24, 5, 1], [1, 5, 5], [10, 10, 10], [2], 10, 0.001, 1, False, False 1.8350877404350925 44.539464397210104 5.4240391739997795 0.05092971973478212 0.12038251392710832 0.022061692913276715 
[1, 24, 48], [24, 20, 5], [1, 5, 5], [20, 20, 20], [2], 10, 0.001, 1, False, False 1.6225592653508538 40.46504646031965 4.686627251257687 0.11569737442755226 2.0121180156655143 0.32386687768086697 
[1, 24, 48], [24, 20, 10], [1, 10, 10], [20, 20, 20], [2], 10, 0.001, 1, False, False 1.629744934814948 38.64439023034166 4.519291902067326 0.09388676316581003 2.013323441574019 0.5408459081173106 
[1, 24, 48], [24, 5, 1], [1, 5, 5], [10, 10, 10], [0, 1, 2], 10, 0.001, 1, False, False 1.813487133742483 43.02769614292689 5.216285749763139 0.15453911930327188 2.296217295848109 0.5048645256499662 
[1, 24, 48], [24, 10, 1], [1, 5, 5], [20, 20, 20], [0, 1, 2], 10, 0.001, 1, False, False 1.8289088864845262 43.160958567210116 5.100453577658448 0.07381293079965459 1.7004813093675755 0.2636554915305357 
[1, 24, 48], [24, 15, 1], [1, 10, 10], [10, 10, 10], [0, 1, 2], 10, 0.001, 1, False, False 1.7446850994670837 41.45720202505961 4.730121633643292 0.03566902373938184 1.338378789363222 0.16444380301934763 
[1, 24, 48], [24, 20, 15], [1, 10, 10], [20, 20, 20], [2], 10, 0.001, 1, False, False 1.6719738730677858 39.382827581639 4.768761717416967 0.05664613644733217 1.3671249957576113 0.17410223670189712 
[1, 24, 48], [24, 20, 10], [1, 10, 10], [10, 10, 10], [2], 10, 0.001, 1, False, False 1.6625868420771983 39.97908521338165 4.568841756643484 0.08924108275387985 0.9712411717065841 0.3124122342110911 
[1, 24], [24, 15], [1, 5], [20, 20], [1], 20, 0.001, 1, False, False 1.7718019497891273 43.41308437876867 5.158449263618085 0.07644531922705226 1.7261220735976317 0.3251463199490806 
[1, 24, 48], [24, 5, 1], [1, 10, 10], [20, 20, 20], [2], 20, 0.001, 1, False, False 1.8193804583615734 40.842183057136545 5.094469266785818 0.14753019781599458 3.6195311113843336 0.7411304854072821 
[1, 24, 48], [24, 15, 5], [1, 10, 10], [20, 20, 20], [0, 1, 2], 10, 0.001, 1, False, False 1.8355017931786959 42.90399666228107 5.065325157009917 0.07898798400657107 2.142812591710848 0.3739226471597403 
[1, 24, 48], [24, 15, 15], [1, 5, 5], [10, 10, 10], [1, 2], 10, 0.001, 1, False, False 1.6129981977658139 39.91122602801849 4.312688973353903 0.05424005327453298 0.596577787214053 0.06773119263339722 
[1, 24], [24, 5], [1, 5], [10, 10], [0, 1], 20, 0.001, 1, False, False 1.7027638036757713 42.85991234160995 5.131903200262216 0.10617020597927261 2.8272767325364905 0.4608817355596036 
[1, 24, 48], [24, 15, 15], [1, 10, 10], [20, 20, 20], [0, 1, 2], 10, 0.001, 1, False, False 1.7846854901976064 41.508720176157915 4.94325707466905 0.10986381124295605 2.7164600859147976 0.6690324428333214 
[1, 24, 48], [24, 20, 5], [1, 5, 5], [10, 10, 10], [2], 1, 0.001, 1, False, False 2.063749351959537 56.90356133404692 6.504288127554588 0.011320220010503741 0.17337118668309692 0.06682951569479084 
[1, 24, 48], [24, 20, 10], [1, 5, 5], [10, 10, 10], [2], 20, 0.001, 1, False, False 1.8584463327295253 42.825001255744404 5.326139344396335 0.09969674869949714 2.2966791825004376 0.6374912243210585 
[1, 24, 48], [24, 15, 1], [1, 5, 5], [20, 20, 20], [0, 1, 2], 10, 0.001, 1, False, False 1.612878681029435 39.59756164753505 4.421280567231103 0.06611710739177024 1.301574340328998 0.24155998304527432 
[1, 24, 48], [24, 20, 15], [1, 5, 5], [20, 20, 20], [2], 20, 0.001, 1, False, False 1.9273354203888668 43.3563418347834 5.702990408142289 0.04393925772070249 0.756045396413963 0.4018117982343208 
[1, 24], [24, 15], [1, 10], [10, 10], [0, 1], 10, 0.001, 1, False, False 1.465507354035422 37.44586252354896 4.017853974386024 0.058866995796351906 0.342425907864385 0.17452952973255947 
[1, 24, 48], [24, 5, 1], [1, 10, 10], [20, 20, 20], [0, 1, 2], 10, 0.001, 1, False, False 1.9548982460741646 45.284798312400646 5.76820875707176 0.016062346526705584 0.5871022815664292 0.12175946462024305 
[1, 24, 48], [24, 20, 10], [1, 5, 5], [20, 20, 20], [2], 1, 0.001, 1, False, False 2.0600148119584283 57.041464523817126 6.551646998809603 0.008686499367418981 0.27985791195494186 0.06484536574475942 
[1, 24, 48], [24, 1, 1], [1, 5, 5], [30, 30, 30], [1, 2], 1, 0.001, 1, False, False 2.01452874019742 56.04179470052778 6.3258521220955535 0.038288265357943004 0.8028455172590699 0.19896882290268722 
[1, 24, 48], [24, 20, 15], [1, 10, 10], [10, 10, 10], [2], 1, 0.001, 1, False, False 1.9137974136681468 53.9077370373304 5.874366463536309 0.03528812390557169 1.5611748846094007 0.34241009381207954 
[1, 24, 48], [24, 10, 1], [1, 5, 5], [10, 10, 10], [0, 1, 2], 10, 0.001, 1, False, False 1.590237747381132 39.996087046731624 4.4843617745795665 0.07839240919981703 3.0180866932436583 0.4590426756266348 
[1, 24], [24, 10], [1, 10], [20, 20], [0, 1], 20, 0.001, 1, False, False 1.835786911969384 45.51020015669013 5.378731442524654 0.07058305190748575 1.8228719851542883 0.36170381628871356 
[1, 24, 48], [24, 15, 5], [1, 10, 10], [10, 10, 10], [0, 1, 2], 10, 0.001, 1, False, False 1.8741684607747533 43.86279859471214 5.182560840971861 0.05171718896327575 1.7924921659784914 0.30361838302427385 
[1, 24], [24, 15], [1, 5], [20, 20], [0, 1], 5, 0.001, 1, False, False 1.79857716323049 49.40262216274556 5.088624042735476 0.11033101510076294 2.888079821823961 0.5475100068203151 
[1, 24, 48], [24, 15, 15], [1, 10, 10], [10, 10, 10], [0, 1, 2], 5, 0.001, 1, False, False 1.5865354599224197 39.340300983043484 4.158299970555284 0.07582773440629466 2.1591138022371927 0.19259085528276204 
[1, 24, 48], [24, 10, 1], [1, 5, 5], [10, 10, 10], [1, 2], 5, 0.001, 1, False, False 1.6303562617412315 43.057407440083125 4.565391508244875 0.2051843220352707 5.1656496485826 0.5258950311111966 
[1, 24], [24, 15], [1, 10], [20, 20], [0, 1], 20, 0.001, 1, False, False 1.8722370606605658 45.58751322629734 5.5167828392433975 0.07734963416128576 1.3026692990899416 0.3229601795331151 
[1, 24, 48], [24, 15, 1], [1, 5, 5], [10, 10, 10], [1, 2], 20, 0.001, 1, False, False 1.7624541963002198 42.42737897008591 4.9673178500388 0.09710437079754236 2.011661786221531 0.28150328849244494 
[1, 24, 48], [24, 15, 5], [1, 5, 5], [20, 20, 20], [1, 2], 10, 0.001, 1, False, False 1.7667014635961371 42.08587256034671 4.824138198632766 0.027424534675219596 0.4388913205381231 0.16406801705650048 
[1, 24, 48], [24, 20, 5], [1, 5, 5], [10, 10, 10], [2], 5, 0.001, 1, False, False 1.9367100473907257 48.320968397558694 5.479338832242593 0.09516286748066113 2.8793425640300216 0.508201677499754 
[1, 24], [24, 15], [1, 5], [10, 10], [0, 1], 1, 0.001, 1, False, False 2.0563599895823885 56.85143194735101 6.522814048608044 0.051686097160674835 1.2072591279218565 0.25050381486719714 
[1, 24, 48], [24, 5, 1], [1, 5, 5], [40, 40, 40], [1, 2], 1, 0.001, 1, False, False 2.0206310978918167 55.77155837593251 6.22154187537308 0.02691767895799136 0.48948266705973154 0.1215785129494593 
[1, 24, 48], [24, 15, 1], [1, 5, 5], [20, 20, 20], [1, 2], 1, 0.001, 1, False, False 2.0541898119504802 56.322627071678674 6.356976670423697 0.045643189193982844 0.7537494690260322 0.18591059495475598 
[1, 24], [24, 10], [1, 10], [10, 10], [0, 1], 20, 0.001, 1, False, False 1.8109061790285292 43.584867320845184 5.086394474806483 0.13291583474145893 2.89428232766243 0.4621629774502325 
[1, 24, 48], [24, 5, 1], [1, 10, 10], [10, 10, 10], [2], 20, 0.001, 1, False, False 1.9422038393578047 43.24318101019528 5.542250512711726 0.06610693412858032 0.3950528127418911 0.18508864737089523 
[1, 24, 48], [24, 20, 10], [1, 5, 5], [20, 20, 20], [2], 5, 0.001, 1, False, False 1.849004273144183 45.654188072461494 5.109821142351711 0.2169854600414701 5.501181212907883 0.6537154455266689 
[1, 24, 48], [24, 20, 15], [1, 10, 10], [10, 10, 10], [2], 5, 0.001, 1, False, False 1.879729800285013 46.49116457719504 5.3801421838768055 0.07388565458304602 2.051003333269046 0.6210996042710414 
[1, 24, 48], [24, 15, 5], [1, 5, 5], [10, 10, 10], [1, 2], 10, 0.001, 1, False, False 1.7116680419279475 41.918442201313276 4.809295833374255 0.015870904252024223 0.6123067071026723 0.17626778812555116 
[1, 24, 48], [24, 5, 1], [1, 10, 10], [20, 20, 20], [2], 1, 0.001, 1, False, False 1.9683173027303484 55.03880497202477 6.120286664653606 0.05501581320238158 1.038550364599123 0.17775386932709908 
[1, 24, 48], [24, 10, 1], [1, 20, 20], [30, 30, 30], [1, 2], 1, 0.001, 1, False, False 1.8295986105998356 51.619625189102685 5.293797374098595 0.02523145178407806 0.6582196393600114 0.14096340682161634 
[1, 24, 48], [24, 15, 10], [1, 20, 20], [40, 40, 40], [1, 2], 1, 0.001, 1, False, False 1.8153583544823861 51.05996904866538 5.243342479329253 0.04792866371164511 0.9171290493105353 0.1712364775005175 
[1, 24], [24, 10], [1, 10], [20, 20], [0, 1], 1, 0.001, 1, False, False 2.0330778294415386 56.34165618546273 6.3933302879728195 0.007133497207586951 0.22263410402263895 0.06004006914100936 
[1, 24, 48], [24, 20, 5], [1, 10, 10], [20, 20, 20], [2], 20, 0.001, 1, False, False 1.8552408159951923 41.98425248715926 5.056972110523188 0.008151803222566012 0.2624240601142181 0.07264706527986448 
[1, 24], [24, 10], [1, 5], [10, 10], [0, 1], 10, 0.001, 1, False, False 1.660614638472045 42.42185774592719 4.581985630726201 0.02560879730013773 1.996956929951801 0.18262485482187407 
[1, 24, 48], [24, 1, 1], [1, 5, 5], [40, 40, 40], [1, 2], 5, 0.001, 1, False, False 1.5491120494212272 39.17713103066318 4.222338534069046 0.10883117026609392 2.9504879802839286 0.4380493284759218 
[1, 24, 48], [24, 20, 10], [1, 5, 5], [10, 10, 10], [2], 1, 0.001, 1, False, False 2.0234749694389325 56.53080027523887 6.439719405724918 0.03704517453842853 0.7523477843359542 0.16568177205765117 
[1, 24, 48], [24, 10, 1], [1, 10, 10], [10, 10, 10], [0, 1, 2], 20, 0.001, 1, False, False 1.8760064090567612 44.06430446545187 5.421934689935793 0.009752066043627449 1.906596035799623 0.2442454784800994 
[1, 24, 48], [24, 20, 15], [1, 5, 5], [10, 10, 10], [2], 20, 0.001, 1, False, False 1.8498472840421734 43.27344884159792 5.408364551039344 0.11578263131716654 2.09036358082252 0.6894904395510063 
[1, 24, 48], [24, 1, 1], [1, 5, 5], [30, 30, 30], [1, 2], 5, 0.001, 1, False, False 1.662238063414892 42.06539891500629 4.728376740170091 0.05221933669220962 0.5466693897242408 0.11265169921557396 
[1, 24, 48], [24, 15, 1], [1, 10, 10], [20, 20, 20], [0, 1, 2], 20, 0.001, 1, False, False 1.762283863389382 41.748593613230504 5.062171327955462 0.05086447523917783 0.7655406580025831 0.012533456345932116 
[1, 24, 48], [24, 5, 1], [1, 5, 5], [20, 20, 20], [2], 20, 0.001, 1, False, False 1.8582667368429684 43.11276392769685 5.071452913140697 0.08975539816095038 1.8782268026829916 0.3392160347652917 
[1, 24, 48], [24, 5, 1], [1, 5, 5], [40, 40, 40], [1, 2], 5, 0.001, 1, False, False 1.598151835192133 40.261338641592 4.669812340682893 0.04601126346443853 1.7726737968261526 0.5902374124134523 
[1, 24, 48], [24, 20, 15], [1, 5, 5], [20, 20, 20], [2], 1, 0.001, 1, False, False 2.0419897695106486 56.148934080439695 6.338154397751694 0.027794369098846968 0.563337389414586 0.15789542970177206 
[1, 24, 48], [24, 15, 1], [1, 5, 5], [10, 10, 10], [0, 1, 2], 20, 0.001, 1, False, False 1.8042794283065533 44.14409357062308 5.16460086139006 0.10951827422397965 1.3323517680419978 0.4118833420042104 
[1, 24, 48], [24, 5, 1], [1, 10, 10], [20, 20, 20], [2], 5, 0.001, 1, False, False 1.7610639077093868 44.42065686668306 4.842231230643311 0.1355452456539704 1.7634528363859396 0.7066142386584646 
[1, 24, 48], [24, 5, 1], [1, 5, 5], [10, 10, 10], [2], 20, 0.001, 1, False, False 1.829429203561611 42.0231455429745 5.527660759378175 0.24761961289370465 2.9043913761547713 0.9509738085686844 
[1, 24, 48], [24, 5, 1], [1, 10, 10], [10, 10, 10], [2], 1, 0.001, 1, False, False 2.0563818822856295 56.9707163916922 6.49416163093288 0.019215102600382263 0.35029701855666123 0.0927761452862615 
[1, 24, 48], [24, 20, 5], [1, 10, 10], [10, 10, 10], [2], 20, 0.001, 1, False, False 1.7994492425410844 41.25102925432561 5.020312366074568 0.05488844524410057 1.6595051167683919 0.29741730816425543 
[1, 24, 48], [24, 15, 1], [1, 5, 5], [20, 20, 20], [1, 2], 5, 0.001, 1, False, False 1.6412817942323512 42.18180281244374 4.697800249681767 0.054619269433691234 1.0218033974170075 0.391385473352516 
[1, 24, 48], [24, 15, 1], [1, 5, 5], [30, 30, 30], [1, 2], 5, 0.001, 1, False, False 1.5353306457400322 39.072378933082526 4.099880259301251 0.06569567686115473 2.23756650477765 0.2791587971111166 
[1, 24, 48], [24, 20, 5], [1, 5, 5], [10, 10, 10], [2], 10, 0.001, 1, False, False 1.8162859653295194 42.861657859601166 5.198272292388874 0.1384391327533031 2.7336067212458426 0.6937079079681479 
[1, 24, 48], [24, 5, 1], [1, 20, 20], [30, 30, 30], [1, 2], 5, 0.001, 1, False, False 1.7188734811075312 40.870313887212255 4.82472278601935 0.034849341454506605 0.5363060874597348 0.09252701776960771 
[1, 24, 48], [24, 10, 1], [1, 20, 20], [40, 40, 40], [1, 2], 5, 0.001, 1, False, False 1.7174963821829472 41.1441497600502 4.946144841118316 0.04892057929812553 0.2772684469966877 0.08285075741031292 
[1, 24, 48], [24, 15, 15], [1, 5, 5], [20, 20, 20], [1, 2], 20, 0.001, 1, False, False 1.8568041825046144 43.31038676644736 5.3556949458066905 0.10107552911456535 2.162349537890246 0.30975595705014325 
[1, 24, 48], [24, 5, 1], [1, 5, 5], [20, 20, 20], [2], 1, 0.001, 1, False, False 2.026643203778399 56.3435907206998 6.394044481787707 0.03785245106590404 0.8924819064709646 0.21004658554834596 
[1, 24, 48], [24, 20, 5], [1, 10, 10], [20, 20, 20], [2], 1, 0.001, 1, False, False 2.024610137801479 55.642638637440996 6.20082008785694 0.04952373680746873 1.1847903612989121 0.31513691065409544 
[1, 24], [24, 15], [1, 5], [10, 10], [0, 1], 5, 0.001, 1, False, False 1.6881326215134724 48.15687242533829 4.836495022838446 0.09001652531944636 1.4504918713796147 0.2341576532285439 
[1, 24, 48], [24, 10, 1], [1, 10, 10], [20, 20, 20], [0, 1, 2], 1, 0.001, 1, False, False 2.006693081750914 55.562965745786876 6.219356471167504 0.07426373864262842 1.248336262318526 0.29122383290834564 
[1, 24, 48], [24, 15, 5], [1, 5, 5], [10, 10, 10], [0, 1, 2], 20, 0.001, 1, False, False 1.9331196100623524 45.896975970554145 5.707435479772093 0.024029982925571403 0.5917123086271866 0.17509075174891353 
[1, 24, 48], [24, 15, 5], [1, 5, 5], [30, 30, 30], [1, 2], 1, 0.001, 1, False, False 2.0356271611319645 56.05296364643371 6.319904603953598 0.020759858354228028 0.7231031462048231 0.14679520621959805 
[1, 24, 48], [24, 20, 10], [1, 5, 5], [10, 10, 10], [2], 5, 0.001, 1, False, False 1.9433537409261419 52.17548969185865 5.818060381132045 0.08255535338945993 4.163115515795728 0.6085965122484748 
[1, 24, 48], [24, 10, 1], [1, 20, 20], [30, 30, 30], [1, 2], 5, 0.001, 1, False, False 1.7831868485720073 42.37560373101455 5.075937700941849 0.05227261833716961 0.834955381166761 0.28440301549611596 
[1, 24, 48], [24, 15, 1], [1, 5, 5], [10, 10, 10], [0, 1, 2], 1, 0.001, 1, False, False 2.0332705165501 56.280361431285904 6.374110474182756 0.011758275391703293 0.3286480514310811 0.07512211892450386 
[1, 24, 48], [24, 20, 5], [1, 5, 5], [20, 20, 20], [2], 20, 0.001, 1, False, False 1.7349916685786517 40.97947954944497 5.15343482155843 0.11895375455086235 2.939870994187354 0.5461577663445276 
[1, 24, 48], [24, 15, 1], [1, 5, 5], [20, 20, 20], [0, 1, 2], 1, 0.001, 1, False, False 2.016668643885189 55.96677921583941 6.2989408941430485 0.029155012861412612 0.5937087742194069 0.15406085267059252 
[1, 24, 48], [24, 5, 1], [1, 10, 10], [10, 10, 10], [0, 1, 2], 10, 0.001, 1, False, False 1.826463394819035 43.22188413410293 5.10574408007279 0.03887822132167494 1.0932676143344113 0.22714436266460208 
[1, 24, 48], [24, 1, 1], [1, 5, 5], [10, 10, 10], [0, 1, 2], 20, 0.001, 1, False, False 1.9076515113727917 46.19913569524608 5.822622066632964 0.037292062084794984 1.0583319159655211 0.2004096944259248 
[1, 24, 48], [24, 1, 1], [1, 20, 20], [30, 30, 30], [1, 2], 10, 0.001, 1, False, False 1.9180129002641753 44.300641267879506 5.607326498727651 0.12619898754181136 2.713273190144039 0.5666376393011383 
[1, 24, 48], [24, 20, 10], [1, 10, 10], [20, 20, 20], [2], 20, 0.001, 1, False, False 1.7788499393534882 40.02261219637279 4.881692028127589 0.24539302568407909 5.476015002690856 1.1179029886968466 
[1, 24, 48], [24, 20, 5], [1, 10, 10], [10, 10, 10], [2], 1, 0.001, 1, False, False 2.076802650452764 57.36636762567185 6.638458362785602 0.03805963001217663 0.9603455756663649 0.2730803384305715 
[1, 24, 48], [24, 20, 10], [1, 5, 5], [20, 20, 20], [2], 10, 0.001, 1, False, False 1.7124438698644993 41.310861347776644 4.801264777690818 0.13352456236723076 4.781710335111063 0.7558031657340668 
[1, 24, 48], [24, 15, 10], [1, 20, 20], [40, 40, 40], [1, 2], 5, 0.001, 1, False, False 1.7842191944519679 42.09680532208569 5.11552711103418 0.059941649232138294 1.8253164889391014 0.26896964200694856 
[1, 24, 48], [24, 20, 15], [1, 10, 10], [10, 10, 10], [2], 10, 0.001, 1, False, False 1.770467834671339 41.65417857248588 5.298943944046588 0.17479678664646436 2.936355652286006 0.6488802415358956 
[1, 24, 48], [24, 20, 15], [1, 5, 5], [20, 20, 20], [2], 5, 0.001, 1, False, False 1.8913141475507507 48.61232904819371 5.50545041595903 0.17271537046008303 5.611023870371013 0.9260463433560884 
[1, 24, 48], [24, 5, 1], [1, 10, 10], [10, 10, 10], [2], 5, 0.001, 1, False, False 1.8249473428560625 46.489162975946094 4.996807691591293 0.07893546034393087 0.5421424693651338 0.29034217163229437 
[1, 24, 48], [24, 15, 5], [1, 5, 5], [20, 20, 20], [0, 1, 2], 1, 0.001, 1, False, False 2.019761190591035 55.59267051334169 6.205508420352767 0.056431547451667126 1.620100913319281 0.4003671816260041 
[1, 24, 48], [24, 20, 15], [1, 5, 5], [10, 10, 10], [2], 1, 0.001, 1, False, False 2.03125497845036 56.18836200616288 6.3251463872641205 0.017958112586987585 0.3924395306185785 0.08636230394753465 
[1, 24, 48], [24, 10, 1], [1, 5, 5], [10, 10, 10], [1, 2], 10, 0.001, 1, False, False 1.7465782660025144 40.800576215857404 4.729941679221482 0.059348649817996466 1.2567481866444483 0.14729657473552232 
[1, 24, 48], [24, 20, 15], [1, 10, 10], [20, 20, 20], [2], 20, 0.001, 1, False, False 1.6997612739326782 39.590359847231746 4.557441014414162 0.1317262087891502 3.3576602365948554 0.5045573466400832 
[1, 24, 48], [24, 20, 10], [1, 10, 10], [10, 10, 10], [2], 20, 0.001, 1, False, False 1.9099493055569912 42.101308640900925 5.310551889508504 0.06571083017866128 1.5798364949530852 0.2760202114753518 
[1, 24, 48], [24, 20, 5], [1, 10, 10], [20, 20, 20], [2], 5, 0.001, 1, False, False 1.8634616314261045 46.044052744851115 5.251375825540748 0.05842027159028318 1.8053739312582722 0.38331158620762956 
[1, 24, 48], [24, 20, 10], [1, 10, 10], [20, 20, 20], [2], 1, 0.001, 1, False, False 1.9967168368399142 55.36565699037788 6.16220907736808 0.0596527662780848 1.6198761499847167 0.3677015239564413 
[1, 24, 48], [24, 5, 1], [1, 5, 5], [10, 10, 10], [1, 2], 20, 0.001, 1, False, False 1.7909405300186745 42.06910074646339 5.137324863098374 0.10250086613621989 2.9873197014202186 0.5696943356545722 
[1, 24, 48], [24, 1, 1], [1, 5, 5], [20, 20, 20], [0, 1, 2], 1, 0.001, 1, False, False 2.0346299500653036 56.39062193366854 6.4075668023059285 0.0258802377697001 0.8034002153108654 0.1721010801941091 
[1, 24, 48], [24, 15, 15], [1, 5, 5], [40, 40, 40], [1, 2], 1, 0.001, 1, False, False 2.0116338984281925 55.86015490115869 6.29238996745746 0.03126477551580938 1.0183395836904008 0.2551942557545595 
[1, 24, 48], [24, 5, 1], [1, 10, 10], [20, 20, 20], [2], 10, 0.001, 1, False, False 1.739517900237331 40.71750144705312 4.982987668667072 0.10087932038201855 3.2909629911751623 0.4169431604007934 
[1, 24, 48], [24, 20, 15], [1, 5, 5], [10, 10, 10], [2], 5, 0.001, 1, False, False 1.8358683620614034 49.36490763894333 5.093134302054035 0.13885182676730018 4.098563123321462 0.702066638940444 
[1, 24, 48], [24, 5, 1], [1, 20, 20], [40, 40, 40], [1, 2], 10, 0.001, 1, False, False 1.8771024580355051 42.576747926014264 5.441661359397661 0.03412562995176143 0.6661190378965308 0.11310591417310324 
[1, 24, 48], [24, 5, 1], [1, 5, 5], [20, 20, 20], [1, 2], 1, 0.001, 1, False, False 1.9701024631935138 54.88093401444966 6.035558440206937 0.027650467157784134 0.6033701299539564 0.14108429462316438 
[1, 24, 48], [24, 10, 1], [1, 5, 5], [20, 20, 20], [1, 2], 20, 0.001, 1, False, False 1.864488146812828 44.66218980224264 5.2499287725624875 0.051251064636836256 1.6820004154309698 0.1924889546015516 
[1, 24, 48], [24, 20, 10], [1, 5, 5], [10, 10, 10], [2], 10, 0.001, 1, False, False 1.7870252999304626 42.94272578214782 5.218817186076692 0.07323471042828157 1.4478083969625766 0.4079639117306892 
[1, 24, 48], [24, 15, 10], [1, 5, 5], [20, 20, 20], [1, 2], 20, 0.001, 1, False, False 1.8719970769352388 43.65684046132668 5.351550217949264 0.09260071921255587 0.9511520205701967 0.28929984592470737 
[1, 24], [24, 15], [1, 5], [20, 20], [0, 1], 10, 0.001, 1, False, False 1.4873871338174303 39.15077701663767 3.993137746429646 0.057344521628017765 1.1022872193068158 0.2768917889113226 
[1, 24, 48], [24, 15, 10], [1, 5, 5], [30, 30, 30], [1, 2], 10, 0.001, 1, False, False 1.6466897673215033 39.65470320388099 4.5681284439362875 0.05661183113760061 1.857735074628651 0.46595926811913535 
[1, 24, 48], [24, 20, 15], [1, 5, 5], [20, 20, 20], [2], 10, 0.001, 1, False, False 1.6445429852577274 38.69854270274357 4.432713712042493 0.062237638210855255 0.6608844289737134 0.2228056953440216 
[1, 24], [24, 10], [1, 5], [20, 20], [0, 1], 20, 0.001, 1, False, False 1.6674804557942684 43.04605851451176 5.081215763625208 0.043470199233872374 0.5925099637133774 0.1729949412567661 
[1, 24, 48], [24, 15, 10], [1, 5, 5], [10, 10, 10], [1, 2], 1, 0.001, 1, False, False 2.0419007517121455 56.481064583628886 6.414952288577225 0.024086163441840825 0.22525221025050804 0.0578377950625051 
[1, 24, 48], [24, 15, 1], [1, 5, 5], [10, 10, 10], [1, 2], 1, 0.001, 1, False, False 2.0457595677287492 56.737179911539194 6.501957011416938 0.008902603537584175 0.24309892118307488 0.057242528474963646 
[1, 24, 48], [24, 15, 10], [1, 5, 5], [10, 10, 10], [1, 2], 20, 0.001, 1, False, False 1.7659038757284489 42.90590090607293 5.042585096905836 0.19566041425101788 3.770466955163535 0.7783981692450559 
[1, 24, 48], [24, 15, 15], [1, 5, 5], [10, 10, 10], [1, 2], 20, 0.001, 1, False, False 1.9146414135617247 43.628812709333886 5.477083489132681 0.15251738827035766 2.782856200467896 0.5493568370274003 
[1, 24, 48], [24, 1, 1], [1, 20, 20], [40, 40, 40], [1, 2], 20, 0.001, 1, False, False 1.7143416025848304 39.32940044420329 4.891135305288105 0.03621826262517532 0.834918964443178 0.20430740951078954 
[1, 24, 48], [24, 5, 1], [1, 5, 5], [40, 40, 40], [1, 2], 10, 0.001, 1, False, False 1.8823093198791703 44.525899244199785 5.575476783862089 0.06129896783042469 0.6298516778062856 0.2923367226459297 
[1, 24, 48], [24, 15, 15], [1, 10, 10], [10, 10, 10], [0, 1, 2], 10, 0.001, 1, False, False 1.7243957441438134 41.5301317096424 4.797055118245463 0.07588087436308158 1.1816297524651211 0.18412614149314951 
[1, 24, 48], [24, 1, 1], [1, 5, 5], [20, 20, 20], [1, 2], 20, 0.001, 1, False, False 1.8928515654057267 44.817242621372664 5.482859393319893 0.11338113061665141 2.2181233444603317 0.41598304254203616 
[1, 24, 48], [24, 15, 15], [1, 5, 5], [20, 20, 20], [1, 2], 1, 0.001, 1, False, False 2.0265260856460645 56.067373294090565 6.306145086917019 0.020397148559577055 0.3567201354027457 0.08402974044945133 
[1, 24, 48], [24, 15, 5], [1, 5, 5], [30, 30, 30], [1, 2], 5, 0.001, 1, False, False 1.7812800780766542 45.32821890397645 4.955506765368553 0.05312764510670032 0.8287999186459817 0.3136535401106477 
[1, 24, 48], [24, 15, 5], [1, 5, 5], [40, 40, 40], [1, 2], 5, 0.001, 1, False, False 1.6266443377291715 41.116453252733514 4.346126694176628 0.08558669056853274 2.9318125260960137 0.6028065887351591 
[1, 24, 48], [24, 15, 15], [1, 20, 20], [30, 30, 30], [1, 2], 5, 0.001, 1, False, False 1.748531658906076 43.05192450530234 5.07271291596817 0.056841371552294434 0.6743307658587361 0.13080059219515397 
[1, 24, 48], [24, 15, 10], [1, 5, 5], [20, 20, 20], [1, 2], 1, 0.001, 1, False, False 1.9572515022699477 54.540415996647376 5.938929990168305 0.05801273766615508 1.2226475255479872 0.2652793518447527 
[1, 24, 48], [24, 5, 1], [1, 5, 5], [30, 30, 30], [1, 2], 1, 0.001, 1, False, False 2.0205149381524987 56.0701268646072 6.336889744897661 0.024947186328487556 0.4556523783834138 0.08652720229657168 
[1, 24, 48], [24, 20, 5], [1, 5, 5], [10, 10, 10], [2], 20, 0.001, 1, False, False 1.7902102570152951 40.92232726477824 4.992098165356146 0.06288674395746434 1.4798266593598663 0.14852216911669344 
[1, 24, 48], [24, 5, 1], [1, 5, 5], [10, 10, 10], [1, 2], 1, 0.001, 1, False, False 1.9428134247108744 54.35330598060299 5.968036037315421 0.05555618543263292 1.1931765247659665 0.24619002008798715 
[1, 24, 48], [24, 1, 1], [1, 5, 5], [10, 10, 10], [1, 2], 20, 0.001, 1, False, False 1.8456289715099121 44.39931257442157 5.408629437771281 0.13810956998543886 2.955820948001947 0.6168274351297142 
[1, 24, 48], [24, 15, 1], [1, 5, 5], [20, 20, 20], [1, 2], 10, 0.001, 1, False, False 1.6627224081368366 40.6848713882546 4.785206867469703 0.01417874403544395 0.4035117993128981 0.08213840743650992 
[1, 24, 48], [24, 5, 1], [1, 20, 20], [30, 30, 30], [1, 2], 10, 0.001, 1, False, False 1.9455409741512053 44.78162472305024 5.606876035898576 0.0396788383734253 1.3895385546421954 0.22669618583677817 
[1, 24, 48], [24, 15, 15], [1, 5, 5], [40, 40, 40], [1, 2], 5, 0.001, 1, False, False 1.6596398930582736 42.33292875793513 4.799413085900762 0.14079920085582293 3.0127559177821936 0.48221685319180296 
[1, 24, 48], [24, 1, 1], [1, 5, 5], [40, 40, 40], [1, 2], 10, 0.001, 1, False, False 1.7690604550005118 42.51235116791875 4.969964630209141 0.1549820551775737 2.225372070944686 0.6030217355673332 
[1, 24, 48], [24, 20, 10], [1, 5, 5], [20, 20, 20], [2], 20, 0.001, 1, False, False 1.852232872170431 42.03093962415834 5.077570546642327 0.1242310120550739 3.239623034151584 0.44960805343612364 
[1, 24, 48], [24, 10, 1], [1, 20, 20], [40, 40, 40], [1, 2], 10, 0.001, 1, False, False 1.8354878057622253 43.79719799997191 5.427373577894628 0.11972269180981117 2.5217138070237097 0.4577521864261529 
[1, 24, 48], [24, 1, 1], [1, 10, 10], [20, 20, 20], [0, 1, 2], 20, 0.001, 1, False, False 1.8454023538226336 41.736764325561914 5.303467050358968 0.04565128619089122 1.1648267802738888 0.3526559140945696 
[1, 24, 48], [24, 20, 15], [1, 10, 10], [10, 10, 10], [2], 20, 0.001, 1, False, False 1.8116882020952534 40.59784397409587 4.825220797604575 0.023419542644154998 2.156926547692017 0.2107073552910387 
[1, 24, 48], [24, 15, 5], [1, 5, 5], [20, 20, 20], [0, 1, 2], 5, 0.001, 1, False, False 1.6297339477472834 42.04984363272296 4.639570182764971 0.10568040578072187 1.8979013988792273 0.41729341060704866 
[1, 24, 48], [24, 15, 1], [1, 5, 5], [30, 30, 30], [1, 2], 10, 0.001, 1, False, False 1.7036164536106366 41.13275355553526 4.757506672952105 0.10375339715258021 1.4630221802312904 0.5048569059220365 
[1, 24, 48], [24, 1, 1], [1, 5, 5], [20, 20, 20], [1, 2], 1, 0.001, 1, False, False 2.0033607179092034 55.38588403652809 6.1519784820473395 0.012293399582333797 0.6906501800292532 0.14231563127725505 
[1, 24, 48], [24, 5, 1], [1, 5, 5], [20, 20, 20], [1, 2], 5, 0.001, 1, False, False 1.583940630350952 40.095414688293836 4.233836478443326 0.09373499688893061 1.8100059353638243 0.33604218583211753 
[1, 24, 48], [24, 10, 1], [1, 20, 20], [30, 30, 30], [1, 2], 10, 0.001, 1, False, False 1.910841596250733 44.171898465746374 5.408915434312038 0.03368461704209505 1.3367412124023856 0.2550895079907874 
[1, 24, 48], [24, 10, 1], [1, 10, 10], [20, 20, 20], [0, 1, 2], 5, 0.001, 1, False, False 1.5266819171331552 39.269117950040275 4.3687958636575175 0.08212121206196817 1.787832030815853 0.3041360002187042 
[1, 24, 48], [24, 15, 15], [1, 5, 5], [20, 20, 20], [1, 2], 5, 0.001, 1, False, False 1.63952565546389 40.20807496309573 4.3292907468439905 0.1435955911542217 2.541082918723453 0.4916397169216895 
[1, 24, 48], [24, 1, 1], [1, 5, 5], [30, 30, 30], [1, 2], 10, 0.001, 1, False, False 1.799919620694386 42.48405720106853 5.176053519420347 0.08943821918197671 0.7514838333963765 0.1432456089655719 
[1, 24, 48], [24, 15, 1], [1, 5, 5], [10, 10, 10], [1, 2], 5, 0.001, 1, False, False 1.5021980168642823 40.38274137390611 4.041398833732672 0.16270008506933423 3.422434538049982 0.5898905230438347 
[1, 24, 48], [24, 15, 1], [1, 5, 5], [10, 10, 10], [0, 1, 2], 5, 0.001, 1, False, False 1.625151858492582 41.13150971174261 4.394508122143162 0.07259592904239592 1.2736190322514747 0.26292624248933905 
[1, 24, 48], [24, 15, 1], [1, 5, 5], [40, 40, 40], [1, 2], 10, 0.001, 1, False, False 1.6754535929058438 42.30312278911412 4.762199112568851 0.040617189199392355 2.011080284403301 0.4837710072949186 
[1, 24, 48], [24, 15, 1], [1, 5, 5], [20, 20, 20], [0, 1, 2], 5, 0.001, 1, False, False 1.6667947268320455 42.345097307842885 4.549469340126179 0.11091267531225396 2.221211441202855 0.3105863236461751 
[1, 24, 48], [24, 1, 1], [1, 5, 5], [20, 20, 20], [0, 1, 2], 5, 0.001, 1, False, False 1.586765473418766 43.043211594911924 4.262271785656363 0.11277833535169353 0.7826999904372945 0.3277334925293036 
[1, 24, 48], [24, 1, 1], [1, 5, 5], [10, 10, 10], [0, 1, 2], 1, 0.001, 1, False, False 2.0245393870329416 56.12611849280325 6.350423197611883 0.017951196195718205 0.29987934788610116 0.06627507710469674 
[1, 24, 48], [24, 5, 1], [1, 5, 5], [30, 30, 30], [1, 2], 5, 0.001, 1, False, False 1.5838904888265661 40.589263831642285 4.632280993331615 0.04603427295264754 1.2426319896017166 0.3498148303917458 
[1, 24, 48], [24, 15, 10], [1, 20, 20], [40, 40, 40], [1, 2], 10, 0.001, 1, False, False 1.8788860104702143 42.89813928949447 5.371734438563362 0.027490925756006077 1.0056899474829863 0.08536968742743264 
[1, 24, 48], [24, 15, 10], [1, 5, 5], [20, 20, 20], [1, 2], 5, 0.001, 1, False, False 1.6173057533800603 41.30715521819106 4.4987605408594975 0.03649857908176866 1.4309154025435615 0.192586776773364 
[1, 24, 48], [24, 5, 1], [1, 5, 5], [10, 10, 10], [1, 2], 5, 0.001, 1, False, False 1.717354113649991 43.09064287785381 4.73660659883906 0.06817171621537978 0.8384096597618099 0.3453844677842621 
[1, 24, 48], [24, 15, 5], [1, 20, 20], [30, 30, 30], [1, 2], 10, 0.001, 1, False, False 1.927096247452277 43.88582601711662 5.518412762628722 0.02548385696648267 0.31885307985172995 0.11485883728464026 
[1, 24, 48], [24, 15, 15], [1, 20, 20], [40, 40, 40], [1, 2], 10, 0.001, 1, False, False 1.8677235146363582 43.78871503778763 5.468633527947875 0.10579025981649826 1.415908386338517 0.2617537852793631 
[1, 24, 48], [24, 10, 1], [1, 5, 5], [30, 30, 30], [1, 2], 20, 0.001, 1, False, False 1.938538408555367 46.86768009308893 5.837469800050198 0.021167562145953934 0.4827999523924267 0.16734469813844174 
[1, 24, 48], [24, 1, 1], [1, 10, 10], [10, 10, 10], [0, 1, 2], 20, 0.001, 1, False, False 1.7720926758453805 41.63913338020556 4.878829166874733 0.05104449388166469 1.85428297107279 0.33130141685902453 
[1, 24, 48], [24, 10, 1], [1, 5, 5], [40, 40, 40], [1, 2], 1, 0.001, 1, False, False 2.037810574609924 56.26257104408203 6.3553327346607 0.015571731562466384 0.46292671113175854 0.08631588791675703 
[1, 24, 48], [24, 15, 10], [1, 5, 5], [40, 40, 40], [1, 2], 20, 0.001, 1, False, False 1.862706187643387 44.30952215827486 5.401746031737129 0.02093619456135926 0.2485826286785387 0.10238954823973138 
[1, 24, 48], [24, 15, 15], [1, 5, 5], [20, 20, 20], [0, 1, 2], 20, 0.001, 1, False, False 1.7621362839721977 42.40956554403754 4.963349524455924 0.0756638661466136 1.6027451951552463 0.3082543976477053 
[1, 24, 48], [24, 15, 5], [1, 5, 5], [20, 20, 20], [1, 2], 20, 0.001, 1, False, False 1.8934140438834832 45.08802706820197 5.477569467508352 0.03688692424230499 1.1187074825302328 0.20528609908097628 
[1, 24, 48], [24, 1, 1], [1, 10, 10], [20, 20, 20], [0, 1, 2], 1, 0.001, 1, False, False 1.9421727460015703 54.30243647417215 5.908482670568373 0.07884381690712403 1.8047500131111993 0.4281341897069124 
[1, 24, 48], [24, 15, 1], [1, 10, 10], [20, 20, 20], [0, 1, 2], 20, 0.001, 1, False, False 1.8563178865721939 43.30408854918566 5.359363586131328 0.11185173446433495 2.7876875070503475 0.5607168170918214 
[1, 24, 48], [24, 15, 10], [1, 20, 20], [30, 30, 30], [1, 2], 1, 0.001, 1, False, False 1.9947297611998185 54.88341536823689 6.045564148954238 0.07938165633892194 2.180429187880315 0.5135203922567434 
[1, 24, 48], [24, 15, 1], [1, 10, 10], [10, 10, 10], [0, 1, 2], 20, 0.001, 1, False, False 1.8527409654524594 42.549729892427116 5.384527172250839 0.129868636329223 2.197319780036081 0.5420911654346167 
[1, 24], [24, 15], [1, 10], [10, 10], [0, 1], 20, 0.001, 1, False, False 1.7795732586334154 43.12826961851365 5.06262657240357 0.033131165131212316 0.9667974044854749 0.2792077823651928 
[1, 24, 48], [24, 15, 15], [1, 5, 5], [20, 20, 20], [1, 2], 10, 0.001, 1, False, False 1.7440919494601317 42.56759776687945 5.140894136398458 0.13573814076249227 2.095222204199415 0.4444611766483272 
[1, 24, 48], [24, 15, 15], [1, 5, 5], [10, 10, 10], [1, 2], 1, 0.001, 1, False, False 1.966119463245074 54.91903720947236 6.06925207972654 0.06668505058636949 1.299304290327755 0.2907013724416596 
[1, 24, 48], [24, 5, 1], [1, 5, 5], [20, 20, 20], [0, 1, 2], 20, 0.001, 1, False, False 1.9263119720474442 45.22867400168234 5.56181805968312 0.022304473203378555 0.4399723801209605 0.05508155558200912 
[1, 24, 48], [24, 10, 1], [1, 5, 5], [10, 10, 10], [1, 2], 20, 0.001, 1, False, False 1.9716872197886313 45.55991234820298 5.8506432586581925 0.04110912566642856 1.1387432321190452 0.1763395585158747 
[1, 24, 48], [24, 15, 1], [1, 10, 10], [20, 20, 20], [0, 1, 2], 1, 0.001, 1, False, False 2.0356989904962206 56.328758911529945 6.394967288315577 0.02253838351276553 0.49653235471513824 0.11732858715944151 
[1, 24, 48], [24, 15, 1], [1, 5, 5], [10, 10, 10], [0, 1, 2], 1, 0.001, 1, False, False 2.024768868916564 56.0422239187869 6.3199962762050275 0.010925728204078071 0.2915799693785259 0.04935157177859711 
[1, 24, 48], [24, 15, 1], [1, 5, 5], [10, 10, 10], [1, 2], 10, 0.001, 1, False, False 1.7459971326230852 41.484418651652625 4.768398818792583 0.13366457985667776 2.3509875710521793 0.5075812158516109 
[1, 24, 48], [24, 1, 1], [1, 5, 5], [10, 10, 10], [0, 1, 2], 5, 0.001, 1, False, False 1.6576841855490654 42.29864249374274 4.742211023590628 0.1114348544946153 1.811506467546384 0.2941847509024671 
[1, 24, 48], [24, 5, 1], [1, 5, 5], [20, 20, 20], [1, 2], 10, 0.001, 1, False, False 1.803870647579984 42.46446614423035 5.074605850473195 0.2294323873917358 3.9892479644327805 0.9234830345773378 
[1, 24, 48], [24, 15, 15], [1, 20, 20], [30, 30, 30], [1, 2], 10, 0.001, 1, False, False 1.7802449721705038 41.65909984703723 5.092650190162516 0.06044389387790025 1.3821184846483423 0.21433684599289654 
[1, 24, 48], [24, 15, 5], [1, 5, 5], [40, 40, 40], [1, 2], 10, 0.001, 1, False, False 1.6473067190912036 39.876784713085065 4.616018281794451 0.12379577734387966 1.7971925987496569 0.5230711970120393 
[1, 24, 48], [24, 15, 5], [1, 5, 5], [10, 10, 10], [1, 2], 20, 0.001, 1, False, False 1.8991090538325137 43.459916830134574 5.377927012450768 0.0433618346353569 1.9600474188621881 0.42034585966556315 
[1, 24, 48], [24, 10, 1], [1, 5, 5], [40, 40, 40], [1, 2], 5, 0.001, 1, False, False 1.6647234989951059 42.53061197016091 4.80033620180667 0.11280873480753982 2.434385170611618 0.40076136600865303 
[1, 24, 48], [24, 10, 1], [1, 10, 10], [10, 10, 10], [0, 1, 2], 1, 0.001, 1, False, False 2.0014000462437114 55.340834709915306 6.132312082001367 0.04173341218879104 0.7334200326832228 0.1634434610768839 
[1, 24, 48], [24, 1, 1], [1, 20, 20], [30, 30, 30], [1, 2], 20, 0.001, 1, False, False 1.72611827377092 39.96261957415272 4.858098264937194 0.09836848749247375 1.4271080016918198 0.34496096226934353 
[1, 24, 48], [24, 15, 15], [1, 5, 5], [40, 40, 40], [1, 2], 10, 0.001, 1, False, False 1.6973924430846068 42.721590244880154 4.9982908620864315 0.13289206214833285 2.362283295291429 0.3708844707393588 
[1, 24, 48], [24, 5, 1], [1, 5, 5], [30, 30, 30], [1, 2], 10, 0.001, 1, False, False 1.7586303320609866 41.64039948075094 4.9853747721424995 0.14613825115719625 2.5891349329338604 0.6393575518527728 
[1, 24, 48], [24, 15, 5], [1, 5, 5], [30, 30, 30], [1, 2], 10, 0.001, 1, False, False 1.7989026444791651 43.84943831661736 5.17858950126011 0.18804049928130068 3.784885287061212 0.6166415584581479 
[1, 24, 48], [24, 15, 5], [1, 5, 5], [20, 20, 20], [1, 2], 1, 0.001, 1, False, False 1.9954799272947843 55.22796272669091 6.127690548503568 0.05890123534669781 1.366129742667261 0.33864557478428925 
[1, 24, 48], [24, 15, 10], [1, 20, 20], [30, 30, 30], [1, 2], 5, 0.001, 1, False, False 1.8192247698152515 43.9495852848213 5.1910199209952665 0.11517190063760775 2.2073204479270347 0.3647579195569372 
[1, 24, 48], [24, 1, 1], [1, 20, 20], [40, 40, 40], [1, 2], 1, 0.001, 1, False, False 1.7542925464334311 49.602817643777364 5.006692532487923 0.08938544091267345 2.4154093505798846 0.41796700471952214 
[1, 24, 48], [24, 5, 1], [1, 20, 20], [40, 40, 40], [1, 2], 20, 0.001, 1, False, False 1.7423516072470837 40.08588461822085 4.8126896663804954 0.02051539535896925 1.172584620647564 0.06656843708128897 
[1, 24, 48], [24, 15, 15], [1, 5, 5], [10, 10, 10], [0, 1, 2], 20, 0.001, 1, False, False 1.797729643034163 42.76742721552515 5.152976825311799 0.1165961834079967 1.7400973719362482 0.35019407109767176 
[1, 24, 48], [24, 15, 1], [1, 5, 5], [20, 20, 20], [1, 2], 20, 0.001, 1, False, False 1.954087577691233 46.613178263623006 5.969658933380849 0.06099428141248707 0.8060259877597036 0.21660500266305438 
[1, 24, 48], [24, 15, 15], [1, 5, 5], [10, 10, 10], [1, 2], 5, 0.001, 1, False, False 1.6810980449948045 43.77233157774676 4.542984742210562 0.05420387337033176 1.7926028904491256 0.18080154148072494 
[1, 24, 48], [24, 10, 1], [1, 5, 5], [30, 30, 30], [1, 2], 1, 0.001, 1, False, False 2.0391258343502323 56.53584994762209 6.420830818620444 0.0018645033979193112 0.12651174867391485 0.03151047256102137 
[1, 24, 48], [24, 15, 5], [1, 5, 5], [20, 20, 20], [0, 1, 2], 10, 0.001, 1, False, False 1.8058109370922601 43.74584199017696 5.0590292897729086 0.04882554294030378 0.4144194440519266 0.07430568426092024 
[1, 24, 48], [24, 15, 1], [1, 20, 20], [30, 30, 30], [1, 2], 20, 0.001, 1, False, False 1.798251003930691 40.192775316205235 5.302364154259458 0.06170288588806882 1.7209632175946457 0.13978849732782578 
[1, 24, 48], [24, 15, 5], [1, 20, 20], [40, 40, 40], [1, 2], 20, 0.001, 1, False, False 1.7108493473518784 39.940054581831525 4.81956216992809 0.06354257181251306 0.1676091432473408 0.24225627731450966 
[1, 24, 48], [24, 5, 1], [1, 5, 5], [40, 40, 40], [1, 2], 20, 0.001, 1, False, False 1.9043936785586462 44.477690758117916 5.5955531177124085 0.014497707238170555 0.07786549705078269 0.15526959992077055 
[1, 24, 48], [24, 15, 15], [1, 5, 5], [20, 20, 20], [0, 1, 2], 1, 0.001, 1, False, False 2.01090692287242 55.783932515509385 6.269234307626074 0.054461001504674755 1.0562289665839086 0.2456459516346113 
[1, 24, 48], [24, 15, 15], [1, 5, 5], [30, 30, 30], [1, 2], 1, 0.001, 1, False, False 2.016974678194081 56.118264312943815 6.308329355309005 0.022127884910681378 0.4840189179860104 0.11975680210394396 
[1, 24, 48], [24, 5, 1], [1, 20, 20], [30, 30, 30], [1, 2], 1, 0.001, 1, False, False 1.829155888132475 50.99529440871203 5.271407765053984 0.1028839152123872 2.3465214811143404 0.4504256438757933 
[1, 24, 48], [24, 15, 1], [1, 20, 20], [40, 40, 40], [1, 2], 1, 0.001, 1, False, False 1.7837337628558831 50.94021581670211 5.227655655556333 0.018293565286336775 0.5035165252337004 0.10542422461020202 
[1, 24, 48], [24, 1, 1], [1, 5, 5], [20, 20, 20], [0, 1, 2], 10, 0.001, 1, False, False 1.665056125088423 41.51008277210042 4.955161484246269 0.08005813245355914 1.4100850035291053 0.17980359166383178 
[1, 24, 48], [24, 15, 15], [1, 10, 10], [20, 20, 20], [0, 1, 2], 20, 0.001, 1, False, False 1.8909654346881093 44.42095127513403 5.344273449818313 0.026165937890489693 1.8210040377391172 0.2596086608942487 
[1, 24, 48], [24, 15, 10], [1, 5, 5], [30, 30, 30], [1, 2], 20, 0.001, 1, False, False 1.8376744017280917 43.386266816007605 5.2122778922867985 0.00878217018367059 1.0613713474127953 0.16583803060673885 
[1, 24, 48], [24, 15, 1], [1, 10, 10], [10, 10, 10], [0, 1, 2], 20, 0.001, 1, False, False 1.795307957587971 40.770835420509826 4.9275560187188425 0.027974919652396884 0.22177950846926645 0.20284363209479372 
[1, 24, 48], [24, 1, 1], [1, 20, 20], [40, 40, 40], [1, 2], 5, 0.001, 1, False, False 1.7237266815784906 41.85193727132969 5.033439180497335 0.0515366626993707 0.9618947006595899 0.17828066095859446 
[1, 24, 48], [24, 5, 1], [1, 5, 5], [10, 10, 10], [0, 1, 2], 20, 0.001, 1, False, False 1.872172710023545 45.36295817741141 5.5564160441822485 0.003847466831637033 0.3456279543918899 0.21892866394935334 
[1, 24, 48], [24, 15, 10], [1, 5, 5], [40, 40, 40], [1, 2], 1, 0.001, 1, False, False 2.0353110155297647 56.35528487993042 6.3789998066532725 0.022566080119216684 0.4752281539840655 0.1072465886827581 
[1, 24, 48], [24, 15, 1], [1, 5, 5], [10, 10, 10], [0, 1, 2], 5, 0.001, 1, False, False 1.5667096481141118 40.350446207543314 4.139960012105765 0.09831287657262304 1.2848035787504377 0.16060111800266683 
[1, 24, 48], [24, 15, 15], [1, 5, 5], [10, 10, 10], [0, 1, 2], 1, 0.001, 1, False, False 2.022473574015829 55.9504611509468 6.298027100798611 0.023149464439010746 0.4235293431488994 0.11440864423287748 
[1, 24, 48], [24, 5, 1], [1, 20, 20], [30, 30, 30], [1, 2], 20, 0.001, 1, False, False 1.7024846357465897 38.10126834816321 4.852594820253288 0.04867856914000582 1.313336235877707 0.2468424734729875 
[1, 24, 48], [24, 15, 1], [1, 10, 10], [20, 20, 20], [0, 1, 2], 5, 0.001, 1, False, False 1.5823498484437113 40.843213469859286 4.405509034745356 0.050392161169597036 1.3104517478945987 0.2700329827404624 
[1, 24, 48], [24, 10, 1], [1, 5, 5], [20, 20, 20], [0, 1, 2], 20, 0.001, 1, False, False 1.901896416658053 45.51188522568906 5.67070879908712 0.08628095954044421 1.0858750524579175 0.2225392270007874 
[1, 24, 48], [24, 10, 1], [1, 5, 5], [30, 30, 30], [1, 2], 5, 0.001, 1, False, False 1.539540684319757 40.46614408947514 4.260901681508019 0.046292984767259224 0.5806597379979952 0.35411539184366025 
[1, 24, 48], [24, 10, 1], [1, 10, 10], [20, 20, 20], [0, 1, 2], 10, 0.001, 1, False, False 1.8469110680537095 44.3763973883434 5.53003674156847 0.06551126674049294 1.7415398413407304 0.18207148645813934 
[1, 24, 48], [24, 15, 1], [1, 5, 5], [10, 10, 10], [0, 1, 2], 10, 0.001, 1, False, False 1.6277738826970263 41.04627795598922 4.585741912574112 0.11913949687755349 2.931271204775611 0.5344021449693239 
[1, 24, 48], [24, 15, 1], [1, 10, 10], [20, 20, 20], [0, 1, 2], 1, 0.001, 1, False, False 1.9634784954013647 54.65859631947483 5.999218166167044 0.01596331357940107 0.5472867320679444 0.1283522362225664 
[1, 24, 48], [24, 1, 1], [1, 5, 5], [40, 40, 40], [1, 2], 20, 0.001, 1, False, False 1.8490408404557794 43.22130542417565 5.43606278107318 0.04571049642428913 0.9507589641051518 0.0699338359217259 
[1, 24, 48], [24, 10, 1], [1, 10, 10], [10, 10, 10], [0, 1, 2], 5, 0.001, 1, False, False 1.579854991397373 38.921811858335154 4.5054852386620095 0.026354264564147308 0.4698744802720617 0.23339029201900843 
[1, 24, 48], [24, 5, 1], [1, 20, 20], [40, 40, 40], [1, 2], 1, 0.001, 1, False, False 1.9077771175514766 53.12645009109906 5.653783885822332 0.0883368525334205 2.3668026259591843 0.4874368469639349 
[1, 24, 48], [24, 15, 1], [1, 5, 5], [20, 20, 20], [0, 1, 2], 10, 0.001, 1, False, False 1.663401704723085 41.31807787377597 4.660144755653252 0.08289115822792224 1.464006410009713 0.2414027522392391 
[1, 24, 48], [24, 5, 1], [1, 5, 5], [20, 20, 20], [0, 1, 2], 1, 0.001, 1, False, False 1.9501328338627462 54.544071532974236 5.961753044209744 0.07311571376969436 1.3569228426389026 0.35726639978033836 
[1, 24, 48], [24, 15, 1], [1, 5, 5], [20, 20, 20], [0, 1, 2], 20, 0.001, 1, False, False 1.9271406135901266 45.44172519327609 5.570102671952923 0.02561854190648063 1.392672507073735 0.18343205747746752 
[1, 24, 48], [24, 10, 1], [1, 5, 5], [10, 10, 10], [0, 1, 2], 20, 0.001, 1, False, False 1.885598601331866 45.732375793664524 5.4785305924945575 0.09612725727269697 1.9942898956995365 0.5542232509502032 
[1, 24, 48], [24, 15, 5], [1, 10, 10], [20, 20, 20], [0, 1, 2], 20, 0.001, 1, False, False 1.8258298859966027 41.970499250575195 5.133842115198458 0.027941432465637198 0.7516579724303314 0.1361097984131384 
[1, 24, 48], [24, 15, 1], [1, 5, 5], [30, 30, 30], [1, 2], 20, 0.001, 1, False, False 1.8391870893951923 44.08382317653399 5.3003279875314 0.026024799695110477 0.8456848301922643 0.1717602168169073 
[1, 24, 48], [24, 5, 1], [1, 10, 10], [20, 20, 20], [0, 1, 2], 20, 0.001, 1, False, False 1.8960998024791484 43.12594569823991 5.492199914457367 0.0811864920476032 1.9995187613914542 0.42943072294243184 
[1, 24, 48], [24, 10, 1], [1, 20, 20], [30, 30, 30], [1, 2], 20, 0.001, 1, False, False 1.8059983733627536 40.20557919835014 5.14716429189447 0.06365187188823566 2.442338199483944 0.334247737611598 
[1, 24, 48], [24, 15, 1], [1, 10, 10], [10, 10, 10], [0, 1, 2], 1, 0.001, 1, False, False 2.0149617146010748 56.0282952209058 6.270859538444024 0.04049708117462466 0.841674582927503 0.2070949101160283 
[1, 24, 48], [24, 10, 1], [1, 5, 5], [40, 40, 40], [1, 2], 10, 0.001, 1, False, False 1.8167509209640607 43.084315252728636 5.003889230853066 0.08986228789746681 1.4683356452283292 0.3867896387339287 
[1, 24, 48], [24, 1, 1], [1, 20, 20], [30, 30, 30], [1, 2], 1, 0.001, 1, False, False 1.9690167706597732 54.26193150131848 5.873451836125592 0.04572300863741638 0.9695457496691603 0.253125320441943 
[1, 24, 48], [24, 5, 1], [1, 10, 10], [10, 10, 10], [0, 1, 2], 20, 0.001, 1, False, False 1.809754898550886 41.35509972768468 5.1054744106595065 0.1191192281206709 1.74762707952427 0.30839649719635415 
[1, 24, 48], [24, 15, 15], [1, 5, 5], [30, 30, 30], [1, 2], 5, 0.001, 1, False, False 1.663878774670539 42.86863124954193 4.597303826566353 0.05177074713160785 0.80130937516684 0.18443801147013997 
[1, 24, 48], [24, 1, 1], [1, 5, 5], [30, 30, 30], [1, 2], 20, 0.001, 1, False, False 1.9489689263618661 45.443026795692354 5.704793601153438 0.08542133313696836 1.2088382451362956 0.23985193251027462 
[1, 24, 48], [24, 10, 1], [1, 20, 20], [40, 40, 40], [1, 2], 20, 0.001, 1, False, False 1.650127263229203 37.77024645951865 4.560806123126665 0.0450961428660269 0.7020260066288999 0.09719960858284463 
[1, 24, 48], [24, 15, 5], [1, 10, 10], [10, 10, 10], [0, 1, 2], 20, 0.001, 1, False, False 1.832314633260723 41.78274460491036 5.019384297180033 0.1491262465380171 2.8880006208916353 0.5876104705800527 
[1, 24, 48], [24, 15, 1], [1, 5, 5], [40, 40, 40], [1, 2], 1, 0.001, 1, False, False 1.9872409607801174 54.78772217588364 6.038998477362807 0.037268086443573135 0.5616647961991521 0.1263017639858862 
[1, 24, 48], [24, 15, 1], [1, 20, 20], [40, 40, 40], [1, 2], 5, 0.001, 1, False, False 1.6942853617309426 41.846153881619635 4.915356205983023 0.1730894902035949 3.877931899196917 0.6153080039283123 
[1, 24, 48], [24, 10, 1], [1, 20, 20], [40, 40, 40], [1, 2], 1, 0.001, 1, False, False 1.8193550303302428 50.87368080472422 5.279083333811516 0.04912432107526037 1.7301325262176288 0.2269797035084388 
[1, 24, 48], [24, 15, 1], [1, 10, 10], [10, 10, 10], [0, 1, 2], 1, 0.001, 1, False, False 1.9531053129169675 54.57340383737488 6.03083614548495 0.07202190127272372 1.8216881457970249 0.39729862049678905 
[1, 24, 48], [24, 10, 1], [1, 5, 5], [20, 20, 20], [0, 1, 2], 1, 0.001, 1, False, False 2.045557904298659 56.87525211493394 6.500426152578652 0.0075179389108384655 0.2584147191744323 0.059073978860875447 
[1, 24, 48], [24, 1, 1], [1, 5, 5], [40, 40, 40], [1, 2], 1, 0.001, 1, False, False 1.9965525945855511 55.603212449969284 6.2195041328216805 0.05256047447200937 0.9565804347430598 0.24106483582004198 
[1, 24, 48], [24, 15, 10], [1, 5, 5], [30, 30, 30], [1, 2], 1, 0.001, 1, False, False 1.954138103541401 54.65135280430593 5.973452716433163 0.04188449822961946 0.9069814227077855 0.18416493387672986 
[1, 24, 48], [24, 15, 5], [1, 5, 5], [10, 10, 10], [0, 1, 2], 1, 0.001, 1, False, False 2.043537699513965 56.39890965103575 6.391874777452266 0.016417545703059876 0.6241930798657852 0.15331803239494918 
[1, 24, 48], [24, 5, 1], [1, 5, 5], [10, 10, 10], [0, 1, 2], 1, 0.001, 1, False, False 2.0195184305310248 55.890007736559085 6.2716463485432525 0.04226546599073921 0.764560692663539 0.1843473257263732 
[1, 24, 48], [24, 15, 15], [1, 10, 10], [10, 10, 10], [0, 1, 2], 20, 0.001, 1, False, False 1.8287954351554319 42.02356789702164 5.122323556102947 0.10684742668315837 1.8530822788250925 0.3705264992464857 
[1, 24, 48], [24, 15, 10], [1, 20, 20], [30, 30, 30], [1, 2], 10, 0.001, 1, False, False 1.8120639454021499 42.681294470248474 5.162243661859384 0.06886801411971953 0.5821761223267553 0.2554554113176432 
[1, 24, 48], [24, 15, 5], [1, 10, 10], [20, 20, 20], [0, 1, 2], 1, 0.001, 1, False, False 1.951214437876586 54.07062713060997 5.876677917617354 0.0813321735733581 1.7194859220873853 0.32867134711891255 
[1, 24, 48], [24, 15, 15], [1, 5, 5], [20, 20, 20], [0, 1, 2], 5, 0.001, 1, False, False 1.6576612705433809 42.70764560143659 4.597414666682096 0.1674262256222616 3.1188869840519136 0.57642555212141 
[1, 24, 48], [24, 15, 10], [1, 5, 5], [40, 40, 40], [1, 2], 5, 0.001, 1, False, False 1.5873453088518648 41.74273514145673 4.232355684592755 0.12458914053771014 2.034179669357318 0.5182411961601501 
[1, 24, 48], [24, 5, 1], [1, 20, 20], [40, 40, 40], [1, 2], 5, 0.001, 1, False, False 1.8462387448935604 43.12658188232769 5.244247599478855 0.0645205978161954 0.9905246620441317 0.2674112621974871 
[1, 24, 48], [24, 15, 5], [1, 20, 20], [30, 30, 30], [1, 2], 20, 0.001, 1, False, False 1.7265588924426727 40.30253285034772 4.657740014421403 0.03888117505047569 0.6183752667969306 0.1896452929415909 
[1, 24, 48], [24, 1, 1], [1, 20, 20], [30, 30, 30], [1, 2], 5, 0.001, 1, False, False 1.7038450642178462 42.03073030884289 5.0195462596267175 0.06195027442071128 1.7737732080531616 0.25504506545988204 
[1, 24, 48], [24, 15, 1], [1, 5, 5], [40, 40, 40], [1, 2], 20, 0.001, 1, False, False 1.879423404333217 44.23121094367688 5.419563312823147 0.05636959405981454 1.744957606056227 0.21578871239443734 
[1, 24, 48], [24, 5, 1], [1, 5, 5], [30, 30, 30], [1, 2], 20, 0.001, 1, False, False 1.8847670074690275 45.05072191391054 5.545419338046993 0.09905213376450295 2.0424731290165683 0.5647998547231357 
[1, 24, 48], [24, 15, 10], [1, 20, 20], [40, 40, 40], [1, 2], 20, 0.001, 1, False, False 1.648472171856298 38.05102371558661 4.3936375876732825 0.08215948430630925 2.1845649486431795 0.3160472913764983 
[1, 24, 48], [24, 15, 5], [1, 20, 20], [40, 40, 40], [1, 2], 1, 0.001, 1, False, False 1.790326308514233 49.77668649709879 5.158539760447153 0.060002155300519035 1.9819121369765493 0.2647635082068306 
[1, 24, 48], [24, 15, 15], [1, 20, 20], [40, 40, 40], [1, 2], 20, 0.001, 1, False, False 1.8150303978197007 41.10871437489059 5.129751337100978 0.06319893372837447 0.8081700157105043 0.32406686809154306 
[1, 24, 48], [24, 15, 1], [1, 5, 5], [40, 40, 40], [1, 2], 5, 0.001, 1, False, False 1.6539532629704035 41.78183895935155 4.892385693609281 0.10607849121549104 2.713385221714874 0.7457501303494595 
[1, 24, 48], [24, 15, 1], [1, 5, 5], [30, 30, 30], [1, 2], 1, 0.001, 1, False, False 1.9567791966652426 54.87871667727743 6.0625223049842205 0.03937860839082224 0.5075638180716808 0.10354195627871451 
[1, 24, 48], [24, 15, 1], [1, 20, 20], [30, 30, 30], [1, 2], 1, 0.001, 1, False, False 1.8821770052115123 52.42769011145694 5.601977268909168 0.05021275731784815 1.292553425870629 0.22455189053665076 
[1, 24, 48], [24, 1, 1], [1, 20, 20], [40, 40, 40], [1, 2], 10, 0.001, 1, False, False 1.8960380278665714 44.442296257978164 5.457266381360699 0.10967949902075097 3.2672031379492323 0.4150191972536852 
[1, 24, 48], [24, 15, 1], [1, 10, 10], [20, 20, 20], [0, 1, 2], 5, 0.001, 1, False, False 1.6209471396687964 41.07444913244544 4.781034533088228 0.10639597362133017 1.4376680413146177 0.3624375005506107 
[1, 24, 48], [24, 5, 1], [1, 5, 5], [20, 20, 20], [0, 1, 2], 5, 0.001, 1, False, False 1.5276337633392327 38.04332157219654 4.242424074187401 0.028600174658708847 1.358690649001619 0.2190656845362038 
[1, 24, 48], [24, 15, 10], [1, 5, 5], [30, 30, 30], [1, 2], 5, 0.001, 1, False, False 1.679407435131294 42.96442322598165 4.721041037110353 0.10586671954437916 1.5652432255941735 0.1981965109382727 
[1, 24, 48], [24, 15, 1], [1, 10, 10], [10, 10, 10], [0, 1, 2], 5, 0.001, 1, False, False 1.5986529735365405 39.51666715523876 4.4543164862421945 0.07268661504779565 2.41619809168031 0.20587466571624047 
[1, 24, 48], [24, 10, 1], [1, 5, 5], [30, 30, 30], [1, 2], 10, 0.001, 1, False, False 1.7602575231619462 41.475645779905086 4.869226483377118 0.007789497334960725 1.3315574850277336 0.05443946565581225 
[1, 24, 48], [24, 15, 5], [1, 5, 5], [10, 10, 10], [0, 1, 2], 5, 0.001, 1, False, False 1.71957984947496 46.486766301966185 4.633937998605542 0.1232708815918999 3.1149190924288703 0.5222656727646948 
[1, 24, 48], [24, 15, 15], [1, 20, 20], [30, 30, 30], [1, 2], 20, 0.001, 1, False, False 1.736363998441785 39.5264297262836 4.742336919606568 0.08367264743749948 0.8345509672850149 0.3625216997774027 
[1, 24, 48], [24, 15, 5], [1, 5, 5], [40, 40, 40], [1, 2], 20, 0.001, 1, False, False 1.9274438427692215 44.656064825491335 5.688440275654827 0.11945379382644447 1.9295884271363086 0.46631978493627124 
[1, 24, 48], [24, 15, 1], [1, 10, 10], [20, 20, 20], [0, 1, 2], 10, 0.001, 1, False, False 1.7347872739588777 41.493690830183475 4.887131502435635 0.1519029141425865 3.7035756098745307 0.5312096083514147 
[1, 24, 48], [24, 15, 1], [1, 5, 5], [10, 10, 10], [0, 1, 2], 10, 0.001, 1, False, False 1.7406723213968458 41.52988079830121 4.910480065447716 0.18520314748932631 3.2639827717975725 0.7134688132629903 
[1, 24, 48], [24, 15, 5], [1, 20, 20], [40, 40, 40], [1, 2], 5, 0.001, 1, False, False 1.8236500315782103 43.183063379046324 5.152531595465212 0.10163563822446027 2.506182837349844 0.36780590441261984 
[1, 24, 48], [24, 15, 15], [1, 5, 5], [30, 30, 30], [1, 2], 10, 0.001, 1, False, False 1.7495839010786136 42.95360959752438 5.077710224590312 0.10497435842781636 1.151125713309853 0.5045950017475175 
[1, 24, 48], [24, 10, 1], [1, 10, 10], [10, 10, 10], [0, 1, 2], 10, 0.001, 1, False, False 1.7606116746310836 42.50434414004791 5.042499904987726 0.10280357252527948 0.7983466670911832 0.23249810430327358 
[1, 24, 48], [24, 15, 5], [1, 20, 20], [30, 30, 30], [1, 2], 1, 0.001, 1, False, False 1.8755640772205815 51.24137193456358 5.364144763700087 0.022168819923335678 0.6784376447779221 0.08260396743555033 
[1, 24, 48], [24, 15, 15], [1, 20, 20], [40, 40, 40], [1, 2], 1, 0.001, 1, False, False 1.8786033150774462 52.13755533150758 5.448621350991719 0.09117584235174214 1.053101473088368 0.19274568624607855 
[1, 24, 48], [24, 15, 1], [1, 20, 20], [40, 40, 40], [1, 2], 10, 0.001, 1, False, False 1.8682043616556465 43.361278981694966 5.332912070819236 0.050231927838153896 0.9154661647022041 0.18286519542221505 
[1, 24, 48], [24, 15, 15], [1, 5, 5], [40, 40, 40], [1, 2], 20, 0.001, 1, False, False 1.7827065140836773 41.923115844628946 5.081298270361532 0.05138720990684476 2.1988825815880024 0.3687862320433535 
[1, 24, 48], [24, 15, 1], [1, 20, 20], [30, 30, 30], [1, 2], 5, 0.001, 1, False, False 1.761613232766589 43.191786126480345 5.0618034571248165 0.026949243928403657 0.6230434908620256 0.08812987878806683 
[1, 24, 48], [24, 15, 10], [1, 5, 5], [40, 40, 40], [1, 2], 10, 0.001, 1, False, False 1.6556866604972775 41.35097777845695 4.575205247047332 0.0450764811573733 1.3989264182048267 0.3193577598773605 
[1, 24, 48], [24, 15, 5], [1, 5, 5], [30, 30, 30], [1, 2], 20, 0.001, 1, False, False 2.0120153450855507 45.335093918073284 5.932600966095286 0.01357722013613719 1.0656796841288856 0.10991055538249424 
[1, 24, 48], [24, 15, 15], [1, 20, 20], [30, 30, 30], [1, 2], 1, 0.001, 1, False, False 1.859197911068245 52.16337105879335 5.453989812646051 0.01634235704032435 0.6523706396959603 0.15088507935046758 
[1, 24, 48], [24, 15, 5], [1, 5, 5], [40, 40, 40], [1, 2], 1, 0.001, 1, False, False 1.9493081272752197 54.94951270400022 6.039859744912772 0.03853803739140277 0.9059037055783942 0.20859003694779016 
[1, 24, 48], [24, 15, 15], [1, 20, 20], [40, 40, 40], [1, 2], 5, 0.001, 1, False, False 1.726264018427443 41.9934526061854 4.970528301561466 0.07321884031383336 1.561526284520798 0.2678445171897531 
[1, 24, 48], [24, 15, 5], [1, 20, 20], [30, 30, 30], [1, 2], 5, 0.001, 1, False, False 1.7225034189031085 41.171408287574856 4.733662273552203 0.06284721598738253 0.9325751209528766 0.10811542978312397 
[1, 24, 48], [24, 10, 1], [1, 5, 5], [40, 40, 40], [1, 2], 20, 0.001, 1, False, False 1.9272639068740391 45.943000332063775 5.708807561972463 0.044018350679073316 1.7066035432892566 0.3505244465682908 
[1, 24, 48], [24, 15, 5], [1, 20, 20], [40, 40, 40], [1, 2], 10, 0.001, 1, False, False 1.9106025286984671 44.2112922756132 5.423044533678115 0.055458713531483766 0.5892507314358116 0.21835009762841748 
[1, 24, 48], [24, 15, 10], [1, 20, 20], [30, 30, 30], [1, 2], 20, 0.001, 1, False, False 1.7274346847501072 39.175882211071006 4.7485125320978945 0.003589922738248077 0.04746994543771924 0.08961003177500006 
[1, 24, 48], [24, 15, 1], [1, 20, 20], [30, 30, 30], [1, 2], 10, 0.001, 1, False, False 1.8841688857586298 43.27692103802909 5.394032021184279 0.031244693174839168 1.3243444443524728 0.24208526166986594 
[1, 24, 48], [24, 10, 1], [1, 10, 10], [20, 20, 20], [0, 1, 2], 20, 0.001, 1, False, False 1.907283147590028 44.36528329180408 5.624591308236579 0.05632466111914772 0.5362086123996905 0.16059875399433618 
[1, 24, 48], [24, 15, 1], [1, 5, 5], [10, 10, 10], [0, 1, 2], 20, 0.001, 1, False, False 1.9031672456060298 44.41696964289854 5.481668570927018 0.07773970339038029 1.3346789988478047 0.4035123330102569 
[1, 24, 48], [24, 15, 1], [1, 5, 5], [20, 20, 20], [0, 1, 2], 20, 0.001, 1, False, False 1.8100200219976685 43.74348098059704 5.138748613416096 0.13452574627380193 2.799321343204477 0.6048248712289072 
[1, 24, 48], [24, 15, 15], [1, 5, 5], [30, 30, 30], [1, 2], 20, 0.001, 1, False, False 1.8123710753051225 42.892152019057086 5.291493429587681 0.07664187686547214 1.718568176015502 0.3549247688105656 
[1, 24, 48], [24, 15, 1], [1, 20, 20], [40, 40, 40], [1, 2], 20, 0.001, 1, False, False 1.6578877538028693 38.06865728545241 4.6320630002872205 0.03907486375121954 0.16203557043342373 0.2243458324837306 
