lags time_steps dense_nodes lstm_nodes processed scales                        epochs l2 learning_rate mean_mae mean_mape mean_mse                         std mae std_mape std_mse 
[1, 24], [24, 5], [1, 10], [20, 20], [0, 1], 1, 0.001, 1, False, True 3.530722140253919 156.92873191924377 15.548316625149425 0.3608627538559822 14.912466864515372 2.9140214385176173 
[1, 24], [24, 5], [1, 10], [30, 30], [0, 1], 1, 0.001, 1, False, True 4.679978306817012 203.49977867467996 27.089525398537177 0.4920175659118741 20.64547892506492 5.410762186409566 
[1, 24], [24, 5], [1, 5], [20, 20], [0, 1], 1, 0.001, 1, False, True 3.17287366843084 139.88647306891264 12.967822416384536 0.47167778171106817 18.907394863930563 3.7618844360448147 
[1, 24], [24, 5], [1, 5], [30, 30], [0, 1], 1, 0.001, 1, False, True 3.6882461499466985 163.9283897210574 18.98863149086238 1.3584462284005183 60.68581541632765 10.599277219457264 
[1, 24], [24, 10], [1, 5], [20, 20], [0, 1], 1, 0.001, 1, False, True 3.606948555449533 159.72190339159445 15.86091243151749 0.3041519853210008 12.908560499824185 2.3589433401399895 
[1, 24], [24, 10], [1, 5], [30, 30], [0, 1], 1, 0.001, 1, False, True 4.132816071130112 187.10172157491297 21.962698042216175 0.1923830623407465 6.985272832547498 2.2774837144782136 
[1, 24], [24, 10], [1, 10], [20, 20], [0, 1], 1, 0.001, 1, False, True 3.7519545349102743 166.86461341372208 17.939188258186103 0.334608560334114 15.889453982307458 2.80104307938735 
[1, 24], [24, 15], [1, 5], [30, 30], [0, 1], 1, 0.001, 1, False, True 4.674212419934985 209.02411895175032 27.51556018779358 0.43245409235006455 18.32353481099706 5.05758583996737 
[1, 24], [24, 15], [1, 10], [30, 30], [0, 1], 1, 0.001, 1, False, True 4.779587832626703 206.44805963733845 29.164113580917732 1.114675105129464 49.82225680221146 12.281904865585672 
[1, 24], [24, 15], [1, 10], [20, 20], [0, 1], 1, 0.001, 1, False, True 2.9001213672982655 126.25074112428803 10.898512299804702 0.13915310395753971 6.982078731803689 0.9045049956052053 
[1, 24], [24, 15], [1, 5], [20, 20], [0, 1], 1, 0.001, 1, False, True 3.773193104089566 167.86795392660392 17.580838765173663 0.334916248646971 14.840712288397835 2.8992252751588787 
[1, 24], [24, 20], [1, 5], [30, 30], [0, 1], 1, 0.001, 1, False, True 5.552257584014271 241.8149462878852 38.135937136247975 0.5215568421712699 23.507631841567044 9.124802117823029 
[1, 24], [24, 20], [1, 5], [20, 20], [0, 1], 1, 0.001, 1, False, True 3.0557296354746177 136.76412876875 12.414955957326923 0.7946272465651263 34.39835998503948 6.0685216400780115 
[1, 24], [24, 10], [1, 10], [30, 30], [0, 1], 1, 0.001, 1, False, True 5.038090162834636 222.4144531189977 32.15005645919749 1.1824840246333457 52.54945584096727 13.978891020581774 
[1, 24], [24, 20], [1, 10], [20, 20], [0, 1], 1, 0.001, 1, False, True 3.675449127542649 162.64918255448268 16.31033650614766 0.16117305198759016 6.979205959180837 1.7102388482966435 
[1, 24], [24, 20], [1, 10], [30, 30], [0, 1], 1, 0.001, 1, False, True 5.084523590645296 219.62195425355503 32.39575777192699 0.5011681457457329 23.734532115395794 5.122684173413871 
[1, 24], [24, 5], [1, 5], [20, 20], [1], 1, 0.001, 1, False, True 1.8161182467557317 82.33349521083592 4.508821817786539 0.10167601751889524 4.614724296943249 0.48645349275157096 
[1, 24], [24, 5], [1, 10], [30, 30], [1], 1, 0.001, 1, False, True 3.3793145034591565 149.46713678798366 15.95363564833376 0.3300852504312548 17.039838018696436 2.623052498163787 
[1, 24], [24, 10], [1, 10], [20, 20], [1], 1, 0.001, 1, False, True 2.5982159583217084 116.21328691309174 9.314292897694346 0.3107375011898131 13.716652915892084 2.3815424822367413 
[1, 24], [24, 15], [1, 5], [30, 30], [1], 1, 0.001, 1, False, True 2.261633036971196 100.36640771726667 7.094638465732413 0.4017765055596849 16.091563231225223 2.7246428034951196 
[1, 24], [24, 20], [1, 5], [20, 20], [1], 1, 0.001, 1, False, True 2.0544871617099965 92.89531634710552 5.733161005403335 0.5571756599046437 22.806368316267907 2.552643380557902 
[1, 24], [24, 20], [1, 10], [30, 30], [1], 1, 0.001, 1, False, True 2.1071969734345295 95.81621445224376 6.449721031290757 0.46848081396022745 20.62025201083003 2.3810174774301616 
[1, 24], [24, 5], [1, 5], [30, 30], [1], 1, 0.001, 1, False, True 1.8752977191347957 85.916645830052 4.8564304243203145 0.31751076635946607 13.953030077411455 1.3954766193351331 
[1, 24], [24, 10], [1, 10], [30, 30], [1], 1, 0.001, 1, False, True 2.384779344490489 106.59099007611138 7.871309690670753 0.11226692615573229 4.840821551089158 0.3455626099835183 
[1, 24], [24, 10], [1, 5], [20, 20], [1], 1, 0.001, 1, False, True 1.3974353246196796 64.62535642354055 2.835920738853505 0.24856352720210037 12.261420949353697 0.8618205036704908 
[1, 24, 48], [24, 5, 5], [1, 10, 10], [20, 20, 20], [1, 2], 1, 0.001, 1, False, True 2.21633203898867 99.27092348376156 11.052965083621203 1.3989076291486735 64.85690933923681 12.535975763185542 
[1, 24], [24, 15], [1, 10], [20, 20], [1], 1, 0.001, 1, False, True 2.4122845831844546 110.60424216611659 7.471360714951117 0.06085483468989407 2.7451218331934477 0.36516938451814723 
[1, 24], [24, 20], [1, 5], [30, 30], [1], 1, 0.001, 1, False, True 1.676029710894822 76.46928337001334 3.860375305871876 0.1667341382292189 6.255359120860755 0.6714329089465204 
[1, 24, 48], [24, 5, 5], [1, 20, 20], [30, 30, 30], [1, 2], 1, 0.001, 1, False, True 2.4054194630175414 104.67915700359704 10.014525470463413 0.9166927253313423 41.44430992515791 6.580198094172522 
[1, 24, 48], [24, 10, 5], [1, 20, 20], [20, 20, 20], [1, 2], 1, 0.001, 1, False, True 2.0319786814610583 92.17213349608943 5.667096780778974 0.33163306340584014 19.04917611700529 1.7086791906281351 
[1, 24, 48], [24, 15, 5], [1, 10, 10], [30, 30, 30], [1, 2], 1, 0.001, 1, False, True 2.5916607871237733 111.5373090024816 9.393973060208003 0.2742966447299925 10.343644396776693 2.4510022173900925 
[1, 24, 48], [24, 20, 20], [1, 10, 10], [20, 20, 20], [0, 1, 2], 1, 0.001, 1, False, True 2.914724824700885 128.97622403980586 12.082405983046916 0.7561343860958643 33.07371847205207 6.2982730306907815 
[1, 24], [24, 5], [1, 10], [20, 20], [1], 1, 0.001, 1, False, True 2.38896426381802 107.5825863907852 8.386765835009614 0.4617800027639188 19.143299567286125 3.3224930026927884 
[1, 24, 48], [24, 20, 20], [1, 20, 20], [30, 30, 30], [0, 1, 2], 1, 0.001, 1, False, True 2.9300810261683417 124.65802954466308 12.83530885638919 0.7938148501792704 35.80016890624013 5.763584311818809 
[1, 24, 48], [24, 20, 15], [1, 10, 10], [30, 30, 30], [0, 1, 2], 1, 0.001, 1, False, True 4.01610750251868 173.8524842252949 24.160280114302925 0.3445942196008565 15.758036440326766 3.3253349804890497 
[1, 24, 48], [24, 20, 10], [1, 20, 20], [20, 20, 20], [0, 1, 2], 1, 0.001, 1, False, True 3.6572214922939392 156.18286746706642 19.444538715936634 0.8118989746451322 35.053404038514 8.114301353210859 
[1, 24, 48], [24, 5, 5], [1, 10, 10], [20, 20, 20], [0, 1, 2], 1, 0.001, 1, False, True 3.0203633405776973 128.7215046127163 12.752907167430147 0.7010619976364393 30.45027417978196 5.344679190635347 
[1, 24], [24, 10], [1, 5], [30, 30], [1], 1, 0.001, 1, False, True 1.6276876033464864 74.84443449225279 3.542607346826719 0.2585743960468715 12.808070363687463 1.0154478425274196 
[1, 24], [24, 15], [1, 5], [20, 20], [1], 1, 0.001, 1, False, True 1.599972378415987 74.4885621830664 3.7605910967554386 0.5097106767198153 22.6879452793576 2.1966196983302084 
[1, 24, 48], [24, 20, 5], [1, 20, 20], [30, 30, 30], [0, 1, 2], 1, 0.001, 1, False, True 4.296514022841197 184.27448292568928 27.36526575496478 1.0493942049074412 45.1313366195105 11.065292428583533 
[1, 24], [24, 15], [1, 10], [30, 30], [1], 1, 0.001, 1, False, True 1.7147582743575596 79.2303143574 4.0742704471654525 0.13368389122815463 5.565961854680467 0.6228732268684062 
[1, 24, 48], [24, 20, 5], [1, 10, 10], [20, 20, 20], [0, 1, 2], 1, 0.001, 1, False, True 3.031346549521011 130.57293827243564 14.002317507557303 0.6039057426596035 26.493827458611115 5.715849423539283 
[1, 24], [24, 20], [1, 10], [20, 20], [1], 1, 0.001, 1, False, True 1.82062063369969 84.37352348406738 4.608372788096265 0.1259850241217956 5.220975498805265 0.6346217804127683 
[1, 24, 48], [24, 5, 5], [1, 20, 20], [30, 30, 30], [0, 1, 2], 1, 0.001, 1, False, True 4.156016659425223 176.70725113418737 26.197660652234585 0.8931870188028178 39.95324620004725 11.09872008815458 
[1, 24, 48], [24, 10, 5], [1, 20, 20], [20, 20, 20], [0, 1, 2], 1, 0.001, 1, False, True 3.9457088166925445 166.10267877641897 21.11621744248837 0.3894865270428894 15.349760527041001 4.193009721585285 
[1, 24, 48], [24, 15, 5], [1, 10, 10], [30, 30, 30], [0, 1, 2], 1, 0.001, 1, False, True 3.3115427388950835 138.98351419487702 15.575734385986301 0.22693047564938193 9.316307334534638 2.466527995455343 
[1, 24, 48], [24, 5, 5], [1, 10, 10], [30, 30, 30], [1, 2], 1, 0.001, 1, False, True 3.126637235024828 133.26237147109575 15.141428836135356 0.9460008948839466 43.625954547839726 9.193568098923981 
[1, 24, 48], [24, 10, 5], [1, 10, 10], [20, 20, 20], [1, 2], 1, 0.001, 1, False, True 3.2919764179641526 148.21978218341178 15.68015821184764 0.6234014518369557 24.85577092165067 6.3892475866635765 
[1, 24, 48], [24, 15, 5], [1, 20, 20], [20, 20, 20], [1, 2], 1, 0.001, 1, False, True 1.9611464182139133 86.76841412583654 5.287317111388178 0.28114587433206195 17.66569129930659 1.1571184991570849 
[1, 24, 48], [24, 10, 5], [1, 20, 20], [30, 30, 30], [1, 2], 1, 0.001, 1, False, True 1.9812663168284217 89.44779141758916 5.962519042761266 0.5473334168062569 18.564874995953968 3.2896996690928155 
[1, 24, 48], [24, 20, 15], [1, 10, 10], [30, 30, 30], [1, 2], 1, 0.001, 1, False, True 2.864327261301138 125.38922114624143 11.687835280426496 0.8998550419555982 36.86014990522236 6.393544197044963 
[1, 24, 48], [24, 20, 5], [1, 10, 10], [20, 20, 20], [1, 2], 1, 0.001, 1, False, True 2.756744600905115 118.30496216264112 10.916881262312529 0.2300757534134693 11.732020853355081 2.051625092133963 
[1, 24, 48], [24, 20, 10], [1, 20, 20], [20, 20, 20], [1, 2], 1, 0.001, 1, False, True 2.2400808708845745 104.6911020936803 9.699583916080902 1.0464002665909387 43.77221501352541 7.483947121096347 
[1, 24, 48], [24, 20, 5], [1, 20, 20], [30, 30, 30], [1, 2], 1, 0.001, 1, False, True 2.367278930299088 106.4978829419383 9.537429110310404 0.7523241487551805 37.384521582462284 6.06427317391626 
[1, 24, 48], [24, 20, 20], [1, 10, 10], [30, 30, 30], [0, 1, 2], 1, 0.001, 1, False, True 2.8625342773008424 121.65264423830865 11.554814940733777 0.2777017337946356 10.607511756300665 1.5037685772197031 
[1, 24, 48], [24, 20, 15], [1, 20, 20], [20, 20, 20], [0, 1, 2], 1, 0.001, 1, False, True 2.923577556156724 124.4231672000712 13.004547660223787 0.36613414444465847 15.70024222019683 2.939044116209586 
[1, 24, 48], [24, 5, 5], [1, 10, 10], [20, 20, 20], [2], 1, 0.001, 1, False, True 1.9838851718645962 91.55393411593293 5.3294881388343915 0.7187402602829775 35.04646247466613 2.8668078516118847 
[1, 24, 48], [24, 5, 5], [1, 20, 20], [30, 30, 30], [2], 1, 0.001, 1, False, True 1.225814876843382 58.84798944653028 2.3574092765764356 0.2666886135938656 12.892034653724718 1.0385237858842011 
[1, 24, 48], [24, 20, 20], [1, 10, 10], [20, 20, 20], [2], 1, 0.001, 1, False, True 2.284481227018491 102.79876201337923 7.673118197176547 0.8110842625104686 36.95180056719078 4.427752412493995 
[1, 24, 48], [24, 20, 15], [1, 10, 10], [30, 30, 30], [2], 1, 0.001, 1, False, True 1.8755934688038434 82.70645359451484 4.727664281826004 0.5517812864849508 29.216521124572427 2.234969160510495 
[1, 24, 48], [24, 20, 10], [1, 20, 20], [20, 20, 20], [2], 1, 0.001, 1, False, True 1.8316573036558654 87.63266488427713 4.419557944746029 0.13954088683531032 6.502375574373882 0.47324542821971727 
[1, 24, 48], [24, 5, 5], [1, 10, 10], [30, 30, 30], [0, 1, 2], 1, 0.001, 1, False, True 3.4948938001706096 145.8558530763952 17.644046510024005 0.32219276474678243 14.842545362914244 3.9179349745102123 
[1, 24, 48], [24, 5, 5], [1, 20, 20], [20, 20, 20], [1, 2], 1, 0.001, 1, False, True 2.3889924856558165 110.33850350922829 9.851282340440411 0.8246150318928778 39.37813486616183 6.90036753428109 
[1, 24, 48], [24, 20, 10], [1, 20, 20], [30, 30, 30], [0, 1, 2], 1, 0.001, 1, False, True 2.7703558065093135 115.39498025504815 10.481402163351028 0.4429886731145479 18.823470198195817 3.410965366967079 
[1, 24, 48], [24, 10, 5], [1, 10, 10], [30, 30, 30], [1, 2], 1, 0.001, 1, False, True 2.8174957296811045 128.47084769844668 13.154469200430071 1.1096545955166564 51.788329818091086 10.103764595593594 
[1, 24, 48], [24, 20, 10], [1, 10, 10], [20, 20, 20], [0, 1, 2], 1, 0.001, 1, False, True 2.790784161758429 119.98761592472702 10.592922573292055 0.48147138491154984 22.74626624028755 3.234385843347873 
[1, 24, 48], [24, 20, 15], [1, 20, 20], [20, 20, 20], [1, 2], 1, 0.001, 1, False, True 2.7406320205727686 122.0889863552395 12.826921731550769 0.9499732933177935 35.52394913441634 7.008810758134824 
[1, 24, 48], [24, 20, 5], [1, 10, 10], [30, 30, 30], [0, 1, 2], 1, 0.001, 1, False, True 2.8957024473957804 121.68940686368491 11.686650380078325 0.2858656858511269 14.659757270576655 2.569812523676096 
[1, 24, 48], [24, 20, 10], [1, 10, 10], [20, 20, 20], [1, 2], 1, 0.001, 1, False, True 2.39772947302597 102.36702605764818 10.575587131327735 1.238461504937379 52.1116906551563 10.052617284020744 
[1, 24, 48], [24, 15, 5], [1, 20, 20], [30, 30, 30], [1, 2], 1, 0.001, 1, False, True 1.9339423729365484 85.36571566874507 5.377915626088531 0.3462698766504188 14.048231680456597 1.478267997023736 
[1, 24, 48], [24, 20, 10], [1, 20, 20], [30, 30, 30], [1, 2], 1, 0.001, 1, False, True 3.366110362434389 146.26592451428084 18.29033830902661 0.1344769122677331 6.289719458206681 1.8803171731548556 
[1, 24, 48], [24, 20, 5], [1, 10, 10], [30, 30, 30], [1, 2], 1, 0.001, 1, False, True 1.6225266909034908 64.02773618355042 4.11389591735944 0.42421539338157693 19.105576881098965 1.5809986804496738 
[1, 24, 48], [24, 15, 5], [1, 10, 10], [20, 20, 20], [1, 2], 1, 0.001, 1, False, True 2.0547567514400864 90.23346643359146 6.185219191240438 0.5711284422471932 25.536836053653726 3.0216112595133704 
[1, 24, 48], [24, 10, 5], [1, 10, 10], [20, 20, 20], [0, 1, 2], 1, 0.001, 1, False, True 3.3607358377460286 140.9989649320718 17.379865388132387 1.311014319054552 57.253433685267964 11.995045219410487 
[1, 24, 48], [24, 20, 20], [1, 10, 10], [20, 20, 20], [1, 2], 1, 0.001, 1, False, True 2.6003159216704304 114.87112046317866 9.580270787999988 0.4419263875640142 22.428485567011364 2.58011343041048 
[1, 24, 48], [24, 20, 20], [1, 20, 20], [30, 30, 30], [1, 2], 1, 0.001, 1, False, True 2.1385847571214307 92.47421950018393 6.4303121829499545 0.18778475631098987 7.996034821389944 1.1770717421750967 
[1, 24, 48], [24, 5, 5], [1, 10, 10], [30, 30, 30], [2], 1, 0.001, 1, False, True 1.8504652765398435 87.83400429346608 4.5236116190386735 0.3632537665969954 20.866229691181697 1.54070554767863 
[1, 24, 48], [24, 20, 20], [1, 10, 10], [30, 30, 30], [2], 1, 0.001, 1, False, True 1.7883278509463985 85.48073931305204 4.421575658301244 0.3990786268722984 15.502231508858474 1.5554639452636925 
[1, 24, 48], [24, 20, 10], [1, 10, 10], [20, 20, 20], [2], 1, 0.001, 1, False, True 3.005362799216959 135.5380872007518 11.870350672886765 1.1154811390452792 51.32181519054925 6.493360982054281 
[1, 24, 48], [24, 20, 15], [1, 20, 20], [20, 20, 20], [2], 1, 0.001, 1, False, True 2.36221776292142 111.47727886730179 6.848297976163598 0.6110736370658383 26.101339060934027 2.808432105311605 
[1, 24, 48], [24, 20, 10], [1, 20, 20], [30, 30, 30], [2], 1, 0.001, 1, False, True 1.9997401446862912 94.10860547891495 5.541343305763266 0.7157376647003239 31.727635278336855 3.0090451325335006 
[1, 24, 48], [24, 20, 20], [1, 20, 20], [30, 30, 30], [2], 1, 0.001, 1, False, True 1.4997728324963073 63.912807496448295 3.7506304020541745 0.7155167066526086 26.339747439369077 3.1225303905031074 
[1, 24, 48], [24, 15, 5], [1, 20, 20], [20, 20, 20], [0, 1, 2], 1, 0.001, 1, False, True 3.4467102139291392 148.27068318218136 17.877057497363865 0.8574068252292114 39.27990691489474 8.95111432050377 
[1, 24, 48], [24, 10, 5], [1, 20, 20], [30, 30, 30], [0, 1, 2], 1, 0.001, 1, False, True 3.9775212649240905 170.5210883504839 23.31621194458923 0.24117340508320306 11.020657032863491 1.8919147438010715 
[1, 24, 48], [24, 5, 5], [1, 20, 20], [20, 20, 20], [2], 1, 0.001, 1, False, True 1.856245053293943 87.50878971153016 4.759186246461912 0.7573552471612452 33.92269731264387 3.156608252847494 
[1, 24, 48], [24, 20, 20], [1, 20, 20], [20, 20, 20], [0, 1, 2], 1, 0.001, 1, False, True 2.836474904936687 122.34980532201918 13.105385065110214 0.6885739875058321 31.901856231422766 5.692116226762126 
[1, 24, 48], [24, 20, 20], [1, 20, 20], [20, 20, 20], [2], 1, 0.001, 1, False, True 1.3214773350843678 62.19021843125969 2.78372307888093 0.260724304928264 14.009436183102025 1.076060556117285 
[1, 24, 48], [24, 20, 10], [1, 10, 10], [30, 30, 30], [2], 1, 0.001, 1, False, True 2.3568076309833152 106.2277992424245 7.945274274538813 0.5451696212624706 21.23957191984305 3.248343829696839 
[1, 24, 48], [24, 20, 15], [1, 20, 20], [30, 30, 30], [1, 2], 1, 0.001, 1, False, True 2.958120953723686 129.1782808070718 13.002380181967489 0.32896212749111015 14.039547651825766 2.8186936799601887 
[1, 24, 48], [24, 20, 15], [1, 10, 10], [20, 20, 20], [2], 1, 0.001, 1, False, True 2.91147150661348 135.28956394108758 10.730228937011793 0.9817930419866339 42.329654659939564 6.269118712300545 
[1, 24, 48], [24, 20, 15], [1, 20, 20], [30, 30, 30], [2], 1, 0.001, 1, False, True 1.7965732858705996 85.96422867194953 4.626667330578159 0.8835897165308312 39.959894964093 3.7179838391627285 
[1, 24, 48], [24, 20, 5], [1, 20, 20], [20, 20, 20], [1, 2], 1, 0.001, 1, False, True 2.5397419331707405 112.91666472173414 11.213831381179537 0.9814452282385068 37.51743180660954 8.314236104756157 
[1, 24, 48], [24, 20, 15], [1, 10, 10], [20, 20, 20], [1, 2], 1, 0.001, 1, False, True 2.9619221980506727 130.91072187931124 14.731098059569986 1.047950563939545 43.74818698311966 8.383130531628465 
[1, 24, 48], [24, 20, 15], [1, 20, 20], [30, 30, 30], [0, 1, 2], 1, 0.001, 1, False, True 2.964097913961505 124.68116893823411 12.521429544612594 0.491865094698815 19.506307926186835 3.7545043766660475 
[1, 24, 48], [24, 20, 10], [1, 10, 10], [30, 30, 30], [1, 2], 1, 0.001, 1, False, True 2.878011049731221 124.37260771484925 11.951790962848301 0.4021491569510822 12.627441244869978 3.5435584562219695 
[1, 24, 48], [24, 20, 20], [1, 10, 10], [30, 30, 30], [1, 2], 1, 0.001, 1, False, True 2.26122020055471 100.33184306163503 8.654890317615816 1.0105954074815167 45.78527293018429 5.627189953537111 
[1, 24, 48], [24, 20, 15], [1, 10, 10], [20, 20, 20], [0, 1, 2], 1, 0.001, 1, False, True 3.18421272391074 140.90927073025534 14.078980102385023 0.45686042966471435 20.093321013306795 4.321353922461938 
[1, 24, 48], [24, 20, 10], [1, 10, 10], [30, 30, 30], [0, 1, 2], 1, 0.001, 1, False, True 2.9906276110633008 131.60241355903804 14.143228733900692 0.5629919985148591 27.187127907840882 7.502458660259335 
[1, 24, 48], [24, 5, 5], [1, 20, 20], [20, 20, 20], [0, 1, 2], 1, 0.001, 1, False, True 3.0633431657027734 131.15845776413053 14.788142945518985 0.5432239630948896 27.171021678327048 6.040942580304393 
[1, 24, 48], [24, 20, 5], [1, 20, 20], [20, 20, 20], [0, 1, 2], 1, 0.001, 1, False, True 2.93059018345332 122.85668380463933 13.366495092380902 0.8502477333852138 37.64745984596605 7.489202758032537 
[1, 24, 48], [24, 10, 5], [1, 10, 10], [30, 30, 30], [0, 1, 2], 1, 0.001, 1, False, True 3.4782904056514212 147.62218450454375 15.40371535608447 0.5733083113763005 28.01296667468133 4.326984675570453 
[1, 24, 48], [24, 20, 20], [1, 20, 20], [20, 20, 20], [1, 2], 1, 0.001, 1, False, True 2.5614130947939384 111.0785081532277 9.94814463110539 0.6796502839303178 27.59471739110292 4.752168031915472 
[1, 24, 48], [24, 15, 5], [1, 10, 10], [20, 20, 20], [0, 1, 2], 1, 0.001, 1, False, True 3.413869446479388 146.35209711338942 16.19579484765862 0.5068999414676651 25.109103625070215 4.951042862628893 
[1, 24, 48], [24, 15, 5], [1, 20, 20], [30, 30, 30], [0, 1, 2], 1, 0.001, 1, False, True 3.4092891608024254 146.33175945217275 17.833788356089258 0.581594296652009 26.451910697491144 5.963957020748333 
