lags time_steps dense_nodes lstm_nodes processed scales                        epochs l2 learning_rate mean_mae mean_mape mean_mse                         std mae std_mape std_mse 
[1, 12, 24, 48], [24, 5, 5, 5], [1, 5, 5, 5], [5, 5, 5, 5], [0, 1, 2, 3], 1, 0.001, 512, False, True 6.218702871298348 79.3961051928529 62.02481591880833 4.317301655578853 61.18780861275747 79.48826724305952 
[1, 12, 24, 48], [24, 5, 5, 5], [1, 5, 5, 5], [5, 5, 5, 5], [0, 1, 2, 3], 5, 0.001, 512, False, True 2.5596002822803263 35.7641495618244 8.354704134599363 0.2618600197827289 1.0351028900543748 1.6027404167827026 
[1, 12, 24, 48], [24, 5, 5, 5], [1, 5, 5, 5], [10, 10, 10, 10], [0, 1, 2, 3], 1, 0.001, 512, False, True 2.618308530587565 38.33599236055584 9.483872415339162 0.45203090302644916 3.946539871135991 3.150690928308282 
[1, 12, 24, 48], [24, 5, 5, 5], [1, 5, 5, 5], [10, 10, 10, 10], [0, 1, 2, 3], 5, 0.001, 512, False, True 2.3585962546287034 34.955857135059134 7.129946818499204 0.10486819816838158 0.30714706221993754 0.4992193553230416 
[1, 12, 24, 48], [24, 5, 5, 5], [1, 10, 10, 10], [5, 5, 5, 5], [0, 1, 2, 3], 1, 0.001, 512, False, True 4.927100190875948 66.84015632507862 37.78981967073247 2.9318746707705756 39.1963270192612 41.52826132475689 
[1, 12, 24, 48], [24, 5, 5, 5], [1, 10, 10, 10], [5, 5, 5, 5], [0, 1, 2, 3], 5, 0.001, 512, False, True 2.354903659634361 34.91952068070413 7.104326693174585 0.08665456714631625 0.25654078456901896 0.4141146140629147 
[1, 12, 24, 48], [24, 5, 5, 5], [1, 10, 10, 10], [10, 10, 10, 10], [0, 1, 2, 3], 1, 0.001, 512, False, True 3.50258788667226 46.24446326312565 18.01382619535577 1.7289894911702595 20.03510246590872 18.018182982040102 
[1, 12, 24, 48], [24, 5, 5, 5], [1, 10, 10, 10], [10, 10, 10, 10], [0, 1, 2, 3], 5, 0.001, 512, False, True 2.361511746390688 34.93172222710241 7.146572361619908 0.09584997808335792 0.264943454113359 0.4534787291632479 
[1, 12, 24, 48], [24, 10, 5, 5], [1, 5, 5, 5], [5, 5, 5, 5], [0, 1, 2, 3], 1, 0.001, 512, False, True 7.328343408724292 104.56900457486776 74.62609040163886 4.072058137661008 59.90532315923579 56.53004772833982 
[1, 12, 24, 48], [24, 10, 5, 5], [1, 5, 5, 5], [5, 5, 5, 5], [0, 1, 2, 3], 5, 0.001, 512, False, True 3.2127771936283898 41.65725951779096 14.386221963226259 1.0871561971149317 10.326920416314652 10.026453196107095 
