layers lag time_steps epochs l2 learning_rate mean_mae                         mean_mape mean_mse std mae std_mape std_mse 
[5], 1, 1, 1, 0.001, 0.05, 1, False 2.66877298833354 123.09579527484009 9.665801674661683 0.9851950758182213 45.801885779500864 5.3930039503457765 
[5], 12, 1, 1, 0.001, 0.05, 1, False 2.0686633126844693 96.66944251722494 6.713132996823304 0.5253338507839411 23.756536364579972 3.1942894333922958 
[5], 1, 15, 5, 0.001, 0.05, 1, False 2.1082642384356376 101.01848242709933 6.10216877559801 0.3279169628636584 15.486275813060963 1.6823184003938372 
[5], 24, 1, 1, 0.001, 0.05, 1, False 1.0316274336418483 48.27686542082163 1.6188432367280212 0.2507859401664232 11.067985860411865 0.648769022273141 
[5], 1, 1, 5, 0.001, 0.05, 1, False 2.0824629718023875 95.87136585509738 6.4115928425746285 1.0117456377867176 46.85365520264194 5.342264802913187 
[10], 1, 1, 1, 0.001, 0.05, 1, False 2.2772610270780413 105.37506014019986 7.267389740916319 0.657022766465189 30.67631642628435 3.822184615419021 
[5], 12, 1, 5, 0.001, 0.05, 1, False 2.2767276210951866 105.01049150867796 7.531401969719738 0.552389387728457 26.427471595767216 3.225721752594067 
[5], 36, 1, 1, 0.001, 0.05, 1, False 1.3152152964500365 60.382272094983705 2.5836715142680897 0.29011389119887615 17.68217769739363 1.1117239790860485 
[10], 12, 1, 1, 0.001, 0.05, 1, False 1.3095580072594915 58.543886806853585 2.8874798264352326 0.38909704962620567 19.55368189058215 1.6782828664483902 
[5], 12, 15, 5, 0.001, 0.05, 1, False 3.051471377041674 143.91528351490328 12.797599442375018 0.6335832568254456 27.95245109646419 5.258317478402482 
