layers lag time_steps epochs l2 learning_rate mean_mae                         mean_mape mean_mse std mae std_mape std_mse 
[5], 24, 1, 1, 0.001, 0.05, 1, False 1.1569102723893054 56.01435678702526 2.018295979380444 0.14952855657105227 13.293387292258743 0.3050168585176213 
[10], 12, 1, 1, 0.001, 0.05, 1, False 2.288261817840437 111.18716736737808 7.005073438034721 0.7056203093028083 44.02593131507211 2.902509861384951 
[15], 24, 1, 1, 0.001, 0.05, 1, False 1.0746383161317443 48.590288112899174 1.9430851273316876 0.03713884273473081 8.349901913237384 0.17585130816353217 
[15], 36, 1, 1, 0.001, 0.05, 1, False 1.2613663369471733 56.40153712499469 2.528868329866786 0.1178305238890133 9.626671954170067 0.3725519718883671 
[15], 1, 1, 1, 0.001, 0.05, 1, False 1.426989531084999 80.96473314622934 2.9282913104554553 0.18661276630299942 12.173776883295254 0.6088453131745124 
[20], 1, 1, 1, 0.001, 0.05, 1, False 1.4014250995444686 77.55362579429892 2.7849717383866976 0.1770766410892885 14.109960515366524 0.6130941647815286 
[15], 12, 1, 1, 0.001, 0.05, 1, False 2.845083964086587 141.94505090647291 9.56612285467538 0.23116789086463282 17.181696318729244 1.4985002612957126 
[10], 36, 1, 1, 0.001, 0.05, 1, False 1.761837043281412 80.68465825081546 4.603778269402891 0.0708411692263758 10.64236402878533 0.2557860445992179 
[10], 1, 1, 1, 0.001, 0.05, 1, False 1.8219911209307609 103.28524641253392 4.4884016946055665 0.4226620404359115 22.64229535803036 1.7955164903722216 
[10], 24, 1, 1, 0.001, 0.05, 1, False 1.2828791602169751 64.77183343017927 2.3529562174456626 0.17688302145194326 8.485911781152632 0.5071005561757639 
[5], 36, 1, 1, 0.001, 0.05, 1, False 1.1258171804111314 52.21138165271187 1.9246190278652733 0.15339320893745792 6.860888229634427 0.4592065695958017 
[30], 24, 1, 1, 0.001, 0.05, 1, False 1.2729349377657788 53.534583402369144 2.578994122830844 0.06242438303872433 1.6856091932218904 0.2924861805496501 
[30], 36, 1, 1, 0.001, 0.05, 1, False 1.364126716910741 57.52707845779154 2.894751255818593 0.27904827151341177 14.199721202618427 0.8178138862922921 
[20], 24, 1, 1, 0.001, 0.05, 1, False 1.1250515350491497 44.85978483015541 2.0768728256025644 0.14098152585882906 6.071001986429562 0.4016374511122676 
[30], 1, 1, 1, 0.001, 0.05, 1, False 1.6705255723558363 98.06666449194007 3.72437438630835 0.09140508480358363 5.747456504049616 0.3532553372682586 
[30], 12, 1, 1, 0.001, 0.05, 1, False 2.0370037186019885 88.29406515164122 5.588215608060902 0.14532175201129413 14.28047059579198 0.6641489510719873 
[20], 12, 1, 1, 0.001, 0.05, 1, False 2.017883407245002 80.26704978055295 5.624988632945658 0.11554286234836837 9.696652023323447 0.5768467311875796 
[20], 36, 1, 1, 0.001, 0.05, 1, False 1.3825670990278012 57.46060643133611 2.9561977216827287 0.2564877496356093 15.997628856571508 0.9469846093530165 
[5], 12, 1, 1, 0.001, 0.05, 1, False 2.869137633652685 145.1964263473005 9.918034853095286 0.358164275167136 25.83149370004031 2.377478593485155 
[5], 1, 1, 1, 0.001, 0.05, 1, False 2.592216743820528 128.0572914885389 8.863679474169412 0.4211603699423121 51.82853865416915 1.7653687265450886 
[10], 24, 1, 5, 0.001, 0.05, 1, False 1.3624359715556003 59.35274715928344 3.2398745150431796 0.28947978829179516 17.95796094259798 1.196565484851819 
[5], 24, 1, 5, 0.001, 0.05, 1, False 1.4803278118660848 61.593797921451404 3.2492464260576495 0.31838403456381587 11.387936965927587 1.0447548462632132 
[10], 24, 15, 5, 0.001, 0.05, 1, False 1.2207824439034554 59.49004509877548 2.445703334784994 0.26881749749336803 13.4986192270631 0.8251847516634919 
[10], 12, 1, 5, 0.001, 0.05, 1, False 2.6128373402584764 106.19886633671278 9.200695651313886 0.35736771675559564 8.391820364226303 2.235739087399295 
[30], 12, 15, 5, 0.001, 0.05, 1, False 1.3695288515856696 82.27534021813919 2.767274474922255 0.03952793077610981 1.9024822513826993 0.11370859400279903 
[30], 24, 1, 5, 0.001, 0.05, 1, False 1.560288465120916 64.45289169788056 3.54153849958051 0.15835826255091887 8.924232674595734 0.5030811484167514 
[30], 36, 15, 5, 0.001, 0.05, 1, False 1.1355338762574656 53.7936844947529 2.170256867238695 0.13386505846979976 8.160003072108552 0.4093042277386275 
[5], 12, 15, 5, 0.001, 0.05, 1, False 2.38826618829949 129.83693100507358 7.225482526561425 0.32640361172747673 21.68888285387183 1.665344496708894 
[30], 36, 1, 5, 0.001, 0.05, 1, False 1.6244491286279368 64.16637528290235 4.1196770699818215 0.1083718541409606 7.3622865814785285 0.8269574606621286 
[30], 24, 15, 5, 0.001, 0.05, 1, False 1.1515882682934817 59.997421324709514 2.0910421412505067 0.03614758532012481 2.875097065774496 0.09656250080142509 
[5], 24, 15, 5, 0.001, 0.05, 1, False 1.1838507592910898 60.02564265290846 2.4978705978514415 0.36007400693731134 29.663850053987407 1.3239564280784308 
[10], 1, 15, 5, 0.001, 0.05, 1, False 2.9678092190029997 187.58127820480829 12.080324240940358 0.40547020196645045 21.94987733899559 2.8627408443891675 
[10], 12, 15, 5, 0.001, 0.05, 1, False 1.5190504099949502 88.76250368605763 3.2190069548132434 0.13614721688054027 8.857715102816869 0.48798565152167744 
[15], 36, 1, 5, 0.001, 0.05, 1, False 2.0737519414297787 94.32218579181897 5.965893009483594 0.4436944544566421 24.335581150021987 1.952403264880277 
[15], 24, 1, 5, 0.001, 0.05, 1, False 1.3236325665810404 50.93118433438972 3.045482672272016 0.3561561075066665 12.5049985240644 1.3638689637040426 
[15], 1, 1, 5, 0.001, 0.05, 1, False 2.3257043192163107 136.17607129417308 7.585977482386103 0.8468419475776671 44.619653931996005 5.005718554477448 
[15], 24, 15, 5, 0.001, 0.05, 1, False 1.0491523014691968 49.003858248093245 1.8003637675279587 0.08364059259870707 3.483306879332484 0.2696871399870466 
[20], 1, 1, 5, 0.001, 0.05, 1, False 3.14788119901765 183.99140768736888 12.800762030281405 0.5964886743315293 37.256378123930666 5.224870797090771 
[10], 36, 1, 5, 0.001, 0.05, 1, False 1.4935849947525035 58.707453948090226 3.2707310871432838 0.15257581386684513 8.56503282043708 0.4350275986103022 
[15], 1, 15, 5, 0.001, 0.05, 1, False 2.8395113598037924 181.18248284662772 11.205117518323293 0.33715067742179067 19.42628710684636 2.3796685339996744 
[15], 12, 1, 5, 0.001, 0.05, 1, False 2.6420520893748662 119.24278968975203 9.044554869184545 0.2363087989567644 18.24306314392626 0.9246495040621545 
[15], 36, 15, 5, 0.001, 0.05, 1, False 1.1726506967472636 53.09890389992804 2.3478311628048414 0.17273780877496558 10.45358090012139 0.4104330286385505 
[10], 24, 5, 10, 0.001, 0.05, 1, False 1.1981053519804308 67.29829529542832 2.0611652927831985 0.187318201598183 15.041862079190933 0.6805483449765043 
[10], 1, 1, 5, 0.001, 0.05, 1, False 2.252673989846544 133.17085054120295 6.515270605662636 0.3527303743625437 18.26156189047408 1.7630663740039867 
[20], 1, 15, 5, 0.001, 0.05, 1, False 2.6623982359862164 170.95828749625647 9.883197174742996 0.016423167148859955 0.9421883381628923 0.11433045800000184 
[30], 1, 1, 5, 0.001, 0.05, 1, False 3.333608687070578 202.668612442157 14.897888733916105 0.5117033603763477 34.06886644626977 4.565307190845065 
[20], 24, 1, 5, 0.001, 0.05, 1, False 1.2751142456817133 54.65974053541611 2.5906247182286384 0.16588107713624603 5.415856697053694 0.555304571443708 
[5], 36, 1, 5, 0.001, 0.05, 1, False 2.47155593826082 119.0130975670862 8.434291880421599 0.1822520919019533 7.076415639399262 1.2404507936423022 
[30], 12, 1, 5, 0.001, 0.05, 1, False 2.471921390984251 104.75105164812898 8.00735575390662 0.1267090980314358 5.94330250864257 0.8843718822695594 
[15], 12, 15, 5, 0.001, 0.05, 1, False 1.6344297025318222 97.56940698634587 3.607704479993874 0.17631620757918182 9.509079859825663 0.6468397436284448 
[20], 12, 1, 5, 0.001, 0.05, 1, False 2.3234354446696 101.49431312389856 7.023844352965297 0.062438501795899055 4.688275908624903 0.4428883224804676 
[10], 36, 15, 5, 0.001, 0.05, 1, False 1.172171012767487 54.67149365370029 2.3062263631702993 0.10222845981703602 4.756067626559892 0.36896523611054743 
[20], 36, 1, 5, 0.001, 0.05, 1, False 1.478935805880637 62.37645507968182 3.4299572945016616 0.1336715102221673 12.982828335037487 0.5381022604484762 
[5], 1, 1, 5, 0.001, 0.05, 1, False 2.0595130054107695 117.51661541779858 6.861621902830884 1.119662982079518 66.13133938730554 6.5724489852349235 
[5], 12, 1, 5, 0.001, 0.05, 1, False 3.8483680179799666 198.797772377069 18.97551403642892 0.8504932126646437 58.091017932024506 7.222956727043906 
[20], 24, 15, 5, 0.001, 0.05, 1, False 1.3510659993953864 69.80307113066429 2.698586438312032 0.11027237007827939 6.274494646027458 0.33700113642514734 
[20], 12, 15, 5, 0.001, 0.05, 1, False 1.6794447337225493 100.14259226204148 3.8626946937706954 0.13365550028487078 8.620282251755672 0.522469872864279 
[30], 1, 15, 5, 0.001, 0.05, 1, False 2.480601528842278 160.1826943551098 8.688153235498772 0.07978899793588123 4.792103234067987 0.5110309784409086 
[20], 36, 15, 5, 0.001, 0.05, 1, False 1.0684273204283308 47.654021771616236 1.9292078901843999 0.1438908756086793 6.747954384865223 0.4035099496682596 
[10], 24, 10, 1, 0.001, 0.05, 1, False 1.3508847809620892 76.23425059069771 2.8284346963623133 0.2144082855336182 8.147754735118676 0.8735051985213752 
[5], 36, 15, 5, 0.001, 0.05, 1, False 1.524501273279182 67.44290125066915 3.734270820233989 0.11978673457560891 9.81532680993897 0.4863732862205655 
[30], 36, 5, 10, 0.001, 0.05, 1, False 1.119938501306913 52.24519986278682 1.916241829814557 0.09692609557176358 6.188600265792301 0.33258919377463336 
[30], 24, 5, 10, 0.001, 0.05, 1, False 1.0639143617202838 53.02327936091353 1.6579832112161157 0.02651786515859389 2.7415964047077916 0.046690796879846425 
[5], 12, 5, 10, 0.001, 0.05, 1, False 3.0865791337702557 191.65740694115354 12.791487184877555 0.31208220723385643 20.439569332992356 2.5795332838581584 
[5], 1, 15, 5, 0.001, 0.05, 1, False 3.358262616751233 201.38157827899275 14.01030044531573 0.27712242778411966 17.270545881045095 2.3308105598453333 
[5], 24, 5, 10, 0.001, 0.05, 1, False 1.1608038641564133 52.662776959010095 1.9251990311529397 0.15642915061590143 7.184255857633142 0.4860265484395491 
[10], 12, 5, 10, 0.001, 0.05, 1, False 3.0618843798180695 185.37715780841503 12.085376249215535 0.09246925591217058 2.334392354801397 0.5406545485335408 
[10], 1, 5, 10, 0.001, 0.05, 1, False 2.900781273276166 181.30577373348981 11.854637678712358 0.135632284436599 8.79205192278879 1.3683112616537063 
[15], 12, 5, 10, 0.001, 0.05, 1, False 2.485035171456359 158.9633402553642 8.626662630179526 0.1599976436343983 9.649460175421344 1.0640428369081536 
[10], 36, 5, 10, 0.001, 0.05, 1, False 1.3197247910692738 58.00708192314118 2.6911013865577758 0.17467705638686196 11.899443230067462 0.5131608951388043 
[20], 1, 5, 10, 0.001, 0.05, 1, False 2.816720491716707 176.15270802143542 11.169980946817368 0.2060261293454709 11.460271216006578 1.6014887198152599 
[15], 24, 5, 10, 0.001, 0.05, 1, False 1.1029205354482488 58.56429290605891 1.9038602097394939 0.10001925795974449 12.23627666957035 0.3324306591002239 
[30], 36, 10, 1, 0.001, 0.05, 1, False 1.1674652539417838 60.86113781808866 2.2268180542434255 0.16508062928602918 7.1295473672692875 0.6678105313503399 
[5], 12, 10, 1, 0.001, 0.05, 1, False 3.148835823805658 185.6984721989984 12.73318358475538 0.8474943607934327 46.076614354131706 5.374324202836949 
[30], 24, 10, 1, 0.001, 0.05, 1, False 1.1694837364074946 59.36814615391568 2.1992715897487027 0.10434678901479903 8.622242124352068 0.2802097724513805 
[5], 24, 10, 1, 0.001, 0.05, 1, False 1.8644432424317567 89.38789771310566 5.075347232817967 0.5532993349038963 29.299296972285454 2.636542786454379 
[15], 36, 5, 10, 0.001, 0.05, 1, False 1.2616899329168652 58.356174097403134 2.552123502251344 0.2254903441617364 10.286599014793742 0.7167445736986646 
[15], 1, 5, 10, 0.001, 0.05, 1, False 2.8423575918604107 178.86278828717607 10.971654983785603 0.18332066700836944 10.232276609929789 1.3406128578267724 
[10], 12, 10, 1, 0.001, 0.05, 1, False 2.521861968844854 155.1532081211814 8.314071295186706 0.26310682776945093 14.535562817609286 1.567082543566182 
[10], 1, 10, 1, 0.001, 0.05, 1, False 3.315766660624219 196.19905243233356 13.260960969001063 0.14449843244391913 6.613868498965383 0.9445120582741137 
[10], 36, 10, 1, 0.001, 0.05, 1, False 1.2593989615690793 57.35495011373129 2.872238489519807 0.05739605150226013 1.0428526434956438 0.1781363186961819 
[15], 12, 10, 1, 0.001, 0.05, 1, False 2.2740711952697628 140.30334594149372 6.8293315097321035 0.06171067791579729 2.341172872311379 0.21284258938429676 
[20], 1, 10, 1, 0.001, 0.05, 1, False 2.833752637184053 174.2580555113942 10.320695179349139 0.08287463649779077 3.5952326718966163 0.4544922170050788 
[20], 12, 5, 10, 0.001, 0.05, 1, False 2.326929443195048 146.9739685824802 7.399637772392031 0.07657785595421715 3.852726796098219 0.4262709302661116 
[10], 24, 1, 10, 0.001, 0.05, 1, False 1.596174772783895 72.45217793810521 3.8078331180310836 0.35377864154664723 11.110689474466026 1.4998165808681165 
[20], 36, 5, 10, 0.001, 0.05, 1, False 1.2503365869116452 52.61579779391143 2.4139373267607724 0.13125419069288732 5.581938312040367 0.4353528967558838 
[15], 24, 10, 1, 0.001, 0.05, 1, False 1.120630235363798 58.96737346160691 1.8950932438388357 0.07820638604613103 1.799206046653888 0.18378059187427914 
[30], 1, 5, 10, 0.001, 0.05, 1, False 2.6638751574653994 168.6663471265493 9.831277711593367 0.033611917750488274 3.0245174846298504 0.17134304528522243 
[5], 24, 1, 10, 0.001, 0.05, 1, False 1.3595922604418809 59.91107282797676 2.815728674584944 0.35618807939875585 26.664808913311397 1.2057650972425185 
[15], 36, 10, 1, 0.001, 0.05, 1, False 1.3814307344559997 66.55512595943672 2.9402593329596556 0.2321336650145326 18.107999066173715 0.8801285490194467 
[30], 12, 5, 10, 0.001, 0.05, 1, False 2.064862280821911 132.22329686845376 5.940741954762365 0.06311739904972938 4.137910060881577 0.36828402382154973 
[15], 1, 10, 1, 0.001, 0.05, 1, False 2.8306229133055445 173.98967391451254 10.303080453426322 0.103597626250112 4.443152317085909 0.5563799019514876 
[20], 24, 5, 10, 0.001, 0.05, 1, False 1.2416919107773101 65.76535431728259 2.111810160738262 0.0839097544342849 4.3149372463750595 0.20122538595203301 
[30], 24, 1, 10, 0.001, 0.05, 1, False 1.1890773460424198 51.42129105116391 2.2453971914339115 0.0711008037620737 9.88150118434953 0.013977844127420848 
[10], 24, 5, 1, 0.001, 0.05, 1, False 1.907796222594549 83.00158708325449 6.123815740440516 0.962310453887776 30.779808064617434 5.548953877819548 
[30], 36, 1, 10, 0.001, 0.05, 1, False 1.2936683024094373 51.59697869636355 2.870574321538504 0.1013982362891922 5.5937654286055265 0.4323160903206972 
[5], 36, 5, 10, 0.001, 0.05, 1, False 1.5361102564691533 73.26844809263203 3.7341697104815466 0.1895226417821354 16.61816109346442 0.7266196049765461 
[10], 24, 10, 5, 0.001, 0.05, 1, False 1.1120333364052284 54.97539936836703 2.0496159475762017 0.18661084072917522 8.92827490600834 0.557573015603368 
[20], 12, 10, 1, 0.001, 0.05, 1, False 2.0021779789002956 125.41799273775183 5.423378915541484 0.1064505791961936 4.364410314425723 0.42768834369654335 
[5], 1, 5, 10, 0.001, 0.05, 1, False 3.1903620051737462 195.90907836114624 13.401748010218766 0.5100008745504863 31.348486474651068 4.422862271094621 
[20], 36, 10, 1, 0.001, 0.05, 1, False 1.3271226786835877 59.84900166836663 2.9197266009848657 0.03643301938323265 3.737726022411439 0.1707867362758504 
[5], 24, 5, 1, 0.001, 0.05, 1, False 1.3010401296325858 65.00665464073658 2.968602089083219 0.423277772204865 25.592405477667164 1.6925479974187037 
[30], 1, 10, 1, 0.001, 0.05, 1, False 2.4947095714750938 158.64454031394553 8.52034103072162 0.08786489967352966 4.497083093275375 0.49089090206288777 
[10], 12, 1, 10, 0.001, 0.05, 1, False 2.641554998913435 113.57588556344702 9.135757717644056 0.2957621799318611 20.777525788401352 1.79975662868032 
[20], 24, 10, 1, 0.001, 0.05, 1, False 1.2431141521798932 68.40626805843475 2.22391171441094 0.15482159857853356 8.021659393265843 0.5330784019203323 
[30], 12, 10, 1, 0.001, 0.05, 1, False 1.7277397346682848 107.51362494062182 4.103832580953697 0.11506391147640026 7.589612527366769 0.517869849439753 
[5], 36, 10, 1, 0.001, 0.05, 1, False 1.3012918717434838 67.49556756756839 2.770867457851964 0.28674806776305156 11.345109248795767 0.8877389049325216 
[30], 24, 5, 1, 0.001, 0.05, 1, False 1.1445896289811504 63.06497038215042 1.8929407795507762 0.03157680807075934 1.3958420021935811 0.10284629223202915 
[5], 1, 10, 1, 0.001, 0.05, 1, False 3.5568720455074474 207.5742445519742 14.963468513160938 0.22980778366249494 10.598662792621665 1.6567843379202847 
[30], 36, 15, 10, 0.001, 0.05, 1, False 1.0683712097850664 51.7333752536569 1.911284455180474 0.04429724569342838 0.721943200388565 0.12204860941639345 
[30], 36, 5, 1, 0.001, 0.05, 1, False 1.1507006700081683 54.886919211010685 2.0495322762622963 0.13804555606867505 3.2154407260854043 0.5042484593228662 
[30], 24, 15, 10, 0.001, 0.05, 1, False 1.0610988849851613 52.1141101085449 1.838100490421563 0.01192280643817132 2.6324150248244904 0.023281247117621195 
[30], 12, 15, 10, 0.001, 0.05, 1, False 1.4004305918942448 84.94183927783284 2.8603339892354445 0.033792744517401774 1.6546195075810466 0.08350552111079974 
[30], 24, 10, 5, 0.001, 0.05, 1, False 1.3061799998446884 68.90499879158553 2.5028263688002768 0.11663810176403286 6.598733842472319 0.29716132531612 
[30], 36, 10, 5, 0.001, 0.05, 1, False 1.21861631529216 58.8987792170505 2.330634201497544 0.09191744379260242 4.854265492122638 0.2716393647143949 
[15], 1, 1, 10, 0.001, 0.05, 1, False 4.49175786630216 281.38905019469684 28.227701038249545 0.17065614649829172 18.703458210102042 3.454783141565112 
[5], 12, 10, 5, 0.001, 0.05, 1, False 2.713405606950875 155.17558760325034 9.847342313383644 0.9178979770349195 50.17675287052813 6.030754157922568 
[15], 24, 1, 10, 0.001, 0.05, 1, False 1.135516598665574 44.93271324910442 2.3167003757857425 0.060627419940745525 4.737068604695713 0.25762431191654334 
[10], 36, 1, 10, 0.001, 0.05, 1, False 1.5391905100554817 56.86616690169827 3.983991985910741 0.44252193315604177 13.934543499522212 2.1265552638395637 
[5], 24, 10, 5, 0.001, 0.05, 1, False 1.3749939421200434 71.79499086759144 2.9061658909193384 0.3303226018780359 23.656707271685963 1.116697598748484 
[15], 36, 1, 10, 0.001, 0.05, 1, False 1.3668139780198947 56.09623873872627 3.3394618946830583 0.14352941586317058 11.043071528484585 0.5447665184501318 
[10], 12, 5, 1, 0.001, 0.05, 1, False 3.3635115084583282 206.56007852705238 14.571971861680177 0.41398810565902117 23.25122707124645 3.3490515844457596 
[20], 1, 1, 10, 0.001, 0.05, 1, False 4.289113921761789 281.1379164569111 27.743791421511478 0.0789133325089191 5.259988979605474 1.149383189645658 
[15], 12, 1, 10, 0.001, 0.05, 1, False 2.784801920137532 121.28910159286112 10.723254910839415 0.2182136289357716 10.857611534895907 1.8176495763462661 
[10], 24, 15, 10, 0.001, 0.05, 1, False 1.3342267486818689 70.56413037168055 2.5598750663580834 0.023355579194660792 6.822418282786964 0.14446805025491663 
[30], 36, 20, 1, 0.001, 0.05, 1, False 1.0179504682697975 45.79966157781164 1.9470849670809203 0.07027167688151377 2.63685681780237 0.22169473785560292 
[20], 12, 1, 10, 0.001, 0.05, 1, False 2.7197636020085256 131.43525101850682 8.892753548406068 0.09902927497618562 9.497661047476491 0.5492396121155038 
[30], 24, 20, 1, 0.001, 0.05, 1, False 1.1029678501042157 58.47444361607148 1.9402068728693562 0.023759539706639538 5.779443626451856 0.06650450949576837 
[30], 12, 20, 1, 0.001, 0.05, 1, False 1.336733453174087 82.58333457217431 2.7227438745966097 0.11889891138549386 8.679891390942787 0.48815023142855407 
[30], 1, 1, 10, 0.001, 0.05, 1, False 3.8896917222447143 257.7785989122867 23.267128667868974 0.1345480557704071 8.877163892491868 1.5583469676099577 
[10], 1, 10, 5, 0.001, 0.05, 1, False 2.697488582144595 168.34870368940753 9.93830193639935 0.2665701677058671 14.443911599302911 1.5052055853917898 
[10], 12, 10, 5, 0.001, 0.05, 1, False 2.3579495779583572 139.847884679933 7.257387245549009 0.18743843940661742 9.200313135614362 0.8535498275268839 
[30], 12, 1, 10, 0.001, 0.05, 1, False 2.377184334597378 107.85854481884228 7.257706945824783 0.07167672174678531 6.228227131706719 0.3466201173979665 
[20], 24, 1, 10, 0.001, 0.05, 1, False 1.2573749634795133 48.30234965798161 2.694542173642988 0.11159149383466871 5.814093211052346 0.3800821195653131 
[5], 12, 15, 10, 0.001, 0.05, 1, False 1.7434846832882613 95.57580753326717 4.02509651893941 0.3860241846779259 22.235441104858534 1.3421127714224024 
[10], 12, 15, 10, 0.001, 0.05, 1, False 1.791452496167686 102.65240367829072 4.08451480098999 0.10721103598965054 3.7148237113932394 0.4116104829779972 
[5], 24, 15, 10, 0.001, 0.05, 1, False 1.270639224184884 66.47635548069725 2.518281520728683 0.35352933222190186 21.740530843129065 1.2969595411299755 
[10], 1, 15, 10, 0.001, 0.05, 1, False 3.0915790414851574 194.75998078793137 12.818523371977852 0.15885759831895285 9.4417875042116 1.2351233957384031 
[20], 36, 1, 10, 0.001, 0.05, 1, False 1.6593019856269369 66.73746718575714 4.055173041100615 0.24054555961167967 15.783402263686723 0.93751751077186 
[20], 1, 10, 5, 0.001, 0.05, 1, False 2.518565912620613 159.52332043173047 9.047604172539351 0.15571640662927233 10.333590626099246 0.7958369908143007 
[15], 12, 10, 5, 0.001, 0.05, 1, False 1.9766887590582307 116.6882545524229 5.064954405243632 0.23569788613729045 13.928605530710913 1.0542685244160692 
[10], 36, 10, 5, 0.001, 0.05, 1, False 1.174166276906315 53.52863431097959 2.090494378937935 0.07034239034080164 1.520226520802849 0.11810002082479501 
[15], 1, 5, 1, 0.001, 0.05, 1, False 2.8846440886526747 174.92871657417 10.57071315750469 0.0718625012112616 3.0745147548621587 0.4152543383401183 
[10], 1, 1, 10, 0.001, 0.05, 1, False 4.580461053422618 285.85407810858317 29.8357486761394 0.7129009923893973 51.18518299289497 9.925826225631914 
[15], 24, 5, 1, 0.001, 0.05, 1, False 1.3599472274831326 77.59833035917585 2.5494091481292167 0.18395764285775937 14.4545209585884 0.7239925145924121 
[10], 24, 20, 1, 0.001, 0.05, 1, False 1.212612452019972 69.27038801829083 2.3387742493401373 0.06842896073528613 4.038079311187202 0.3594691488022746 
[10], 36, 5, 1, 0.001, 0.05, 1, False 1.4516458417478673 75.75593729949126 3.3088915990143035 0.2508285639358573 14.995655142301844 0.9482052133513691 
[15], 36, 5, 1, 0.001, 0.05, 1, False 1.2188952066814869 59.74568574445649 2.4639748297848385 0.1845856337722226 8.957118847006013 0.7160691456428894 
[20], 1, 5, 1, 0.001, 0.05, 1, False 2.803059454255358 171.85770967799328 10.1059935587011 0.06715655716014547 3.472921231875272 0.36949876610300525 
[10], 24, 5, 5, 0.001, 0.05, 1, False 1.1825571497367626 58.49359846844959 1.9573521734781085 0.16223662963699684 8.665595952639505 0.451977676748114 
[5], 36, 1, 10, 0.001, 0.05, 1, False 1.613759803000398 64.05452678769171 3.9502302374567795 0.3378032994563103 19.620200324454913 1.110142932186084 
[15], 1, 10, 5, 0.001, 0.05, 1, False 2.743807406592424 173.3951145432959 10.21454212433097 0.2237345136695863 12.21461418561517 1.4172250864868672 
[15], 12, 5, 1, 0.001, 0.05, 1, False 3.0577371749578526 187.58921894873413 12.063573927997778 0.1653678655372184 8.990143717631959 1.051201994412643 
[15], 24, 10, 5, 0.001, 0.05, 1, False 1.2511876778728845 61.34072808708614 2.3436909209699817 0.138706287369686 5.204243967595191 0.29528178406194044 
[5], 1, 1, 10, 0.001, 0.05, 1, False 1.4995904419295212 92.97606845936268 3.0558814791811435 0.06055061157593144 4.19554270562924 0.25419903232836616 
[20], 12, 5, 1, 0.001, 0.05, 1, False 2.149317573183389 135.96815789662725 6.383070863141872 0.13071790267902578 10.62829592944614 0.8480808462205853 
[15], 36, 10, 5, 0.001, 0.05, 1, False 1.377971623828462 67.98204145589357 2.9213235928201158 0.2097452675485956 17.669196610329337 0.68837514378435 
[30], 1, 5, 1, 0.001, 0.05, 1, False 2.5088017049142057 158.00424529519915 8.51811937651406 0.09890245737427475 4.109188568992605 0.48432347175266166 
[5], 12, 1, 10, 0.001, 0.05, 1, False 3.224579333717056 131.4713686069423 13.431329971169555 0.2518189613736017 2.128719942573921 2.257221474152914 
[5], 24, 5, 5, 0.001, 0.05, 1, False 1.1644319440652098 66.99691278805665 2.037339744806516 0.046087049018539175 8.842383568951824 0.15792454500769815 
[5], 12, 20, 1, 0.001, 0.05, 1, False 4.036111798903181 241.63935632647272 20.36097709305462 0.3598828437224366 26.991736999393655 4.162039725916048 
[5], 24, 20, 1, 0.001, 0.05, 1, False 2.3208384558200597 131.66007053095763 7.115075844877036 0.129691858132092 7.882125357413808 0.6053812602227848 
[10], 1, 20, 1, 0.001, 0.05, 1, False 3.0419679459218902 184.57686803115288 11.607205460727561 0.1434241123429884 6.901098599525819 0.878517044224445 
[10], 12, 20, 1, 0.001, 0.05, 1, False 2.491308766327522 148.79593058574747 7.879225344137926 0.2500855627545882 15.373487454428192 1.4125199935791242 
[15], 1, 15, 10, 0.001, 0.05, 1, False 2.891998333497732 184.02170407998108 11.468985203415686 0.2510287240576415 14.049052181958643 1.7353331731327521 
[30], 12, 5, 1, 0.001, 0.05, 1, False 1.9410514412206357 123.89554386291252 5.2527427497518095 0.01600555214057568 2.4019928116044524 0.10771157745825453 
[20], 24, 5, 1, 0.001, 0.05, 1, False 1.1949299858581204 59.87328136452476 2.2068067874791013 0.16700149302811212 7.800644748067258 0.664147212041573 
[20], 36, 5, 1, 0.001, 0.05, 1, False 1.0701401837377087 50.86059328874567 1.745914464774181 0.10342530336337459 11.296357092249101 0.25763065967210125 
[15], 24, 15, 10, 0.001, 0.05, 1, False 1.1479996850472634 57.977719173964665 2.134577410132796 0.07989845145460577 4.885440369253411 0.237756032823752 
[30], 36, 5, 5, 0.001, 0.05, 1, False 1.0067547598957187 44.56554597432063 1.5491569100467284 0.11193397626706872 5.704269849922334 0.254899280874917 
[30], 24, 5, 5, 0.001, 0.05, 1, False 1.2615130790750737 67.14007795875489 2.149625293670186 0.04470737574017858 0.03322960629423858 0.1377819533912678 
[15], 36, 15, 10, 0.001, 0.05, 1, False 1.1963292682922824 56.00333256147545 2.2987753330040506 0.11772930082915552 11.863448830138958 0.25613215926701843 
[20], 12, 10, 5, 0.001, 0.05, 1, False 1.8920430621856619 113.01552647761851 4.643890673936714 0.13660489850282295 9.338712904657609 0.6626679812275681 
[10], 1, 5, 1, 0.001, 0.05, 1, False 3.209531631172393 189.5936368173905 12.593163151460063 0.06620955960998783 2.8510685536117886 0.3713901212007628 
[20], 1, 15, 10, 0.001, 0.05, 1, False 2.7002977856055446 173.23237926120757 10.130930439186123 0.1583528498515269 9.215456808257775 1.0699760317870017 
[20], 36, 10, 5, 0.001, 0.05, 1, False 1.0403668319965989 50.025859502233686 1.8710213052069689 0.1560478612157005 11.143812400251134 0.449400094415789 
[30], 1, 10, 5, 0.001, 0.05, 1, False 2.2946338693680306 146.56908981609936 7.487537641910297 0.17117277959738542 10.756724566596771 1.0106855502381227 
[10], 36, 15, 10, 0.001, 0.05, 1, False 1.424216697713429 71.1068039260518 2.9768665048036964 0.11985058393316751 3.703889995045878 0.6024249383643144 
[5], 36, 5, 1, 0.001, 0.05, 1, False 1.9246377870962192 88.21639299340455 6.227543047096411 0.5420308458842529 36.389619660766215 3.0235433746489178 
[15], 12, 15, 10, 0.001, 0.05, 1, False 1.4876813104479678 88.4592760589794 3.0775871867241644 0.017431743409252378 1.006681247301616 0.03186552625454525 
[5], 1, 5, 1, 0.001, 0.05, 1, False 3.627892981600707 210.18264376735496 15.593469155440582 0.37566330055358893 19.391278757138412 2.862037088371636 
[5], 12, 5, 1, 0.001, 0.05, 1, False 3.8221914743021537 226.99950084732174 18.090699958649402 0.39419344389187116 19.658505586390067 3.1394397318355236 
[20], 24, 10, 5, 0.001, 0.05, 1, False 1.0972552795049353 52.477511007864884 1.9979892824094445 0.2540213324598378 15.9322217281927 0.7566482653334895 
[30], 12, 10, 5, 0.001, 0.05, 1, False 1.8160883338501057 112.3286089300659 4.483971556265799 0.07214291178329094 3.8002030984622186 0.3055570089229525 
[15], 1, 20, 1, 0.001, 0.05, 1, False 2.7865232543536913 171.94977012344995 10.047642071950351 0.06018400184658582 3.329967154574337 0.3741122489209557 
[5], 36, 10, 5, 0.001, 0.05, 1, False 1.6289364190004696 76.66689878916198 4.024308376142446 0.44252369352600907 25.179864313057752 1.603422019157513 
[15], 24, 20, 1, 0.001, 0.05, 1, False 1.3893504863190984 75.19364127784165 3.0792675451763487 0.04250856595942509 8.814897294621295 0.04979262766196911 
[20], 12, 15, 10, 0.001, 0.05, 1, False 1.5480717440463463 93.68286954329346 3.3106497320802633 0.05511660731545459 3.0352212917115278 0.19504447773689512 
[15], 36, 20, 1, 0.001, 0.05, 1, False 1.1394007302768943 53.09801300592895 2.5037590439059803 0.135256783278372 8.606771582971529 0.44454061568258685 
[5], 1, 10, 5, 0.001, 0.05, 1, False 3.695248529321893 216.9704878346184 16.31422783899522 0.2928301344253536 14.291218906889 2.348971790277102 
[20], 36, 15, 10, 0.001, 0.05, 1, False 1.1206631609350788 56.339239522034916 2.01781007870748 0.10420514129027991 8.996584449962395 0.3377744838511251 
[20], 1, 20, 1, 0.001, 0.05, 1, False 2.6933408508801624 168.82092489396675 9.648015361561534 0.08801615905778296 3.8236174179403384 0.4363179835044629 
[10], 12, 5, 5, 0.001, 0.05, 1, False 2.6114797631692555 165.6400785637352 9.396174464523726 0.2630170051706563 17.03867711840537 1.9039684943749287 
[20], 24, 15, 10, 0.001, 0.05, 1, False 1.1530762113785988 60.85201602587777 2.054394459325815 0.10720905868553578 5.951755029443185 0.2715878075398602 
[30], 12, 20, 5, 0.001, 0.05, 1, False 1.5737191443762708 97.25677773827942 3.549373481256001 0.08693664860122312 4.790557769466602 0.2898566004131373 
[30], 1, 15, 10, 0.001, 0.05, 1, False 2.5474199678645366 164.09977345433958 9.060285488873308 0.07108385133991525 4.3042453434875965 0.4677589537247723 
[30], 36, 20, 5, 0.001, 0.05, 1, False 1.150125131562904 52.28831410850099 2.219158193909387 0.14110027762651695 7.447507614480654 0.42509685130494046 
[10], 36, 20, 1, 0.001, 0.05, 1, False 1.4077096391878852 66.51266964287838 3.4622482601960125 0.0290364430126049 9.371739881797309 0.12034580820010085 
[30], 24, 20, 5, 0.001, 0.05, 1, False 1.1305084053478722 56.45582953108485 2.0318689077571146 0.07833047212880123 6.206762601097499 0.12732119619717658 
[15], 12, 20, 1, 0.001, 0.05, 1, False 2.17822668172971 133.84671395129985 6.332048330574075 0.09954177726284962 1.2343678413069297 0.2054115709371475 
[5], 1, 15, 10, 0.001, 0.05, 1, False 3.5163568412712607 217.1094350516254 15.986058136012621 0.17733773679324974 10.165737493826283 1.5428406634677447 
[5], 36, 15, 10, 0.001, 0.05, 1, False 1.1275075926091866 52.28291657207993 2.102313836909051 0.2396386096411791 15.648888889902082 0.7593509151369126 
[15], 24, 5, 5, 0.001, 0.05, 1, False 1.2970816273656156 70.24272997903209 2.2058911190139034 0.10455712834441722 3.6948565846052803 0.2512696214824768 
[15], 1, 5, 5, 0.001, 0.05, 1, False 3.0581559577266932 188.45154300722547 12.714484225104485 0.10923318055851174 8.750967101199304 2.055864210166517 
[30], 24, 10, 10, 0.001, 0.05, 1, False 1.0615522530067851 56.3871765765462 1.8149263667238191 0.07124826188678128 5.357013469268075 0.16154153580183048 
[20], 12, 20, 1, 0.001, 0.05, 1, False 1.4951385208198593 91.66841456411508 3.2366612763621685 0.1834789369200918 12.535670007566262 0.7063952539753072 
[10], 24, 20, 5, 0.001, 0.05, 1, False 1.683836215601682 89.14671318876124 3.797259442292272 0.1857948446900723 7.270967481387005 0.809008448441451 
[10], 24, 10, 10, 0.001, 0.05, 1, False 1.2419078905549314 67.63205848552131 2.221350996638666 0.10803855244551656 5.938325968551933 0.3249416558185858 
[30], 36, 10, 10, 0.001, 0.05, 1, False 1.0465707673087579 49.63061908052217 1.922162769310012 0.051791130946084056 4.2781780714307125 0.14867845183295275 
[20], 36, 20, 1, 0.001, 0.05, 1, False 1.1421433996038373 54.56289170774488 2.2188840704490445 0.10802610306279051 10.92639265255277 0.3228157027199267 
[10], 36, 5, 5, 0.001, 0.05, 1, False 1.347241891259155 64.48730010935253 2.7741110699026987 0.19729297588102906 10.755768505939113 0.7677840260902372 
[20], 24, 20, 1, 0.001, 0.05, 1, False 1.1813270398570843 65.49575126625886 2.1605610633706926 0.05062170601002631 8.562352528673584 0.17031177699093855 
[20], 1, 5, 5, 0.001, 0.05, 1, False 2.922163881202815 181.44152713213 11.286270368612072 0.09258397467115881 4.02230226204567 0.545925214571714 
[30], 1, 20, 1, 0.001, 0.05, 1, False 2.4568223520044103 157.0394612250833 8.353709416819585 0.09684113527527087 4.922778758121612 0.5186595267426142 
[15], 12, 5, 5, 0.001, 0.05, 1, False 2.5250854831119924 160.0231787206216 8.885060473848618 0.27883989762705513 20.219534152427617 1.9378843149285565 
[15], 36, 5, 5, 0.001, 0.05, 1, False 1.221036932687275 57.50682451007636 2.254110327647957 0.17780484075784775 8.898040327202459 0.6038945104154099 
[5], 1, 20, 1, 0.001, 0.05, 1, False 3.4295734019536113 201.21411881763063 14.031114424767502 0.18464203859749606 8.792437074372652 1.2653324503945902 
[5], 24, 20, 5, 0.001, 0.05, 1, False 1.5892638707481739 81.53038878846988 3.926557872009147 0.6194363290191359 30.893502232431807 2.4118215626243584 
[5], 12, 20, 5, 0.001, 0.05, 1, False 2.2136631952702177 129.78716992633318 6.292033923989307 0.3659661610179363 18.919700228994163 1.8203495267955658 
[5], 24, 10, 10, 0.001, 0.05, 1, False 1.3183924906076516 70.03284768433845 2.7235106873318613 0.173560646658457 9.618655576511205 0.6897173274014594 
[20], 12, 5, 5, 0.001, 0.05, 1, False 2.269441260528509 145.4932026829484 7.216947783119578 0.08978560120232454 4.785248242023022 0.5350295089791088 
[30], 1, 5, 5, 0.001, 0.05, 1, False 2.596171668061504 163.05570703646632 9.363326907657301 0.13913605277905997 8.46058995667275 0.6828084102654363 
[5], 36, 20, 1, 0.001, 0.05, 1, False 1.9759444860586275 97.93478365843646 5.710131225406141 0.5316167850183317 32.52270590676901 2.625281905021523 
[5], 12, 10, 10, 0.001, 0.05, 1, False 3.229625192574329 187.94048908 12.851932212563133 0.33878364468455424 26.964492839048553 3.155562345108966 
[10], 24, 15, 1, 0.001, 0.05, 1, False 1.3674032753367944 79.75102173551251 2.997993774653365 0.2982313178688862 20.438780223972234 1.2273569099196258 
[30], 24, 15, 1, 0.001, 0.05, 1, False 1.1768396681761024 65.45288021279876 2.1387239591782197 0.06547567326284665 4.341898232548033 0.2300492811425536 
[30], 12, 5, 5, 0.001, 0.05, 1, False 2.164260879131379 139.6891420555015 6.591506409533859 0.09235670175094994 6.118250407427598 0.5752885171993762 
[20], 24, 5, 5, 0.001, 0.05, 1, False 1.3983838013666512 72.7201394943213 2.51498519726734 0.09688660055565668 5.630496982775828 0.32259983259395364 
[20], 36, 5, 5, 0.001, 0.05, 1, False 1.3064409940865718 67.61299148992823 2.560962433518469 0.11431850448577814 5.244553906344615 0.3955022824065583 
[30], 36, 15, 1, 0.001, 0.05, 1, False 1.1163128316462796 50.29715773518 2.0375190398234326 0.018305692104811602 2.0617480759840716 0.0278486429700195 
[10], 12, 20, 5, 0.001, 0.05, 1, False 1.8210335765482373 109.01261686646451 4.421638386749489 0.10831083925801993 6.204543252685722 0.3781609096685679 
[10], 1, 20, 5, 0.001, 0.05, 1, False 3.2867609638168855 201.9386388772701 13.893166029006187 0.32683837047752945 18.15046483930555 2.4333309379408203 
[10], 1, 5, 5, 0.001, 0.05, 1, False 2.9685533993636017 179.63104296608665 11.0736791779033 0.09770546303493773 4.145385838716111 0.560969614582174 
[5], 36, 5, 5, 0.001, 0.05, 1, False 1.4057880141479135 73.83526700373812 2.8231506455621695 0.2107688336872013 11.127624464479124 0.6026253049915474 
[5], 1, 5, 5, 0.001, 0.05, 1, False 3.326642777584494 203.4247257805458 16.2320880001236 0.6889239778113655 44.35092617490033 8.39126437261138 
[5], 12, 5, 5, 0.001, 0.05, 1, False 3.456020045832352 208.30351424084654 15.145412881396382 0.25522856244943687 8.630946086404355 1.5532018282183013 
[10], 1, 10, 10, 0.001, 0.05, 1, False 2.9615281953993766 186.0747005006419 11.81239550981749 0.30141944584797264 15.872637808523935 2.0230981475763206 
[5], 24, 15, 1, 0.001, 0.05, 1, False 1.2988392583202328 66.35796322526637 2.6913973002556015 0.1041347071142985 13.626300951681973 0.37264915429857526 
[10], 12, 10, 10, 0.001, 0.05, 1, False 2.39158304096372 140.0373299174155 7.135760344019338 0.31374368890049364 15.82570281911615 1.6031066522872355 
[5], 12, 15, 1, 0.001, 0.05, 1, False 2.5340908147705097 151.16232231889109 8.475649863536146 0.6358789821441435 37.9876298280492 3.919982225577018 
[15], 1, 20, 5, 0.001, 0.05, 1, False 2.6935104118453133 172.0289260348187 9.971640817505923 0.04112621664942885 2.4082079459182895 0.2832376060029603 
[10], 36, 10, 10, 0.001, 0.05, 1, False 1.314237594976159 58.71013740245385 2.81104911055542 0.07676342823774535 8.607990908709269 0.2551015078735769 
[15], 24, 20, 5, 0.001, 0.05, 1, False 1.2505230509417338 64.50854043026179 2.3979926129221316 0.1881274342610211 13.176138857945764 0.5295040312282073 
[15], 12, 10, 10, 0.001, 0.05, 1, False 2.107876741696425 126.45023836081334 5.697784164403557 0.10641663493857519 5.604779078981712 0.4979390057071869 
[20], 1, 20, 5, 0.001, 0.05, 1, False 2.7718500901600005 176.2696132972779 10.488109706587176 0.0661446431945549 4.810173056990766 0.5627021544678235 
[15], 36, 20, 5, 0.001, 0.05, 1, False 1.3703536287872813 63.13904199464175 2.9177706053943226 0.07819170281505067 2.736223040254058 0.23239783293033953 
[20], 1, 10, 10, 0.001, 0.05, 1, False 2.609358204332077 166.49380263990113 9.450489858634063 0.18307407005177828 11.553893351098237 1.198777184591841 
[10], 1, 15, 1, 0.001, 0.05, 1, False 3.123120476981556 187.74973664838467 12.049810211112833 0.06222692894060122 2.4266943250951356 0.358952745103255 
[15], 24, 10, 10, 0.001, 0.05, 1, False 1.2038322648619888 61.79491881868832 2.2444160851366597 0.2815870475401802 15.096048634357167 0.8868471377194795 
[15], 12, 20, 5, 0.001, 0.05, 1, False 1.594810313527921 94.73515610255059 3.515059809165751 0.15806014811919028 9.304823571003578 0.5710074321850013 
[10], 12, 15, 1, 0.001, 0.05, 1, False 2.7123744787130915 161.99234173054185 9.409007426617544 0.45586386319486233 27.9969598979048 2.8661406384533628 
[10], 36, 20, 5, 0.001, 0.05, 1, False 1.3989796888988673 72.14622187778565 3.123718155842688 0.11103858895496017 12.56797858196655 0.5820510046532748 
[15], 1, 10, 10, 0.001, 0.05, 1, False 2.833008591427158 179.65655273816006 10.895094287865854 0.0879976705922726 4.8988572984154715 0.5860968994661707 
[15], 36, 10, 10, 0.001, 0.05, 1, False 1.2294821777225782 58.99070702284184 2.471860815669714 0.17515593081558567 8.59595834148421 0.5894583056385487 
[30], 12, 20, 10, 0.001, 0.05, 1, False 1.5298281897169848 94.41308951775191 3.3417860998152484 0.05432008700273394 3.3309440119518277 0.2017267962530247 
[10], 36, 15, 1, 0.001, 0.05, 1, False 1.1746681347963641 58.25994557027489 2.186095723628021 0.1435248809341163 12.533445087256204 0.40443370470559015 
[20], 12, 20, 5, 0.001, 0.05, 1, False 1.6409871412975783 100.43818239910007 3.7825520394556507 0.09756926216536402 4.244527700183675 0.32249432261049366 
[15], 12, 15, 1, 0.001, 0.05, 1, False 1.9868410793409028 116.25036289234339 5.067588950459671 0.10621467866906598 9.897212171698628 0.5787574234746742 
[20], 36, 20, 5, 0.001, 0.05, 1, False 1.0339551790375952 46.32222160236997 1.8952710111693747 0.05071096818383946 4.274879129260196 0.19759633471050592 
[20], 24, 20, 5, 0.001, 0.05, 1, False 1.190455895601082 58.36988946697209 2.197386968239556 0.09157634655056242 4.840631533307699 0.2808983789615397 
[20], 12, 10, 10, 0.001, 0.05, 1, False 1.8488347080915615 110.8448194397405 4.452076383771479 0.06468546097322399 3.0313449713304172 0.25731671549751783 
[20], 1, 15, 1, 0.001, 0.05, 1, False 2.691776844662511 168.45610573856277 9.629838091156719 0.1364990645938276 6.598299083220274 0.7627736221316743 
[15], 24, 15, 1, 0.001, 0.05, 1, False 1.3261359302913427 72.58144613779449 2.7055291382744833 0.19112343206094315 16.149989205046754 0.4962052007966169 
[30], 1, 20, 5, 0.001, 0.05, 1, False 2.5298944339777036 163.15506732863 8.953545146915054 0.036442380318359974 2.133079323186244 0.23262307361915843 
[5], 1, 20, 5, 0.001, 0.05, 1, False 3.581858712634831 214.25139537103135 15.72014634416528 0.12333517013302936 9.317773055399794 1.2188070038880137 
[30], 36, 20, 10, 0.001, 0.05, 1, False 1.105793526061569 55.51384673260048 1.988884406238446 0.06560722254824451 3.7512854614694 0.15915570496904416 
[20], 36, 10, 10, 0.001, 0.05, 1, False 1.20379730435347 60.29054915786501 2.383608961930856 0.061370487070697935 3.7848854597833257 0.17379705289154793 
[30], 1, 10, 10, 0.001, 0.05, 1, False 2.4901224042530417 159.51656228543234 8.606238998042597 0.04954291854443012 3.0851415963828837 0.3172146874113389 
[30], 24, 20, 10, 0.001, 0.05, 1, False 1.0904878451851092 56.54018756324232 1.9274978280496653 0.02555190880566958 2.9709934689515998 0.04310753836543128 
[5], 36, 20, 5, 0.001, 0.05, 1, False 1.5020785998337454 70.50634531660894 3.7813407789339064 0.38378404710348113 18.359680063337986 1.4811953992340305 
[15], 36, 15, 1, 0.001, 0.05, 1, False 1.3900172363526913 69.88293453692998 2.955919526362908 0.28916413367082944 19.226529818912624 0.7540392720751949 
[15], 1, 15, 1, 0.001, 0.05, 1, False 2.7697258810581715 172.52986617038553 10.10413721243762 0.11976885779802253 5.535693634140789 0.6480864853766831 
[20], 24, 10, 10, 0.001, 0.05, 1, False 1.2133615181332937 61.84705862434381 2.2578145709321205 0.23573755610025396 14.147233981670336 0.6601202592663332 
[5], 36, 10, 10, 0.001, 0.05, 1, False 1.2867637350603385 59.580793347431346 2.8085144587807576 0.2450315405554011 15.090325766832493 0.7575519108809695 
[20], 12, 15, 1, 0.001, 0.05, 1, False 1.7595875086676747 104.56176555681394 4.166302356437082 0.05904824106387873 4.046212838764594 0.413152996859837 
[30], 12, 10, 10, 0.001, 0.05, 1, False 1.7493636310410994 108.10807681321398 4.169077015602821 0.06359399361216217 5.182129776846542 0.3108453998672719 
[10], 24, 20, 10, 0.001, 0.05, 1, False 0.9915668684342461 51.11173455492161 1.5635928185366128 0.1456336573182171 6.5311873731989625 0.4778854292736043 
[20], 36, 15, 1, 0.001, 0.05, 1, False 1.046248410826687 50.04889781068125 1.9873065564657673 0.07306107011329498 6.985618445867014 0.28768929449171976 
[30], 1, 15, 1, 0.001, 0.05, 1, False 2.27009952445342 145.61795346866845 7.329010103293572 0.24975614921096953 14.565411798748826 1.395324715064938 
[20], 24, 15, 1, 0.001, 0.05, 1, False 1.067799165819047 60.09943184772286 1.8018890710150635 0.04680022620244183 1.6711452026411517 0.12955008208751043 
[5], 1, 10, 10, 0.001, 0.05, 1, False 3.1809052418193056 193.26494163519283 12.81043875435484 0.2679856227963272 17.586781394022083 2.2993383434443166 
[5], 12, 20, 10, 0.001, 0.05, 1, False 1.427543973767509 80.38391819598935 2.8684024404287745 0.09910695797827028 8.711554683080724 0.35086874276549856 
[5], 36, 15, 1, 0.001, 0.05, 1, False 2.1633355717933562 108.6707798852173 7.545421199395238 0.7183289596798093 31.67291098151314 4.851210277207759 
[30], 12, 15, 1, 0.001, 0.05, 1, False 1.4414725812221016 88.31500812465306 2.9435637736116953 0.09158869517010325 6.643245097873951 0.29714619792709196 
[5], 24, 20, 10, 0.001, 0.05, 1, False 1.9437265735309295 98.67712091804879 5.097928693668283 0.47696464518852755 24.581989890133435 2.0465480043222715 
[5], 1, 15, 1, 0.001, 0.05, 1, False 3.279635172154478 193.69872620818046 13.006370981937911 0.19220513848481274 9.251783100138994 1.3004562629111756 
[10], 12, 20, 10, 0.001, 0.05, 1, False 1.6831635088314885 99.85006624804505 3.852728207333565 0.1760466361375387 8.590938553658322 0.6475564021094861 
[10], 1, 20, 10, 0.001, 0.05, 1, False 2.99939006175156 186.70462156789196 11.88875453398399 0.30369074305431365 17.671153405761782 2.150784314376741 
[30], 1, 20, 10, 0.001, 0.05, 1, False 2.50126081875146 160.94441986184506 8.733295030065156 0.11618123421245763 7.170399194578468 0.7766074850461178 
[20], 36, 20, 10, 0.001, 0.05, 1, False 1.2183057805462914 60.87842094574276 2.3530691190108235 0.04255271187417994 2.17089875142174 0.11858881001414429 
[20], 12, 20, 10, 0.001, 0.05, 1, False 1.5316656676724694 91.14555525535256 3.2762049012704497 0.03488326350570944 4.31329296119767 0.20606645309090418 
[20], 24, 20, 10, 0.001, 0.05, 1, False 1.0593345718820475 55.89096364772839 1.750136502091662 0.05023961101632421 3.6178684452216703 0.13480723903967132 
[15], 1, 20, 10, 0.001, 0.05, 1, False 2.926042099766157 184.120264840487 11.492079279542542 0.2362804238818318 13.621443131603716 1.6578144145150886 
[5], 36, 20, 10, 0.001, 0.05, 1, False 1.3090896008329258 67.67642554370339 2.670731782194124 0.06677883414645096 6.322488889198251 0.22795305915165157 
[15], 24, 20, 10, 0.001, 0.05, 1, False 1.0676579506722865 54.645311555446256 1.86574944969869 0.14587935267726995 10.977314535360769 0.42725954943666133 
[20], 1, 20, 10, 0.001, 0.05, 1, False 2.571112242140979 164.17211311422886 9.162123860111857 0.23177342115257896 14.230546531833786 1.5212508082752683 
[5], 1, 20, 10, 0.001, 0.05, 1, False 3.6639857721515 221.0626213215812 16.65243397447775 0.1374553241952174 7.775270051833244 1.177622023809983 
[15], 36, 20, 10, 0.001, 0.05, 1, False 1.1670061925667576 60.76992664585089 2.19257742783009 0.08700946698379264 7.339142286134668 0.2688519269643166 
[10], 36, 20, 10, 0.001, 0.05, 1, False 1.1971749968800902 57.53153514864959 2.2167602552576664 0.1049476866206175 7.7561845996538 0.28035419150812807 
[15], 12, 20, 10, 0.001, 0.05, 1, False 1.6974727594121186 102.2583214025119 3.9234456039143843 0.09493174825637227 3.795255744214964 0.31221519420725885 
