layers lag time_steps epochs l2 learning_rate mean_mae                         mean_mape mean_mse std mae std_mape std_mse 
[15], 24, 1, 1, 0.001, 0.05, 1, False 1.9495098148714065 49.377389066740214 5.860557269172237 0.15497084482733264 2.821156019814785 0.7160229221569813 
[15], 36, 1, 1, 0.001, 0.05, 1, False 2.045317333874603 47.52504201303005 5.869493144424669 0.12458944369953569 3.846112058532562 0.4643005491790596 
[10], 1, 1, 1, 0.001, 0.05, 1, False 3.350710042510872 59.305274201450715 14.219753276583617 0.07580941268514935 0.2864570224161861 0.692322725635851 
[10], 12, 1, 1, 0.001, 0.05, 1, False 3.8675702814426693 79.77059778873019 20.756321102318154 0.19652059131322827 10.191321540784475 2.8953718201264396 
[10], 24, 1, 1, 0.001, 0.05, 1, False 1.8655350042162124 47.5119932630331 5.719120927655425 0.03825489294145281 2.733169888264217 0.4832775213958742 
[15], 1, 1, 1, 0.001, 0.05, 1, False 3.3825387482531366 59.657236047774155 14.587718507360398 0.21945938638393045 0.4110857917318911 2.0102177510853996 
[15], 12, 1, 1, 0.001, 0.05, 1, False 3.0982772559893346 70.51957443516807 13.826234440179144 0.5449227253410408 7.19079567603818 4.095760746974927 
[10], 36, 1, 1, 0.001, 0.05, 1, False 1.9231040808745163 41.489700206942864 6.746515740405569 0.9078231967655938 16.238955189550495 4.65335622994742 
[5], 1, 1, 1, 0.001, 0.05, 1, False 3.4271008613657337 59.80718634831809 15.27845032673035 0.5138829695471779 2.0362441836627743 4.9363853184584885 
[5], 36, 1, 1, 0.001, 0.05, 1, False 1.9309758835161726 45.61312104941683 5.500914712673793 0.26821242130552864 8.722323153827393 1.203762185170296 
[5], 24, 1, 1, 0.001, 0.05, 1, False 1.663811509387085 44.14003903141356 4.828797312791722 0.17328026004000543 3.369826305256658 0.6316642547033053 
[20], 12, 1, 1, 0.001, 0.05, 1, False 3.1266742016654465 69.29828207651111 14.842483500253593 0.541332730228529 5.896368275444205 4.595413599356668 
[20], 1, 1, 1, 0.001, 0.05, 1, False 3.659250633039132 59.65774707568405 17.338713128869305 0.3696824437187508 1.562129868416799 3.6358229823372343 
[20], 24, 1, 1, 0.001, 0.05, 1, False 1.846053609210584 47.8469260009066 6.201637859095917 0.08610660309530552 2.272735767319458 0.6112733166520192 
[5], 12, 1, 1, 0.001, 0.05, 1, False 3.245482089406277 72.64073619846353 15.96444709215182 0.9506314207316026 9.291303448099857 7.163023509901296 
[20], 36, 1, 1, 0.001, 0.05, 1, False 1.690645788403021 45.88781861661979 5.45339949222274 0.03827345629403159 2.400662527378891 0.1776525933697882 
[15], 36, 15, 5, 0.001, 0.05, 1, False 1.859010831597779 45.18004482116638 5.318750183818012 0.10700366950219219 2.3412617482530385 0.5849524724220362 
[15], 24, 1, 5, 0.001, 0.05, 1, False 1.7318231968968005 46.26929994801176 6.01413792536815 0.12446651089884152 1.5272449379871063 0.5521191445953647 
[15], 36, 1, 5, 0.001, 0.05, 1, False 1.9215896858247346 43.980423685502764 5.184799884418855 0.26379447295250535 6.518681398771238 1.159042969255126 
[15], 24, 15, 5, 0.001, 0.05, 1, False 1.6682946075443876 45.075019087580614 4.589102601122915 0.01427521692499605 0.4605728354162069 0.13987711130695402 
[15], 12, 15, 5, 0.001, 0.05, 1, False 1.9932475151563134 53.168845761258744 6.878551397417886 0.19381106100107545 3.0721238024436244 0.918704243607446 
[20], 12, 1, 5, 0.001, 0.05, 1, False 3.096319687562236 67.80468086013174 15.234857252243325 0.5245301194458403 7.516416522976747 5.950084540459651 
[15], 1, 1, 5, 0.001, 0.05, 1, False 2.718541712617433 65.78666049840022 10.56239375700641 0.0769667681899822 3.283685204596503 0.1924785095988195 
[10], 36, 1, 5, 0.001, 0.05, 1, False 2.039058658425455 46.20951175347751 5.956721867096564 0.34923200039521773 7.383090051341605 1.7765296537729673 
[20], 1, 1, 5, 0.001, 0.05, 1, False 2.417620706461646 62.023045013823406 8.977394046624477 0.08442459998418846 0.7942263765920604 0.1341527346509097 
[10], 1, 1, 5, 0.001, 0.05, 1, False 3.161088491072533 59.06612387261011 12.962500606060717 0.28400848698242376 1.6565923675420167 2.214803223898615 
[15], 12, 1, 5, 0.001, 0.05, 1, False 3.9267189697379727 75.52689769082086 23.061243931543828 1.2304686581467512 10.427230347060398 13.566194280429706 
[20], 24, 1, 5, 0.001, 0.05, 1, False 1.7836355682324487 47.04594222043837 6.174406009724701 0.08272271816997016 1.9375475024232875 0.6942749869451795 
[20], 24, 15, 5, 0.001, 0.05, 1, False 1.7467131678428915 46.67753869578533 4.9841775146370795 0.07483381659412225 0.6146273422031959 0.16512072679518183 
[30], 1, 1, 1, 0.001, 0.05, 1, False 3.382087690445284 58.77839655146067 14.613816967847512 0.17528074774676086 0.1785129089852857 1.615955736878566 
[30], 12, 1, 1, 0.001, 0.05, 1, False 2.8793239935594444 66.84772657634382 12.550098780536516 0.4797983464967392 7.390837914295514 4.401511190606396 
[15], 24, 5, 10, 0.001, 0.05, 1, False 1.7463155714863987 46.03951225631667 4.872360558857859 0.020514635088581323 1.5610356867482418 0.03170012134988906 
[5], 1, 1, 5, 0.001, 0.05, 1, False 4.286346861609706 63.110624492789235 23.685463956938737 0.48633646311744333 4.773948678353982 4.946784727654113 
[15], 1, 15, 5, 0.001, 0.05, 1, False 1.9662780992686757 54.858996794987256 6.53330110539484 0.06593853391551222 0.7538478044570512 0.24178294103454448 
[10], 36, 15, 5, 0.001, 0.05, 1, False 1.7670721925243191 43.73424754193646 4.867557896379043 0.09623287438087372 1.672656642091344 0.47718615846116225 
[10], 24, 15, 5, 0.001, 0.05, 1, False 1.8107115586184797 46.24448444934011 5.388782001195683 0.11160226801711172 1.4708830890301043 0.27845291117230914 
[15], 36, 5, 10, 0.001, 0.05, 1, False 1.7333288591631038 41.25870267730591 4.686157068256709 0.09262073611288686 1.1102882514441799 0.38864303370567327 
[5], 36, 15, 5, 0.001, 0.05, 1, False 1.645517040526978 42.285908226909925 4.6971264253109455 0.06318236223729337 2.324772314893159 0.10474252854487925 
[10], 12, 1, 5, 0.001, 0.05, 1, False 3.2468133894588664 73.93867527136682 15.097115379378321 0.23014252154360962 2.156502829049768 2.9311988415009558 
[15], 24, 10, 1, 0.001, 0.05, 1, False 1.8186930800201722 49.43021488606393 5.6632069349813365 0.0629584893454145 2.262432206398285 0.5871842371718042 
[5], 24, 1, 5, 0.001, 0.05, 1, False 2.253565656035035 51.66074396398627 8.502819316295179 0.889615630253117 11.19663576022304 4.11725482777975 
[20], 1, 5, 10, 0.001, 0.05, 1, False 1.8484783473390118 51.33182997616254 5.466035642925772 0.011672829748542096 0.20813424486308948 0.06377642569899918 
[10], 24, 1, 5, 0.001, 0.05, 1, False 1.7682567740618085 46.345231327097906 6.246918553692488 0.11345713752742995 4.209208613650681 0.8537513139751776 
[5], 36, 1, 5, 0.001, 0.05, 1, False 1.590838851558942 39.786050331645015 4.60964047667343 0.05773601133151821 2.2537796497781666 0.22468634968222603 
[15], 1, 5, 10, 0.001, 0.05, 1, False 1.8796116323934662 51.75165494121353 5.4891935298493815 0.02989105604200626 0.47387758224331994 0.043162937407569414 
[10], 1, 15, 5, 0.001, 0.05, 1, False 2.015584572183865 55.587335109601526 6.681037612283949 0.017182786651337777 0.9739525005100522 0.19895301067105758 
[20], 24, 5, 10, 0.001, 0.05, 1, False 1.7606443657367323 44.491070926325655 4.829028554550647 0.06235697357307911 0.8691456196275629 0.19103167361753423 
[15], 36, 10, 1, 0.001, 0.05, 1, False 1.7464647384705365 47.093913587394134 5.014704718496323 0.124248349842083 1.7524736010680815 0.4118744118638685 
[5], 12, 1, 5, 0.001, 0.05, 1, False 3.8153914893735887 72.95979053363409 22.749974199041617 1.4623965616130161 9.204583992542121 16.741254389764535 
[10], 12, 15, 5, 0.001, 0.05, 1, False 1.956065325714924 52.737204498507026 6.440762302730577 0.03454022264119958 1.444033390289832 0.2274110393495617 
[10], 36, 5, 10, 0.001, 0.05, 1, False 1.5274885180371784 37.72877715764093 3.799467041805304 0.10284225371066502 2.1280818096079956 0.38661832350829384 
[20], 36, 1, 5, 0.001, 0.05, 1, False 1.6770664638529222 40.16761617817361 4.273598409488557 0.08597947178590182 1.0911361079825241 0.3153568819572549 
[15], 12, 5, 10, 0.001, 0.05, 1, False 1.9688002013221937 52.93333675637418 6.489172801982028 0.08827779483922463 2.261622538025852 0.547945687494853 
[5], 24, 15, 5, 0.001, 0.05, 1, False 1.6235937566117007 45.52058739657042 4.870903080975903 0.06334058514033726 2.0197748122348425 0.18886356752496983 
[5], 1, 15, 5, 0.001, 0.05, 1, False 2.1408527821164447 58.639645817587024 7.469404197362561 0.0812750953691748 1.8396603459656085 0.402384266684663 
[20], 1, 10, 1, 0.001, 0.05, 1, False 2.0210848721365133 53.084384649384226 6.231845607198697 0.040592238792445834 0.3910648696261082 0.11099003749788211 
[10], 24, 5, 10, 0.001, 0.05, 1, False 1.6647944348691794 43.03776825852814 4.752459817113461 0.11892849063628282 2.352130361443522 0.3793083861207127 
[20], 1, 15, 5, 0.001, 0.05, 1, False 1.983776070356921 54.41591175247402 6.554545045361057 0.025537693308392232 0.30668576752568333 0.13858285831512548 
[30], 12, 1, 5, 0.001, 0.05, 1, False 3.171116853082829 72.61414830001792 14.661896679476193 0.2011956937532401 2.2114275049475998 1.8792274278203143 
[15], 1, 10, 1, 0.001, 0.05, 1, False 2.0754507651483567 53.29267431709755 6.355068386253417 0.07876232308389378 0.42389368794885024 0.15959804234392697 
[30], 1, 1, 5, 0.001, 0.05, 1, False 2.0850530580238065 57.64188100850456 7.389934641491528 0.027556328838739454 0.29852296952783 0.057965157756371316 
[20], 24, 10, 1, 0.001, 0.05, 1, False 1.756019114013072 48.20320449160076 5.222826130943255 0.10997015318643087 2.46211718417133 0.5725736570638631 
[30], 1, 15, 5, 0.001, 0.05, 1, False 1.9473378270312596 53.47510129889621 6.357569720045781 0.022779866528650397 0.38602881559245567 0.13024239851203617 
[30], 12, 15, 5, 0.001, 0.05, 1, False 1.808139035823169 49.22103082046738 5.837455324481671 0.059112886720987225 1.8530379230135086 0.3445195027843565 
[5], 1, 5, 10, 0.001, 0.05, 1, False 2.0477854588517435 54.379160668211064 6.49997072310877 0.0625060776250313 0.5268554482649702 0.20854762460342346 
[10], 36, 10, 1, 0.001, 0.05, 1, False 1.8677052789264257 48.08649054034432 5.477065447484598 0.23659092826679212 3.952077628279851 0.9810910173523926 
[20], 12, 15, 5, 0.001, 0.05, 1, False 1.8446958579950865 49.183666678143396 5.966475758038861 0.09080534560369148 1.009721639170171 0.06874866486187256 
[15], 24, 1, 10, 0.001, 0.05, 1, False 1.7721107347281997 44.90419919447336 5.479374908301204 0.06671186157887501 2.0686631183920836 0.44506361658590404 
[10], 1, 5, 10, 0.001, 0.05, 1, False 1.9124492777718436 52.473125663142234 5.5989649698520525 0.05952659983774355 1.5658543269121967 0.1668693426272356 
[15], 12, 10, 1, 0.001, 0.05, 1, False 1.8685631170041033 52.89098730366741 6.194575141808028 0.05755488169632456 1.1773330554972548 0.2663373363993413 
[15], 36, 1, 10, 0.001, 0.05, 1, False 1.8806515834535713 43.15966456183523 5.2478303974967435 0.38387610546264056 7.199827959991671 1.9699209454851339 
[30], 24, 1, 1, 0.001, 0.05, 1, False 1.688845501205436 45.48406337432497 5.6140956242873985 0.07203472729573306 1.0298325004545326 0.2115340805964591 
[10], 24, 10, 1, 0.001, 0.05, 1, False 1.742609635961277 48.624659953869944 5.4953047193010605 0.06814950812815913 1.9350547403472058 0.5051956719316747 
[20], 36, 15, 5, 0.001, 0.05, 1, False 1.737325949042484 41.94782101624259 4.791865262888795 0.0575326815802452 1.883778912921866 0.20913713866860587 
[5], 1, 10, 1, 0.001, 0.05, 1, False 2.0859060240012623 55.1226510066567 6.704607677163616 0.11842872580919804 0.5174747277742385 0.31162455776699316 
[15], 24, 5, 1, 0.001, 0.05, 1, False 1.6068275357562083 44.22630721718082 4.543230164171846 0.07948823122020239 0.884696932476151 0.255472909924697 
[15], 24, 10, 5, 0.001, 0.05, 1, False 1.677093917517751 45.64061573775653 4.961428576529293 0.13476268223675472 2.9138503584237543 0.49615250070135464 
[20], 12, 1, 10, 0.001, 0.05, 1, False 3.4713315074530393 75.08444531990041 17.320903586057653 0.6219891733346192 10.953895454437381 4.588748928924774 
[20], 24, 1, 10, 0.001, 0.05, 1, False 1.9338812801504028 48.27111868144405 6.1841647350583395 0.293894920432966 4.137142514463433 0.8066098865920306 
[15], 36, 15, 10, 0.001, 0.05, 1, False 1.6909572281219345 40.40729231416702 4.470053936756688 0.08441976992578168 1.6715999003887385 0.399520881874707 
[10], 1, 10, 1, 0.001, 0.05, 1, False 2.0548004281189702 53.94289103376792 6.5067973094777 0.04631164721984212 0.41889905201624705 0.08215574804947356 
[20], 1, 1, 10, 0.001, 0.05, 1, False 1.8563028035064546 49.70301838579072 6.480780698229927 0.06636918811371795 0.28561359042598905 0.18036619112057506 
[30], 1, 5, 10, 0.001, 0.05, 1, False 1.8948086236362107 52.84662688743279 5.6144877709641605 0.030707555137623445 0.7255075175604622 0.07908286497663944 
[15], 36, 10, 5, 0.001, 0.05, 1, False 1.764176750486648 42.55413919325263 4.967853708357349 0.03491345567775131 1.2592765815445857 0.151949182992742 
[15], 36, 5, 1, 0.001, 0.05, 1, False 1.9276275889051184 50.72596773886368 6.064571427088272 0.18039442164288147 5.014136070311631 1.0378053374876766 
[30], 12, 5, 10, 0.001, 0.05, 1, False 1.8410502444262855 51.02843834289035 5.860775591894367 0.012733779093454061 0.8340307687378852 0.07402096938954282 
[15], 24, 15, 10, 0.001, 0.05, 1, False 1.7568571320148536 44.731492680226886 4.945242793328186 0.06818995948751133 1.3013251824141425 0.3152620262837557 
[5], 24, 5, 10, 0.001, 0.05, 1, False 1.7960258918503922 46.10465397395688 5.403318746206954 0.05452911312110029 2.3935364978244045 0.5096784885719327 
[15], 12, 15, 10, 0.001, 0.05, 1, False 1.8314880231188404 48.4369281363108 5.929457790453906 0.14404461376613614 3.268778848604948 0.6092011324035017 
[5], 36, 5, 10, 0.001, 0.05, 1, False 1.7209638983701117 41.59536189186429 4.656470072407669 0.04477702989277236 0.7706451887013128 0.15308370821218417 
[30], 1, 10, 1, 0.001, 0.05, 1, False 2.0010836420787705 53.24232255554426 6.167286119694324 0.01945963179853409 0.2757309846652987 0.04156447051726401 
[15], 1, 1, 10, 0.001, 0.05, 1, False 1.9919637746005148 54.24089515919249 7.00607433474647 0.015674944678470654 1.656559522509664 0.21141339195473488 
[5], 12, 5, 10, 0.001, 0.05, 1, False 2.1941160034388307 57.674989930927694 7.485848957686968 0.024907348664359282 1.1538545941921916 0.3388301475574472 
[10], 36, 1, 10, 0.001, 0.05, 1, False 1.4762887309960746 35.00108503414021 3.4874565930653696 0.07012996188882663 2.4535292366284702 0.24271036850673539 
[15], 36, 20, 1, 0.001, 0.05, 1, False 1.7280694383713937 47.90390280387488 5.1987499507748725 0.05914663041374871 2.6487039727164 0.4570376448077252 
[10], 12, 5, 10, 0.001, 0.05, 1, False 1.915101065859199 51.50091984940642 6.1671186293065965 0.06376376514381495 1.3147089722272627 0.34480858559500654 
[15], 12, 1, 10, 0.001, 0.05, 1, False 2.8811007599415333 67.99908654043507 11.394449143879179 0.3432403284563688 6.863363395403618 2.0359056306548813 
[30], 12, 10, 1, 0.001, 0.05, 1, False 1.8615678608141566 51.972913661355726 6.080722900429529 0.029597955254812 0.8341235208409213 0.10790472369591221 
[20], 24, 15, 10, 0.001, 0.05, 1, False 1.776145936245168 44.10332184222051 4.750214521732114 0.017121515363848948 0.5368737472445205 0.10887493059084105 
[20], 12, 5, 1, 0.001, 0.05, 1, False 1.8361550780910034 51.780490062862675 5.938256877455998 0.01356772757815008 0.7700492055827511 0.1450947382730732 
[20], 1, 5, 1, 0.001, 0.05, 1, False 2.244970543751562 53.66447529196096 6.922615803234776 0.03510446090379415 0.21988494817403634 0.0964831082912323 
[20], 1, 10, 5, 0.001, 0.05, 1, False 1.816477777974473 50.964453705691106 5.542039860884206 0.013616072600259004 0.3381510130018745 0.034305911572207345 
[20], 24, 5, 1, 0.001, 0.05, 1, False 1.7242691177184941 47.20655997823823 5.277982699236223 0.09925718505098736 3.0877266339039644 0.5150015314720092 
[20], 24, 10, 5, 0.001, 0.05, 1, False 1.672197503210218 44.141953468664184 4.6400423782905715 0.021208438804586935 0.2674607537715755 0.19587707258856765 
[15], 24, 20, 1, 0.001, 0.05, 1, False 1.6971783199520027 44.99765215135551 4.848853416054382 0.10709750947500221 1.8967274246874097 0.7023177987320162 
[10], 1, 1, 10, 0.001, 0.05, 1, False 2.3759677059810476 61.492438728482064 8.735000296743308 0.14829542245031405 2.1168624801166587 0.35806578383631565 
[30], 36, 1, 1, 0.001, 0.05, 1, False 2.1042232569307093 52.27072662216713 7.277224711436104 0.6265787575915168 11.310937311854508 3.4746633576268917 
[5], 1, 1, 10, 0.001, 0.05, 1, False 3.228699922913478 57.605766979051985 13.417400246526617 0.2978275818094556 0.7891324986182554 2.616100837500537 
[15], 12, 20, 1, 0.001, 0.05, 1, False 1.856473789778021 52.219331065283136 6.005764959562274 0.014242151727738772 1.854305095192765 0.2858159875917791 
[15], 1, 10, 5, 0.001, 0.05, 1, False 1.888948880108418 51.86592683597496 5.772845258431197 0.058322588898018606 0.9895840873658694 0.22288985588227206 
[15], 1, 5, 1, 0.001, 0.05, 1, False 2.25207974029084 53.25971782282912 6.902183956816148 0.09597777017027492 1.0110193863954875 0.3793143327638873 
[10], 36, 5, 1, 0.001, 0.05, 1, False 1.72405837804631 46.416330786566846 5.169621470349736 0.11874591883353461 2.675682697082272 0.36762613466609045 
[5], 36, 10, 1, 0.001, 0.05, 1, False 2.1127698609950367 53.67398940096444 6.801823643998127 0.13507776796360432 6.049978235468472 1.0065783950918514 
[5], 24, 10, 1, 0.001, 0.05, 1, False 1.8324925200254834 50.365328899011224 5.612225179270023 0.06480684589204504 1.7604951333127974 0.3766333741159486 
[10], 36, 10, 5, 0.001, 0.05, 1, False 1.7086811227103078 41.866998673409775 4.872605784693754 0.0998524367826996 2.0750118746531037 0.49388428963362535 
[15], 12, 5, 1, 0.001, 0.05, 1, False 1.940156502607796 53.96023824706311 6.332611611950099 0.07229253687654973 1.1701223837381578 0.3262777744636564 
[5], 12, 10, 1, 0.001, 0.05, 1, False 1.9887928328304378 55.44743863741976 6.461333005175195 0.07430132835156995 0.34154606240251656 0.24597051498011144 
[10], 12, 10, 1, 0.001, 0.05, 1, False 2.043145491734699 56.590578287913736 7.037865085886953 0.14017568237386321 1.9152521050029037 0.5023767192543284 
[20], 24, 20, 1, 0.001, 0.05, 1, False 1.7507259039139307 47.68506129513182 5.437257483203175 0.04886558438070563 1.215470287748961 0.5604633998360739 
[15], 12, 10, 5, 0.001, 0.05, 1, False 1.8717475749000358 52.26973605001507 6.153009465597219 0.01711268301461734 0.64769852559863 0.05474743327060347 
[30], 24, 1, 5, 0.001, 0.05, 1, False 1.8083006908496222 48.45620084518711 6.024089166933128 0.045375691944460464 0.9722584471961371 0.05285199157882572 
[5], 1, 5, 1, 0.001, 0.05, 1, False 2.15387478824015 55.48053383634305 7.144195093183665 0.06883902672598442 1.059426328814178 0.2956751765361358 
[20], 36, 5, 10, 0.001, 0.05, 1, False 1.6026943046599633 39.76509007510606 4.142299428554288 0.05481215675048504 1.0630577828282841 0.2231701253289626 
[15], 24, 5, 5, 0.001, 0.05, 1, False 1.6481815052253237 44.65608882036673 4.861623374522913 0.07111154676946012 1.1723891493094025 0.24600360251497003 
[30], 12, 1, 10, 0.001, 0.05, 1, False 2.6506068422631537 62.05426992794997 9.835585934802651 0.12835433198507154 4.359233744940055 1.171613433060391 
[10], 24, 10, 5, 0.001, 0.05, 1, False 1.6808065987847474 45.501687781372304 4.720094631468511 0.05637269307749872 0.6185406775710379 0.13520492354652694 
[10], 1, 5, 1, 0.001, 0.05, 1, False 2.174596492546024 54.7081080582999 6.919683456420642 0.14726610427135775 0.9882460466842763 0.5563956639489527 
[30], 1, 1, 10, 0.001, 0.05, 1, False 1.9208545995255315 48.99851930937109 6.096943938263443 0.11573955029353214 1.2765015619134334 0.42179679141189586 
[15], 36, 5, 5, 0.001, 0.05, 1, False 1.5312963501584758 38.09541576560025 3.9638451037347053 0.08729297909977567 1.4714189249998295 0.3179354365652231 
[30], 36, 1, 5, 0.001, 0.05, 1, False 1.5852358689462702 39.7179766478877 4.036347831421093 0.12358439445319323 1.6529404062333328 0.32402869410958673 
[15], 1, 15, 10, 0.001, 0.05, 1, False 1.8814882788393235 52.37423125783726 6.061166211891549 0.05418579858690583 1.5101841835221494 0.281225367389688 
[10], 36, 15, 10, 0.001, 0.05, 1, False 1.7098672607292738 40.70833372957342 4.662327846388295 0.10478668768587382 2.4641160478978876 0.44893010777325126 
[20], 36, 10, 1, 0.001, 0.05, 1, False 1.6516975958590159 44.082725581983645 4.725886994861118 0.12974331415720036 3.043432616603701 0.4528227175520821 
[30], 12, 5, 1, 0.001, 0.05, 1, False 1.9835396425177656 54.923670575066375 6.685418514283966 0.10305392073590516 2.2372770551555394 0.499120123722782 
[10], 24, 15, 10, 0.001, 0.05, 1, False 1.7784715623767295 45.01080500304521 5.173886992214009 0.141994014021776 2.5502714834635163 0.6715734347969288 
[30], 1, 5, 1, 0.001, 0.05, 1, False 2.1759403166395646 53.23608273912342 6.553640512747396 0.02315006690279795 0.09335324596444558 0.08227312092661541 
[30], 1, 10, 5, 0.001, 0.05, 1, False 1.8289145998656746 50.97578150570226 5.533610778989378 0.0049639846690681996 0.5585383693907098 0.07472878916172956 
[10], 1, 10, 5, 0.001, 0.05, 1, False 1.8984737918194796 52.31167356350548 5.9461418656778635 0.018925480061504872 0.980548038474339 0.21692199916783989 
[5], 1, 10, 5, 0.001, 0.05, 1, False 1.9727847173534052 53.40345963203517 6.234507796839597 0.029256294589101894 0.4117879328174678 0.0985263479257171 
[20], 1, 5, 5, 0.001, 0.05, 1, False 1.9054367988473837 52.21706503456449 5.73921182755686 0.02530298354555125 0.18757848079125336 0.07370508057250053 
[30], 24, 15, 5, 0.001, 0.05, 1, False 1.7487464544535793 45.71030281139278 4.818479933004301 0.058611372489702857 0.7744550859500414 0.2164465333464877 
[20], 12, 5, 5, 0.001, 0.05, 1, False 1.9550851722558342 53.605261940677785 6.620263155273187 0.02732453557585533 1.2005020397743518 0.174668565609537 
[5], 36, 1, 10, 0.001, 0.05, 1, False 2.0030894327563824 43.697285938190284 6.377388282396757 0.704079800667695 11.324560861573767 3.6381227359396666 
[20], 24, 5, 5, 0.001, 0.05, 1, False 1.6925443901507948 44.4733214156415 4.902085010617756 0.059770029545217804 1.6456482874097664 0.26761812109977573 
[10], 12, 1, 10, 0.001, 0.05, 1, False 3.8868017021894326 71.83646992412577 21.37892776432105 0.6806449667067128 0.49648616123993944 6.704785477135526 
[15], 36, 20, 5, 0.001, 0.05, 1, False 1.8014093443337418 41.94331579854826 5.171465795478579 0.002706366660459227 0.5348126611770234 0.11024957160172932 
[5], 24, 1, 10, 0.001, 0.05, 1, False 1.8518125001479084 43.70616405960183 6.211064013938922 0.09721330623545246 3.680041325240373 0.6702488797604339 
[20], 36, 1, 10, 0.001, 0.05, 1, False 1.6022305173454463 38.37994879612466 3.900886891094838 0.015462332655557453 0.7003689111060742 0.12115372711288157 
[15], 1, 20, 1, 0.001, 0.05, 1, False 1.989990072862969 54.017885455390946 6.256827790094441 0.04786447859361297 0.3525700641967487 0.11393119122015462 
[30], 12, 10, 5, 0.001, 0.05, 1, False 1.909535601100436 53.465605991397275 6.336008922116868 0.03016473474810584 0.7545315717951158 0.16890860834914423 
[10], 24, 1, 10, 0.001, 0.05, 1, False 1.846294248104096 46.2440679310209 6.330493670198038 0.1474817789697759 1.0368663786061554 0.7061272315218544 
[15], 24, 10, 10, 0.001, 0.05, 1, False 1.704028110178533 44.339550918135025 4.501617071211956 0.0617243210192239 0.9045006084798928 0.24569843658194657 
[10], 36, 20, 1, 0.001, 0.05, 1, False 1.8535976946215944 46.50229735876042 5.386034706253628 0.18171889710269615 3.4014742266816116 0.5473014975309342 
[5], 12, 1, 10, 0.001, 0.05, 1, False 3.1105649117518355 62.34879933184862 13.738280056621967 0.5791920075738562 2.791592166988545 4.697855819942057 
[30], 12, 15, 10, 0.001, 0.05, 1, False 1.776854138076306 48.06421266433447 5.6796324449992115 0.07017340487165459 1.6331940834478667 0.1837918815768625 
[30], 1, 15, 10, 0.001, 0.05, 1, False 1.875607696120386 51.92187583848328 5.97744624570547 0.022525644673347875 0.6126053782700687 0.10926555429736397 
[15], 24, 20, 5, 0.001, 0.05, 1, False 1.675649075817179 44.27896480449781 4.576770821355275 0.10444840914419137 1.2982308659335942 0.4552657055830842 
[10], 24, 20, 1, 0.001, 0.05, 1, False 1.6211748431126283 46.30056907526259 4.959472402736394 0.12844540074820904 2.7714717990247375 0.44645054539177254 
[15], 36, 10, 10, 0.001, 0.05, 1, False 1.8395383457204815 42.208519906049204 4.814592543577928 0.0704124111246204 1.1476130028689497 0.2554415744947403 
[30], 24, 5, 10, 0.001, 0.05, 1, False 1.6706354375238774 43.477932944978555 4.52399120486028 0.018329135746193704 0.952378153855471 0.09004343715363185 
[15], 12, 20, 5, 0.001, 0.05, 1, False 1.8178621614144914 48.09902259591522 5.4896876283647105 0.109601078701372 4.616715640123765 0.7167450400003458 
[15], 1, 5, 5, 0.001, 0.05, 1, False 1.8630762401830268 52.03969119935144 5.65427978068002 0.03480880238775628 0.512280069238488 0.13046243360334242 
[10], 36, 5, 5, 0.001, 0.05, 1, False 1.6699535841053288 41.88869845941852 4.757434154181058 0.05971730834460763 1.2651588125687705 0.2730600911835363 
[15], 12, 5, 5, 0.001, 0.05, 1, False 1.9565481794377169 52.82381222073584 6.394934669589294 0.05042235320352056 2.3064606222762865 0.3781688378784248 
[5], 36, 5, 1, 0.001, 0.05, 1, False 1.7765250557550676 46.28314744523121 5.280873843112963 0.11705025802047972 4.704239273114327 0.4160357693954834 
[20], 36, 5, 1, 0.001, 0.05, 1, False 1.7687123338105506 46.5321748092268 5.458143720873207 0.11472494547519527 3.643665291911861 0.4856924408292913 
[20], 24, 20, 5, 0.001, 0.05, 1, False 1.811065979329525 46.25271995656187 4.942271573889904 0.052451206776266114 2.08649539130431 0.36509072970733536 
[10], 12, 5, 1, 0.001, 0.05, 1, False 2.0030418506375063 53.54775825036811 6.443243864594037 0.11688992217289206 3.196030140292069 0.7226711878025661 
[5], 36, 15, 10, 0.001, 0.05, 1, False 1.6744005303278018 40.45691002023782 4.698312351309311 0.10292736345378657 3.0908585606960726 0.3255582167623627 
[15], 24, 15, 1, 0.001, 0.05, 1, False 1.7696707951249906 48.26375319816759 5.404522795519377 0.05215462427458091 0.7775085607367065 0.3352066181658447 
[5], 24, 5, 1, 0.001, 0.05, 1, False 1.8653745258020031 48.02423449255503 5.46938553556818 0.25980641239934343 4.4023035258107015 0.7613741035781343 
[30], 12, 20, 1, 0.001, 0.05, 1, False 1.8806449769823639 51.76787170777943 6.1112604071705485 0.08497106535740717 1.9671200288385375 0.4441239820777829 
[30], 1, 20, 1, 0.001, 0.05, 1, False 1.957998869706083 54.15711044480503 6.229176195753946 0.009944130250321034 0.33215546111296146 0.06713314840566428 
[20], 1, 10, 10, 0.001, 0.05, 1, False 1.8315174896408009 50.73720140485555 5.48841282987821 0.01940404941331101 0.8382280252360691 0.19746746821198116 
[10], 24, 5, 1, 0.001, 0.05, 1, False 1.8489731317317049 48.77727940115678 5.779551947261267 0.051848554984832755 2.620102903617361 0.39752852828253576 
[15], 36, 15, 1, 0.001, 0.05, 1, False 1.7489794023886878 44.973170914892 4.933843477386469 0.0980648660441591 1.936863180170301 0.5457485387464613 
[30], 24, 10, 1, 0.001, 0.05, 1, False 1.667699355549283 47.3997096117097 5.167030628379421 0.050474404748798836 0.14603562807930562 0.08215977585282006 
[20], 24, 10, 10, 0.001, 0.05, 1, False 1.808709577995318 47.19589744514963 5.190928957287855 0.012652000362948262 0.9259398691919994 0.07147733105701584 
[5], 12, 5, 1, 0.001, 0.05, 1, False 2.2591425381324908 61.45311863150719 8.47827193155705 0.15595094050588953 4.6135591254629515 1.1280224137457027 
[30], 36, 5, 10, 0.001, 0.05, 1, False 1.6306129181826563 38.800282693024336 4.2050475367450755 0.13716859874120604 2.5987290045771108 0.4976403329523884 
[5], 1, 5, 5, 0.001, 0.05, 1, False 2.056323022905875 53.56637811245336 6.078529334331065 0.10136076985603332 2.5740758512003064 0.547249391809555 
[10], 1, 5, 5, 0.001, 0.05, 1, False 1.9825123531950843 52.753516643589556 6.000569513741809 0.036484317900968725 0.7027280606035804 0.26454687196541676 
[30], 12, 5, 5, 0.001, 0.05, 1, False 1.9022969221075376 52.38081046841564 6.225870533723338 0.019555833336102564 0.46747981310888825 0.10518699673615353 
[5], 36, 10, 5, 0.001, 0.05, 1, False 1.6994571061597936 41.94380869802601 4.785669129955199 0.011553557732047309 2.332001140641581 0.2502238108487191 
[30], 36, 1, 10, 0.001, 0.05, 1, False 1.5586636356457522 38.87945104316777 3.791322266303935 0.07313254979846635 1.856330985480311 0.14303546236716094 
[10], 12, 10, 5, 0.001, 0.05, 1, False 2.000299643463007 54.178881762396976 6.618690875424671 0.07796064955318215 0.7670801008014894 0.2899777161866348 
[5], 24, 10, 5, 0.001, 0.05, 1, False 1.589979010958363 44.782508840317035 4.702647559025036 0.04340521729433316 0.45654205937984654 0.2744060335488256 
[30], 36, 10, 1, 0.001, 0.05, 1, False 1.7613369258603564 44.87983230518994 5.157456266769799 0.055638393509849504 2.4142728640633404 0.40200146597041236 
[5], 36, 20, 1, 0.001, 0.05, 1, False 1.9071738391838695 51.154378938160676 6.194558011161181 0.05737937760331295 3.119234915000282 0.44516807748138587 
[10], 1, 15, 10, 0.001, 0.05, 1, False 2.043214793944801 55.03739951531727 6.718035796965716 0.1559285147731811 2.9451521272451524 0.7022804396751784 
[30], 1, 5, 5, 0.001, 0.05, 1, False 1.850979522532887 51.78641537136166 5.590513693068082 0.01113320865090563 0.2799483888876294 0.05831412349272855 
[5], 12, 10, 5, 0.001, 0.05, 1, False 1.9495418171639798 53.11220216101563 6.295167473056431 0.058440912137794496 1.7879007000014413 0.37187022000973025 
[20], 1, 15, 1, 0.001, 0.05, 1, False 2.003766433066792 53.927142770308286 6.217056179141456 0.030479112193952176 0.356227631491917 0.031324614150417984 
[20], 36, 15, 10, 0.001, 0.05, 1, False 1.9455667301184605 43.46030574512417 5.510979813577776 0.014511339433182247 0.9097387960840466 0.20273791705600294 
[20], 24, 15, 1, 0.001, 0.05, 1, False 1.7280321718917955 48.337631314147984 5.419327453829677 0.0550796445060357 0.9300042732746472 0.2502488168292215 
[10], 12, 15, 10, 0.001, 0.05, 1, False 1.8666205407568703 47.25617538335987 5.785341808582186 0.11415194213295769 2.495382020476476 0.5633611968294656 
[20], 36, 10, 5, 0.001, 0.05, 1, False 1.718109497400346 42.17604664065155 4.716483103897009 0.0284394711338171 0.8334239246141963 0.11022577317174691 
[30], 36, 5, 1, 0.001, 0.05, 1, False 1.6850316370251004 44.65275174380468 4.60943597199866 0.09151507634966592 1.987822275931045 0.5539728508871717 
[20], 1, 15, 10, 0.001, 0.05, 1, False 1.939946307614446 53.20756416360741 6.306940052818409 0.050499230473315754 1.3146620852807174 0.24877054686799702 
[5], 24, 15, 10, 0.001, 0.05, 1, False 1.7816725280687773 44.38573864853887 4.766434698831411 0.09641236683887054 1.926140633356826 0.46421714325769414 
[5], 12, 15, 5, 0.001, 0.05, 1, False 1.8720288959918203 51.358641489488654 6.043128408825937 0.08889521089282239 3.10733144378044 0.4100000665084454 
[5], 1, 15, 10, 0.001, 0.05, 1, False 2.085859316311501 56.734380724608684 6.989157383045812 0.07696746593088885 1.267721966482876 0.3164620000021519 
[30], 36, 15, 5, 0.001, 0.05, 1, False 1.7897795514376078 41.654120196514576 4.866082175917945 0.08117253791740837 1.4241464665894286 0.26728971584813493 
[10], 1, 20, 1, 0.001, 0.05, 1, False 2.1263861139063485 54.412961232389705 6.514800380405447 0.15876537200997437 1.1812355105544112 0.30365813455058593 
[20], 36, 20, 1, 0.001, 0.05, 1, False 1.77633648801733 48.18632329798433 5.561905961426902 0.10281588583394612 1.4179966692845551 0.46880881872532665 
[15], 1, 10, 10, 0.001, 0.05, 1, False 1.8547761010351003 51.183754979753566 5.71783318073484 0.017998958577799967 0.22396455514365166 0.10483816408317752 
[30], 24, 1, 10, 0.001, 0.05, 1, False 1.741779081537216 44.99277339283487 5.072743136619391 0.1448315234096206 3.064229813491657 0.3838454216198989 
[10], 36, 10, 10, 0.001, 0.05, 1, False 1.7306951836855327 42.08148733576686 4.904479819622096 0.12211585949621044 2.331284272173761 0.4487825553021321 
[10], 12, 20, 1, 0.001, 0.05, 1, False 1.9366507359676894 54.548603104450784 6.527338785472686 0.01937157175537556 0.8008175427218617 0.11385414864204048 
[15], 1, 20, 5, 0.001, 0.05, 1, False 1.999579497192193 56.083303862271435 6.809361440084268 0.00664036437791001 0.4458501057660469 0.044857126919244004 
[10], 36, 20, 5, 0.001, 0.05, 1, False 1.6904261317931946 43.06047034208206 4.814479134155161 0.10295856354932421 2.2195681137822403 0.37279991337060836 
[10], 24, 20, 5, 0.001, 0.05, 1, False 1.6978087090231762 45.39389577523983 5.028549147206476 0.12272461322622372 0.12835326837352534 0.26686157607463146 
[20], 12, 15, 10, 0.001, 0.05, 1, False 1.8220800238351031 49.5156432573551 6.1052289608730845 0.02479630705222359 0.5574363605620817 0.2367096400399042 
[15], 12, 10, 10, 0.001, 0.05, 1, False 1.8968454187804904 52.2242448731038 6.284862308681493 0.009071573235910652 1.1969760120998518 0.098174231033612 
[10], 24, 10, 10, 0.001, 0.05, 1, False 1.7845979940698105 45.23716138257481 5.037145562936925 0.09366095862773924 1.5333334514052228 0.2234591272825076 
[20], 36, 5, 5, 0.001, 0.05, 1, False 1.6060292889536536 39.89842833984593 4.2231583165399025 0.08749559342523545 2.341295476086075 0.4226560632138555 
[30], 36, 10, 5, 0.001, 0.05, 1, False 1.8213525703107873 42.8228407361743 5.043743155579328 0.04098527171164939 0.5617838706008375 0.09439388333797169 
[20], 1, 20, 1, 0.001, 0.05, 1, False 1.9912402979753636 54.73762995513064 6.198553092443806 0.01174637195326269 0.6434451787692957 0.022847413775119535 
[15], 1, 15, 1, 0.001, 0.05, 1, False 1.9964744800494776 52.997163712320145 6.076422844980492 0.045225735677887936 0.11547836967224681 0.06548624913086866 
[30], 24, 5, 1, 0.001, 0.05, 1, False 1.67317996452804 46.31588075795423 5.0285648552838325 0.08001948717589231 1.181721808122255 0.32617532131530375 
[5], 24, 20, 1, 0.001, 0.05, 1, False 1.6805624093998366 46.80175332347351 5.305154277289876 0.09256315171599226 2.4877579246285437 0.6562633760666912 
[5], 1, 20, 1, 0.001, 0.05, 1, False 2.085014117150395 55.50532411956157 6.554375069960109 0.06358129144062001 0.9537888219723374 0.18818591004350826 
[10], 36, 15, 1, 0.001, 0.05, 1, False 1.7199072137199067 45.69655560928894 5.129107076071402 0.16456985997045145 5.148549480635808 0.8497093495567952 
[30], 12, 20, 5, 0.001, 0.05, 1, False 1.8166206491490204 49.874560899296135 5.841809300078455 0.10655540493718076 2.3899852568639957 0.3896561789180571 
[30], 1, 20, 5, 0.001, 0.05, 1, False 1.9769026569746162 55.354228074675355 6.668993726072404 0.04975464779670166 1.1690080142722212 0.28822668975967086 
[30], 1, 10, 10, 0.001, 0.05, 1, False 1.8231421674015345 50.391457086389956 5.405404005004519 0.007872702518407966 0.2061685486766981 0.05946742112291539 
[5], 36, 5, 5, 0.001, 0.05, 1, False 1.6929231531918052 42.81889074142657 4.699826065463899 0.06474192426122943 1.469892546587138 0.23308255055027857 
[10], 12, 5, 5, 0.001, 0.05, 1, False 1.8279097502706232 49.64424628256844 5.604857266539409 0.07627097776323663 1.3172828898272122 0.4320585768269011 
[30], 24, 10, 5, 0.001, 0.05, 1, False 1.6949425216902185 45.59835041441456 4.708328427679375 0.05905495013845037 0.49653446543297164 0.14909788845862454 
[15], 12, 15, 1, 0.001, 0.05, 1, False 1.8867447804245685 51.584557373617 5.91833835108289 0.07513349925336664 0.672570414623002 0.1851182873871845 
[5], 24, 5, 5, 0.001, 0.05, 1, False 1.7404213677401899 44.049337770196736 5.055280107805122 0.03105745661723664 2.3443792213168346 0.33220137905834324 
[10], 24, 15, 1, 0.001, 0.05, 1, False 1.8803882348040741 48.76439488961288 5.541771377994272 0.1592076969492409 2.8951216824206614 0.7913590624955212 
[20], 24, 20, 10, 0.001, 0.05, 1, False 1.899542082846165 46.01987809777804 5.3886525767607445 0.062443816652095495 0.9104710027142254 0.12923684275237957 
[10], 24, 5, 5, 0.001, 0.05, 1, False 1.6577031125900927 44.54472932753361 4.934739029184157 0.0927442176481704 2.594917678157698 0.4453956391727007 
[30], 36, 5, 5, 0.001, 0.05, 1, False 1.647159390358462 40.598447598514035 4.290063326910539 0.04100013240935728 0.4622188647715728 0.11851983290008092 
[20], 12, 20, 1, 0.001, 0.05, 1, False 1.8841636098645351 52.31071684687666 6.121860318105533 0.010371142811029447 0.4817009563370233 0.15988925411575286 
[5], 12, 5, 5, 0.001, 0.05, 1, False 1.9854069716676517 53.34761744527662 6.5547692437129434 0.23100974399644736 5.645198299454123 1.279444329008294 
[30], 12, 10, 10, 0.001, 0.05, 1, False 1.8971390292600352 53.74124613654345 6.394283123058819 0.020133039787723357 0.8246516466325101 0.1718312224735864 
[30], 1, 15, 1, 0.001, 0.05, 1, False 1.9882302010224926 53.95335237894326 6.2814879382387225 0.09965211546897498 0.6599167613035561 0.2535711359596604 
[20], 12, 5, 10, 0.001, 0.05, 1, False 1.8436134815629988 51.21546234841092 5.957663939408474 0.013978416871703224 0.83260759695842 0.11970386570405393 
[15], 36, 20, 10, 0.001, 0.05, 1, False 1.7829848750046013 41.6696386918719 4.827321135181749 0.03064604067040977 0.5639122364590303 0.14277011811578122 
[30], 12, 15, 1, 0.001, 0.05, 1, False 1.757725791246803 48.49974465589752 5.452259843563911 0.009562024880749065 0.9361908933112071 0.16174847887845342 
[15], 12, 20, 10, 0.001, 0.05, 1, False 1.8760885335505009 51.15382192800138 6.038676584815647 0.0519908423273835 1.7124813404868158 0.23458477568818342 
[10], 1, 10, 10, 0.001, 0.05, 1, False 1.9358015262280348 52.35676792793422 6.03356420634312 0.06035948933099349 1.1906743231803534 0.2271461272305185 
[15], 24, 20, 10, 0.001, 0.05, 1, False 1.822768415179518 44.354705566145064 4.975215186780972 0.0391219837043348 0.6204400881801655 0.1251795147753728 
[5], 36, 20, 5, 0.001, 0.05, 1, False 1.6588712189898451 43.18206810678958 4.712288771697652 0.05959402857696935 2.8407443065485514 0.6225230924840122 
[20], 12, 10, 1, 0.001, 0.05, 1, False 1.981403229082072 54.021599377784035 6.629681484543018 0.03385000487328936 0.588383932845008 0.2570317214104419 
[5], 1, 10, 10, 0.001, 0.05, 1, False 2.0526170071490384 54.62635294071378 6.758413128951333 0.15193623829095923 1.4333186633944175 0.5041760991560428 
[30], 24, 15, 10, 0.001, 0.05, 1, False 1.7728205253266631 44.82449710083528 4.840034192895218 0.033279278547682645 0.45761068192585913 0.10480768821298019 
[10], 1, 20, 5, 0.001, 0.05, 1, False 2.046971824806598 58.750979074425395 7.2899995345135435 0.12240621541905744 2.5174239112458814 0.6010244470196643 
[10], 1, 15, 1, 0.001, 0.05, 1, False 2.040858469379169 54.336723155734255 6.288413298059183 0.028298235774591736 0.41946144492284715 0.0487904809214537 
[20], 36, 20, 5, 0.001, 0.05, 1, False 1.7856507927179344 42.54634837596806 5.059301337542233 0.051250809986690675 1.636919644240936 0.17950383358927552 
[5], 1, 15, 1, 0.001, 0.05, 1, False 1.9881144157438364 55.393187241766476 6.2820307595341065 0.029565751943540667 0.3477412471402211 0.031174062811139373 
[10], 12, 20, 5, 0.001, 0.05, 1, False 1.8315057104936352 50.507692254755966 6.167837311151149 0.059440590525398636 2.5158526001276016 0.5782196180122575 
[30], 24, 20, 1, 0.001, 0.05, 1, False 1.6740832419583098 46.514880129275504 4.951971241985247 0.03726247602709925 1.0617471037031065 0.05792002618206212 
[30], 24, 5, 5, 0.001, 0.05, 1, False 1.720595113326003 45.65442137334682 4.7712893674123515 0.06232260132712679 0.959390820718083 0.2574843120614982 
[30], 36, 10, 10, 0.001, 0.05, 1, False 1.7277138718093437 41.22523013793192 4.734831261916608 0.11240378708908473 1.7871047020838358 0.42684551979314794 
[5], 24, 20, 5, 0.001, 0.05, 1, False 1.8098123303718043 46.85245030609308 5.329024792509284 0.192923521220501 4.038805837019727 1.2401869769457936 
[20], 36, 10, 10, 0.001, 0.05, 1, False 1.738382079162532 41.35051417312028 4.714765708647856 0.08461498043171695 1.6789333033554141 0.40460238443892765 
[5], 36, 10, 10, 0.001, 0.05, 1, False 1.7541645963158874 42.49796928667059 4.919248483975106 0.07973738824468612 1.7625281972385805 0.24372784612301487 
[10], 12, 10, 10, 0.001, 0.05, 1, False 1.9455819902872598 51.794716474207725 6.304775919265201 0.05637827619514477 1.2637021289499364 0.2523559027550462 
[30], 1, 20, 10, 0.001, 0.05, 1, False 1.9076687105000023 53.67576584937214 6.319063912782866 0.0621683387548216 1.5676792500928878 0.31264851001327604 
[15], 1, 20, 10, 0.001, 0.05, 1, False 1.840820940045847 51.563696628179876 5.848305571328609 0.03299592492192028 1.283180236547524 0.26282562695129197 
[5], 1, 20, 5, 0.001, 0.05, 1, False 2.041542219894904 55.53483693932599 6.669206947587571 0.037665318659874415 1.2483359688378455 0.35564230039085676 
[5], 24, 10, 10, 0.001, 0.05, 1, False 1.7173707194902288 45.02310783513472 4.871586156824194 0.05408617999403128 2.7842032074245764 0.7040978698251695 
[30], 36, 15, 1, 0.001, 0.05, 1, False 1.6418398322330585 44.61334832820879 4.733023747590491 0.043113257599209386 0.8665572922566163 0.35426191589871653 
[20], 1, 20, 5, 0.001, 0.05, 1, False 1.993311187762905 55.728226940240575 6.78161628897098 0.05213746570051082 1.4596204318163097 0.27662332306449716 
[10], 36, 20, 10, 0.001, 0.05, 1, False 1.6749531484036542 39.76467798316754 4.366820523768861 0.08843275165758063 1.2394758504382162 0.21094719690556857 
[10], 24, 20, 10, 0.001, 0.05, 1, False 1.7791687738426312 44.11529163656781 4.80187017337789 0.04051425691984866 1.1513057058556686 0.232047755297594 
[20], 36, 15, 1, 0.001, 0.05, 1, False 1.7952499033400307 48.832954827932014 5.507377945462374 0.0826976327400842 2.179072390453854 0.3171495100788404 
[30], 12, 20, 10, 0.001, 0.05, 1, False 1.6680180805838776 42.824920353035886 4.581250024879553 0.1075030908174426 3.997851180730307 0.8558218982479529 
[5], 12, 10, 10, 0.001, 0.05, 1, False 1.8753258345303714 51.12182875785368 5.976179488408076 0.1484032261908193 3.3493553693580864 0.7810280474466161 
[5], 36, 15, 1, 0.001, 0.05, 1, False 1.7201615378950479 44.58280411631571 4.9141966111316435 0.13571639024259363 4.140713782725491 0.47844828720437377 
[10], 12, 15, 1, 0.001, 0.05, 1, False 1.8162534526376815 51.69571583356991 5.784141495333986 0.015864882480642526 1.3723399541291659 0.06849187245396135 
[20], 12, 20, 5, 0.001, 0.05, 1, False 1.9338825221414921 52.77514427512096 6.218333570265066 0.10428180630383213 1.8294591972560537 0.4244162063120862 
[5], 24, 15, 1, 0.001, 0.05, 1, False 1.8390339120670607 50.850430436616016 5.834056685611614 0.2625908215312722 6.926823210482951 1.6329169757719921 
[20], 12, 10, 5, 0.001, 0.05, 1, False 1.891021770100903 52.18261425900645 6.1838557091734465 0.07861438244214589 2.3602713556252297 0.39892071489599196 
[5], 12, 15, 10, 0.001, 0.05, 1, False 2.009448257640557 53.31625207105136 7.022721062979915 0.09595368116127234 1.0129829634006666 0.6106912469817813 
[30], 36, 15, 10, 0.001, 0.05, 1, False 1.7589777032672265 41.01839034734288 4.697893648814972 0.0409269044536954 1.1564184698864808 0.08355073664926635 
[5], 12, 15, 1, 0.001, 0.05, 1, False 1.9967042478698271 56.44357628216375 6.747566679931158 0.011547237995193915 0.5135032238116536 0.22621235200183062 
[5], 12, 20, 1, 0.001, 0.05, 1, False 1.901326840536462 55.05508263698704 6.51193743640425 0.04294671959368564 0.17935229922718554 0.2385146201835894 
[30], 24, 10, 10, 0.001, 0.05, 1, False 1.7453469062155047 45.616800797445876 4.8602748937934415 0.05055012854193128 0.782276919341925 0.15001881381066004 
[30], 24, 20, 5, 0.001, 0.05, 1, False 1.780349535839978 44.17564310853941 4.772154453668914 0.041185487602191144 0.10321947740213089 0.21688742821817372 
[30], 36, 20, 1, 0.001, 0.05, 1, False 1.7390143484705025 46.74173331894534 5.295641197062018 0.054539579379187984 1.6636008321866542 0.33470384647352536 
[30], 24, 15, 1, 0.001, 0.05, 1, False 1.753582074603549 49.12941486320663 5.422522235758794 0.04955803744848824 1.5626298210112426 0.43928063335987216 
[5], 24, 20, 10, 0.001, 0.05, 1, False 1.7975113408571044 44.88076850330296 5.084739217504953 0.08646237517531234 2.313942718795566 0.3520493075423318 
[5], 36, 20, 10, 0.001, 0.05, 1, False 1.7293272208422426 40.91036161192375 4.703316089140316 0.09736376958184778 1.0923505972543144 0.2542751551383793 
[10], 1, 20, 10, 0.001, 0.05, 1, False 1.9562977642648753 54.964314551438825 6.587064684968902 0.13918138674007538 4.123456844885804 0.9478085591406105 
[10], 12, 20, 10, 0.001, 0.05, 1, False 1.979560668959662 52.88859057155539 6.428349435517319 0.05790685551922162 1.05877957554813 0.24573187220461412 
[20], 36, 20, 10, 0.001, 0.05, 1, False 1.727651138396727 41.30211355890369 4.807684506805402 0.08481783828060833 2.743626197294045 0.33450965194049975 
[5], 12, 20, 5, 0.001, 0.05, 1, False 2.1251040068213585 57.80147752705162 7.258798146140716 0.10519589733031906 1.1722021140014873 0.41679316585717585 
[30], 36, 20, 5, 0.001, 0.05, 1, False 1.7891035117760856 42.43195359755135 4.926400332697026 0.11113750608882196 1.9166827504218704 0.3572343231132583 
[20], 12, 10, 10, 0.001, 0.05, 1, False 1.886736047461077 52.96534098554315 6.30419078213975 0.06002514149433297 1.3120377159847392 0.3031216836770066 
[5], 1, 20, 10, 0.001, 0.05, 1, False 2.2148181208581836 60.71558487085795 7.96342084375959 0.09558571839872548 4.751667809559619 1.063156511530881 
[20], 1, 20, 10, 0.001, 0.05, 1, False 1.9683048049332923 55.53605394382249 6.7086012516234055 0.025207437913279906 0.7958646321526339 0.16946274750922388 
[20], 12, 15, 1, 0.001, 0.05, 1, False 1.7896433396195928 49.91983952211692 5.572644984855098 0.048310394163297986 1.319357612987153 0.24709983603897764 
[30], 24, 20, 10, 0.001, 0.05, 1, False 1.8353271571160474 45.336496287950496 5.125383365501442 0.01974006144414425 0.5900049037899078 0.07369541199608634 
[20], 12, 20, 10, 0.001, 0.05, 1, False 1.7368699565529828 45.98099116542142 5.455071086070835 0.09741151537566499 3.1560492210738453 0.4535761134888819 
[5], 12, 20, 10, 0.001, 0.05, 1, False 1.990949470053116 51.66996716892382 6.315020117551037 0.08664864752132578 0.7666555922973097 0.46224481953902896 
[30], 36, 20, 10, 0.001, 0.05, 1, False 1.7834867791583147 41.83936175535172 4.820788023975532 0.03386144511496007 0.8959851824800458 0.25810035295930567 
