lags time_steps dense_nodes lstm_nodes processed scales                        epochs l2 learning_rate mean_mae mean_mape mean_mse                         std mae std_mape std_mse 
[1, 24], [24, 5], [1, 5], [20, 20], [0, 1], 1, 0.001, 1, False, False 2.0753536854974097 72.79874067887467 6.786165665711877 0.021019197427129672 0.12772105118702068 0.05704585169056906 
[1, 24], [24, 1], [1, 5], [10, 10], [0, 1], 1, 0.001, 1, False, False 2.0456189117980776 72.68483394753434 6.736165197357839 0.012008510323848157 0.20792813719125647 0.03751680225167196 
[1, 24], [24, 5], [1, 10], [10, 10], [0, 1], 5, 0.001, 1, False, False 1.72345061102813 59.97615474335592 4.633399406486613 0.07099090863365337 1.2070426907139609 0.23321300936708156 
[1, 24], [24, 1], [1, 5], [20, 20], [0, 1], 5, 0.001, 1, False, False 1.7430761511748034 59.54847376343323 4.659533778295407 0.03767848496408125 2.646701604182002 0.3713586746215774 
[1, 24], [24, 15], [1, 10], [20, 20], [0, 1], 1, 0.001, 1, False, False 2.045299075833625 72.10682649249681 6.633853855637946 0.012303102804155707 0.38254479413162984 0.06798824708304978 
[1, 24], [24, 10], [1, 10], [10, 10], [0, 1], 1, 0.001, 1, False, False 2.0492215342474758 72.30823379315301 6.6892392417288695 0.03344775703274062 1.1555062444001798 0.18244958902778707 
[1, 24], [24, 1], [1, 5], [10, 10], [0, 1], 5, 0.001, 1, False, False 1.9631790590093094 69.01889904146515 6.076004627118113 0.1676472076842304 5.140448102025591 0.8918836443932414 
[1, 24], [24, 5], [1, 5], [20, 20], [0, 1], 5, 0.001, 1, False, False 1.8743006893054204 66.0313157334492 5.672653615852172 0.15079490216520325 5.231000723594745 0.8898018102163322 
[1, 24], [24, 5], [1, 5], [10, 10], [1], 1, 0.001, 1, False, False 2.0375916340974745 71.97994665448407 6.615563498766047 0.011786811491403438 0.6363898259438691 0.09911356144283762 
[1, 24], [24, 10], [1, 5], [20, 20], [1], 1, 0.001, 1, False, False 2.0353612626316373 72.27532981326313 6.64608101585538 0.013342723265631597 0.5749054772041137 0.12340568699408232 
[1, 24], [24, 1], [1, 10], [10, 10], [0, 1], 10, 0.001, 1, False, False 1.2705355354550258 40.948589728740814 2.410676733586411 0.11426818167882859 2.658810719246978 0.3281656828004516 
[1, 24], [24, 5], [1, 5], [20, 20], [1], 5, 0.001, 1, False, False 1.6894980313118408 62.07750535592401 4.871949095425795 0.13739971551869445 4.9936764287359505 0.690629467959214 
[1, 24], [24, 5], [1, 5], [10, 10], [1], 5, 0.001, 1, False, False 1.7028051109777558 60.481759271748324 4.671256815045122 0.09559275324850432 1.220413396931315 0.28430443103194697 
[1, 24], [24, 10], [1, 5], [20, 20], [1], 5, 0.001, 1, False, False 1.5048103572697276 54.735348927924925 3.8692331696106774 0.19407117083383957 6.712542494820009 0.9172354383952365 
[1, 24], [24, 10], [1, 10], [20, 20], [0, 1], 5, 0.001, 1, False, False 1.6053064116621734 57.387959229221565 4.3196358270387085 0.31542941937161695 10.265822419146119 1.4101499533197195 
[1, 24], [24, 15], [1, 10], [10, 10], [1], 1, 0.001, 1, False, False 2.0298535477025093 71.5380319399727 6.534026445127477 0.02690327821967135 0.6097378987882743 0.10331574180360181 
[1, 24], [24, 10], [1, 10], [10, 10], [1], 5, 0.001, 1, False, False 1.5376725325360894 54.1007020426222 3.7638697234222547 0.08585478436836959 2.521045786166714 0.2993360988608109 
[1, 24], [24, 5], [1, 10], [10, 10], [1], 10, 0.001, 1, False, False 1.2457563752618928 42.13203441113429 2.4387502309995948 0.09326895312275947 4.488409814684391 0.3565937490824619 
[1, 24], [24, 15], [1, 10], [20, 20], [0, 1], 5, 0.001, 1, False, False 1.5159500079091501 51.792722344711 3.572496137406766 0.06617517966487431 3.892623070133112 0.3957599405732839 
[1, 24], [24, 10], [1, 10], [10, 10], [0, 1], 5, 0.001, 1, False, False 1.7224410383030773 60.397614264576504 4.7657117445049675 0.20378565439134708 7.377790637486513 1.0910418608667278 
[1, 24], [24, 5], [1, 10], [20, 20], [0, 1], 10, 0.001, 1, False, False 1.3137361511726071 43.938635370591925 2.7117535023332078 0.13979126812366632 3.949355925837635 0.5354387168727206 
[1, 24], [24, 10], [1, 10], [20, 20], [1], 10, 0.001, 1, False, False 1.149126070106609 36.41451456143335 1.929092823555332 0.06589925073711886 2.549710286198989 0.2103114554481849 
[1, 24], [24, 15], [1, 10], [20, 20], [1], 5, 0.001, 1, False, False 1.5082974437762189 52.61892037265384 3.689199357073355 0.15674441824120353 5.991441666734043 0.815471850289828 
[1, 24], [24, 5], [1, 5], [20, 20], [1], 10, 0.001, 1, False, False 1.3487457784341166 45.64306403673441 2.814451312168981 0.10225401400520621 3.0146134999509204 0.3273967493966711 
[1, 24], [24, 5], [1, 10], [10, 10], [0, 1], 10, 0.001, 1, False, False 1.2718500201555865 43.03262933121615 2.5174261893854393 0.057321802924828746 3.1577986490450645 0.28709665345839497 
[1, 24], [24, 1], [1, 5], [20, 20], [0, 1], 10, 0.001, 1, False, False 1.436662190579982 46.15709836171441 3.003836614542457 0.09679467758156104 3.2842691454044317 0.47691295117518206 
[1, 24], [24, 15], [1, 10], [10, 10], [1], 5, 0.001, 1, False, False 1.5135872487737625 53.99489801639522 3.762486825888359 0.19240544771427415 5.695041510224713 0.7357849134921425 
[1, 24], [24, 1], [1, 5], [10, 10], [0, 1], 10, 0.001, 1, False, False 1.5431811183897988 51.27340242880785 3.588183194460299 0.1809199181802789 5.99084576349049 0.7278801083366819 
[1, 24], [24, 5], [1, 5], [10, 10], [1], 10, 0.001, 1, False, False 1.3686005632496545 47.7255739904966 3.0281761418924016 0.20568757398919854 8.098734531581 0.971756946710094 
[1, 24], [24, 10], [1, 5], [20, 20], [1], 10, 0.001, 1, False, False 1.4694477095786072 49.080094244796726 3.2376726897044956 0.09752862988074029 2.238558680286235 0.3102769364875869 
[1, 24], [24, 5], [1, 5], [20, 20], [0, 1], 10, 0.001, 1, False, False 1.2371923178020452 41.09329255014592 2.407132198867683 0.17166541259806936 5.179881242776779 0.6382994329606002 
[1, 24], [24, 1], [1, 10], [20, 20], [1], 1, 0.001, 1, False, False 2.056611264628117 70.48280014195058 6.466808409096824 0.03386907231214498 0.7156315919008064 0.10473136802405893 
[1, 24], [24, 5], [1, 10], [20, 20], [1], 20, 0.001, 1, False, False 1.1246991873494592 33.09111202266872 1.915238460284885 0.03912362516829075 1.6459243967508574 0.17001394401728825 
[1, 24], [24, 10], [1, 10], [10, 10], [1], 10, 0.001, 1, False, False 1.2653628102365746 43.02204610498233 2.5965285595339194 0.220231191083069 7.113472130508453 0.8691309256740991 
[1, 24], [24, 1], [1, 5], [10, 10], [1], 10, 0.001, 1, False, False 1.2928843478982648 43.01891142823096 2.5829690682179383 0.08510440321268978 3.4709879790324587 0.3269637282997225 
[1, 24], [24, 10], [1, 5], [10, 10], [1], 1, 0.001, 1, False, False 2.076974614813096 73.23366730361221 6.844394782205165 0.06482988758570335 1.4266569774374485 0.28031788505414956 
[1, 24], [24, 1], [1, 10], [20, 20], [0, 1], 20, 0.001, 1, False, False 1.2731084966721635 38.06775314161721 2.3417466071650948 0.05969672429331161 0.6158820231944327 0.10401917606205945 
[1, 24], [24, 1], [1, 10], [20, 20], [1], 5, 0.001, 1, False, False 1.680488512582249 57.475123250382325 4.278083345770777 0.025716250923027012 1.279817953371807 0.227003826164538 
[1, 24, 48], [24, 1, 1], [1, 10, 10], [10, 10, 10], [0, 1, 2], 1, 0.001, 1, False, False 1.9953966288447935 71.38203740300882 6.464286211620404 0.0710429462203303 1.3671387261838253 0.28112530797130336 
[1, 24], [24, 15], [1, 5], [10, 10], [0, 1], 10, 0.001, 1, False, False 1.3537711046360157 46.41587294281155 2.969545190120669 0.16458183253839645 6.268145432941687 0.7428449472711096 
[1, 24], [24, 5], [1, 5], [10, 10], [0, 1], 1, 0.001, 1, False, False 2.057602970964379 73.05299569726644 6.797714789479006 0.0072896496019665405 0.18493177429507615 0.04505341331141177 
[1, 24], [24, 10], [1, 5], [10, 10], [1], 5, 0.001, 1, False, False 1.8549118197626537 66.55240794941751 5.6015223487996835 0.05491904797410923 0.7946069682291022 0.18417960507346554 
[1, 24], [24, 1], [1, 10], [20, 20], [1], 10, 0.001, 1, False, False 1.1343865640219992 36.48182939981469 1.888828860012799 0.0450964501215672 1.0107572037500716 0.0704289820247883 
[1, 24], [24, 1], [1, 5], [20, 20], [1], 20, 0.001, 1, False, False 1.2637778162576814 38.158302651626336 2.26772490422807 0.028586146692952782 1.1475788976526888 0.07851868009055574 
[1, 24, 48], [24, 10, 1], [1, 5, 5], [10, 10, 10], [0, 1, 2], 1, 0.001, 1, False, False 2.0360985043562123 71.94762042097578 6.593427837575452 0.028382668216482235 0.7556707751506236 0.14399084771862242 
[1, 24, 48], [24, 5, 1], [1, 10, 10], [20, 20, 20], [0, 1, 2], 1, 0.001, 1, False, False 1.9998875583625502 71.0549401665312 6.434817549966351 0.03393876249469785 0.5388658487964121 0.10645698965956465 
[1, 24, 48], [24, 15, 1], [1, 5, 5], [20, 20, 20], [0, 1, 2], 1, 0.001, 1, False, False 2.0250554139829346 72.29075550615731 6.6385712256799145 0.014081467052422799 0.5661038230694929 0.09963486121844185 
[1, 24, 48], [24, 15, 5], [1, 10, 10], [10, 10, 10], [0, 1, 2], 1, 0.001, 1, False, False 2.034509316749043 72.30549382072769 6.657893655608753 0.024060002379453466 0.48330044561711205 0.07900766814381183 
[1, 24], [24, 1], [1, 10], [10, 10], [1], 1, 0.001, 1, False, False 2.0269573410145107 71.56016589971999 6.538288220491878 0.009023753876991695 0.856884689623022 0.10712753963474667 
[1, 24], [24, 5], [1, 10], [10, 10], [1], 20, 0.001, 1, False, False 1.1584667504765094 33.92940583871183 2.021778784165576 0.027226709794883598 1.2408215594604473 0.12466692876739303 
[1, 24], [24, 15], [1, 10], [20, 20], [1], 10, 0.001, 1, False, False 1.0331342694039147 34.05896651847713 1.700454366212657 0.10087929817106678 3.3514192495804456 0.26685994635232335 
[1, 24], [24, 5], [1, 10], [20, 20], [1], 1, 0.001, 1, False, False 2.0081248205017164 70.5653801430323 6.3847083713085295 0.03915773142146305 1.641035498527266 0.2635822171692282 
[1, 24], [24, 15], [1, 10], [10, 10], [1], 10, 0.001, 1, False, False 1.3357835004623568 43.45454745534415 2.768897800922238 0.15867861142094622 6.782568423343297 0.7587140591743147 
[1, 24], [24, 10], [1, 5], [10, 10], [0, 1], 20, 0.001, 1, False, False 1.2754794415776376 38.884722402210215 2.2960429699394713 0.12991456262095835 4.617216816418446 0.44022173702801976 
[1, 24], [24, 1], [1, 10], [10, 10], [1], 5, 0.001, 1, False, False 1.7282591629635407 60.82578758612062 4.834265654311192 0.19960371536382476 7.2929118166302835 1.1368431323840194 
[1, 24], [24, 1], [1, 5], [10, 10], [1], 20, 0.001, 1, False, False 1.2395632062831687 35.572445386230754 2.1059467333395276 0.06219784640686113 1.354645949924596 0.17675977893689962 
[1, 24], [24, 5], [1, 5], [10, 10], [0, 1], 5, 0.001, 1, False, False 1.6290783616955633 58.47380768473763 4.376163608808922 0.14909032344843862 5.288395087643506 0.7716325517817384 
[1, 24], [24, 10], [1, 10], [20, 20], [1], 20, 0.001, 1, False, False 1.1656727570867929 34.55430252018451 2.0409953931665594 0.03278315601949862 0.8676531004371457 0.05827709925337829 
[1, 24, 48], [24, 1, 1], [1, 10, 10], [20, 20, 20], [0, 1, 2], 5, 0.001, 1, False, False 1.3366234759144762 45.28846131247392 2.8017573773060316 0.1762688039363333 4.9278806452006325 0.6631666656131749 
[1, 24], [24, 1], [1, 5], [20, 20], [1], 1, 0.001, 1, False, False 2.0445993723002847 72.05913213383707 6.656953643700831 0.01881840470611155 0.4834881359814458 0.09128493892354453 
[1, 24], [24, 10], [1, 5], [20, 20], [0, 1], 1, 0.001, 1, False, False 2.0859425453814087 73.1401868184134 6.885585845691986 0.032084535435860685 0.6156741624725555 0.16972183922057354 
[1, 24], [24, 15], [1, 5], [10, 10], [1], 1, 0.001, 1, False, False 2.071403161401826 73.04560686805831 6.783412347780101 0.01979454649422671 0.5949822246187138 0.08917751157944376 
[1, 24], [24, 10], [1, 10], [20, 20], [0, 1], 10, 0.001, 1, False, False 1.1599700270013678 37.19786475633035 2.033951155465494 0.054891538270984926 1.769460289442247 0.13054209328898003 
[1, 24], [24, 15], [1, 5], [10, 10], [1], 20, 0.001, 1, False, False 1.2447081959599424 36.93975422271531 2.2274998774070833 0.05190467570958299 0.7724408979514604 0.08211646652338414 
[1, 24], [24, 5], [1, 5], [20, 20], [1], 20, 0.001, 1, False, False 1.2496850267259612 38.744156940350905 2.3219852795002613 0.05387452776447899 2.314641235504523 0.1849610358706284 
[1, 24, 48], [24, 15, 15], [1, 10, 10], [20, 20, 20], [0, 1, 2], 1, 0.001, 1, False, False 1.9528913095455482 70.06941945767458 6.256964180893664 0.07403593931756157 2.2429762907575213 0.4229032914640294 
[1, 24], [24, 15], [1, 5], [20, 20], [1], 1, 0.001, 1, False, False 1.9714142938385961 70.20601477605106 6.314836377052214 0.04206756059382154 1.075490717060174 0.13341356169933438 
[1, 24], [24, 5], [1, 10], [20, 20], [1], 5, 0.001, 1, False, False 1.3706039922449877 49.648861340980766 3.199468984366259 0.12897237085799737 5.307910395971821 0.6359513095391656 
[1, 24], [24, 5], [1, 10], [10, 10], [1], 1, 0.001, 1, False, False 2.0522756378269857 72.22771921700196 6.666306856676763 0.011038748987846674 0.5633560116016942 0.11117143628760416 
[1, 24], [24, 10], [1, 5], [10, 10], [1], 10, 0.001, 1, False, False 1.4910463725527128 48.30508753026195 3.544895862859823 0.3223598161429651 13.26671646727015 1.6738713583459586 
[1, 24], [24, 5], [1, 5], [10, 10], [1], 20, 0.001, 1, False, False 1.1815484195395756 36.520477788918896 2.134634834763865 0.09162650524534066 1.5715788610593546 0.257886248499752 
[1, 24, 48], [24, 1, 1], [1, 10, 10], [10, 10, 10], [0, 1, 2], 5, 0.001, 1, False, False 1.2708171670359596 45.23809260394456 2.6604006551108785 0.1255730913568884 4.599047631597784 0.49251155493863635 
[1, 24], [24, 1], [1, 5], [20, 20], [1], 5, 0.001, 1, False, False 1.5317566127274878 54.34563974864799 3.878379180297422 0.15809079240522336 5.384067107346955 0.7817154623517937 
[1, 24], [24, 1], [1, 10], [10, 10], [1], 10, 0.001, 1, False, False 1.240787961916929 40.64436241860345 2.3564915560404156 0.13847901992237122 5.190171754614503 0.5210953407653907 
[1, 24], [24, 10], [1, 10], [10, 10], [1], 20, 0.001, 1, False, False 1.1324037351783507 33.53257596217506 1.9280544074952035 0.05128923285374755 0.847788182727334 0.00024482383116621324 
[1, 24], [24, 5], [1, 5], [20, 20], [1], 1, 0.001, 1, False, False 2.01386806924172 71.66933901224722 6.53773946305828 0.03640947832839598 1.0054971058917472 0.19717494507310898 
[1, 24], [24, 15], [1, 10], [20, 20], [0, 1], 10, 0.001, 1, False, False 1.224266647713052 39.2699072173069 2.247946228671701 0.09195035258283353 2.3247913478350832 0.2640054460750764 
[1, 24], [24, 10], [1, 10], [10, 10], [0, 1], 10, 0.001, 1, False, False 1.2299125835920377 38.73610296412648 2.222912100135915 0.13617519196575636 2.856778889812175 0.3535569878725989 
[1, 24], [24, 1], [1, 10], [20, 20], [1], 20, 0.001, 1, False, False 1.1647909947084607 35.28503638361588 2.0559317286908114 0.018277739835827395 0.6504294491233638 0.0766168404301482 
[1, 24], [24, 10], [1, 10], [20, 20], [1], 1, 0.001, 1, False, False 1.9811560593407462 70.74542170671278 6.423176030058144 0.05612795333949446 1.780397947870864 0.30731105302876943 
[1, 24], [24, 15], [1, 5], [10, 10], [1], 5, 0.001, 1, False, False 1.5914071233425702 55.69800123195057 4.240749973888014 0.3388055534729226 12.077094180003618 1.7991888284010744 
[1, 24], [24, 10], [1, 5], [20, 20], [1], 20, 0.001, 1, False, False 1.164724875551959 35.326532954804414 1.9486920896314022 0.025530858376793756 0.9849092043549446 0.12001003744966891 
[1, 24], [24, 10], [1, 10], [10, 10], [1], 1, 0.001, 1, False, False 2.047529542597907 72.29949417561728 6.652326473518521 0.030465963084933656 1.010042108799318 0.20394469153919184 
[1, 24], [24, 1], [1, 10], [10, 10], [0, 1], 20, 0.001, 1, False, False 1.239771119201625 37.185149977293975 2.2320882497595655 0.02419558549354926 1.0354295827006608 0.048534266600115186 
[1, 24], [24, 5], [1, 10], [10, 10], [1], 5, 0.001, 1, False, False 1.6102992878536933 56.93080010149857 4.2289752721234874 0.27955764694348234 8.84594377582198 1.2301201137718243 
[1, 24], [24, 15], [1, 5], [20, 20], [1], 5, 0.001, 1, False, False 1.9556253254275628 69.30858065939769 6.162337982696607 0.15084407973731742 5.129230135637225 0.866734084284206 
[1, 24], [24, 1], [1, 10], [20, 20], [0, 1], 1, 0.001, 1, False, False 2.059068086846835 71.94405800445135 6.655649716793064 0.002122041117414544 0.824389148940665 0.07756401466198568 
[1, 24, 48], [24, 15, 1], [1, 10, 10], [10, 10, 10], [0, 1, 2], 5, 0.001, 1, False, False 1.2128946329260037 42.41734836260963 2.4039165344162896 0.019121106144040917 1.809425424881629 0.17990069726343758 
[1, 24, 48], [24, 15, 5], [1, 10, 10], [20, 20, 20], [0, 1, 2], 5, 0.001, 1, False, False 1.1736356298611674 41.163303271921905 2.297685299480146 0.0726568447615174 2.5529454929992577 0.25980038040093906 
[1, 24], [24, 1], [1, 5], [20, 20], [1], 10, 0.001, 1, False, False 1.3167674846602262 46.01971891985037 2.8911440583237975 0.05594001136476792 2.075677519670082 0.37921395031457644 
[1, 24], [24, 15], [1, 5], [20, 20], [0, 1], 20, 0.001, 1, False, False 1.205323433106834 37.928484972332164 2.201287803594477 0.031399113247987914 0.13970074974711771 0.07904586161519726 
[1, 24, 48], [24, 10, 1], [1, 5, 5], [20, 20, 20], [0, 1, 2], 5, 0.001, 1, False, False 1.5329034510999915 52.89558750750768 3.7194207484528623 0.1513259859888363 5.6981977604874885 0.7609546370681871 
[1, 24], [24, 10], [1, 10], [20, 20], [1], 5, 0.001, 1, False, False 1.403534126330029 48.43691707817129 3.2154173005642597 0.15823402863935582 6.468168708255668 0.768062595494676 
[1, 24, 48], [24, 5, 1], [1, 5, 5], [10, 10, 10], [0, 1, 2], 5, 0.001, 1, False, False 1.4269193798303605 50.943069832128344 3.352516942241362 0.1514676948510535 4.582876159728147 0.6113665007625497 
[1, 24], [24, 10], [1, 5], [20, 20], [0, 1], 5, 0.001, 1, False, False 1.600292799787389 57.19473476237898 4.319114334756688 0.2051607183735161 7.536408640781496 1.0181272418071214 
[1, 24], [24, 15], [1, 10], [10, 10], [0, 1], 1, 0.001, 1, False, False 2.048313105954892 72.24445417085694 6.685710723673353 0.002011640995748459 0.04362642394852747 0.01971521842917838 
[1, 24], [24, 5], [1, 10], [20, 20], [1], 10, 0.001, 1, False, False 1.2819065595321633 41.8130789489262 2.5562067333030956 0.159660195011594 4.350430977953062 0.5979811555166484 
[1, 24, 48], [24, 15, 15], [1, 5, 5], [10, 10, 10], [0, 1, 2], 5, 0.001, 1, False, False 1.4016168301166205 49.71359663915584 3.3006454578740616 0.23675453098226176 6.562462233321316 0.7492850425560893 
[1, 24, 48], [24, 10, 1], [1, 5, 5], [10, 10, 10], [0, 1, 2], 5, 0.001, 1, False, False 1.5967329216327657 56.97565652139233 4.314946411211564 0.35445032085872263 12.486956863058694 1.6929019398149217 
[1, 24, 48], [24, 15, 1], [1, 5, 5], [20, 20, 20], [0, 1, 2], 5, 0.001, 1, False, False 1.232028994219447 41.982708900293325 2.380557626645174 0.07804253312925635 2.164392266347624 0.22112485089662232 
[1, 24, 48], [24, 5, 1], [1, 10, 10], [20, 20, 20], [0, 1, 2], 5, 0.001, 1, False, False 1.3554601060881932 46.09305369796821 2.880072278667189 0.14998546348240593 5.5765707455141715 0.6038588999226006 
[1, 24], [24, 15], [1, 5], [10, 10], [1], 10, 0.001, 1, False, False 1.1821815788676895 40.314429607065456 2.355599335157249 0.2570792539196385 8.952428045874315 1.0236870467076493 
[1, 24, 48], [24, 15, 5], [1, 10, 10], [10, 10, 10], [0, 1, 2], 5, 0.001, 1, False, False 1.1724522515751976 40.78058312288581 2.286430495753851 0.03396513901222701 2.6344382221900666 0.15616394167000705 
[1, 24, 48], [24, 1, 1], [1, 5, 5], [10, 10, 10], [0, 1, 2], 10, 0.001, 1, False, False 1.3185403496440913 43.50312527053973 2.5948404036688935 0.09464347766392579 3.8687300699067135 0.3980763523854507 
[1, 24], [24, 1], [1, 10], [10, 10], [1], 20, 0.001, 1, False, False 1.2355973560639004 36.09366861155804 2.167272371510659 0.022340404269177556 0.62613329122234 0.06278109770725569 
[1, 24, 48], [24, 1, 1], [1, 5, 5], [10, 10, 10], [1, 2], 1, 0.001, 1, False, False 2.036282322286732 72.42899923741095 6.688743626552025 0.017123855817341545 0.4264373130452014 0.08861245286613109 
[1, 24, 48], [24, 10, 1], [1, 5, 5], [20, 20, 20], [1, 2], 1, 0.001, 1, False, False 2.026052895967883 71.72259763377319 6.549389548786771 0.007213303112840611 0.6771786094731909 0.09877922470842385 
[1, 24, 48], [24, 15, 5], [1, 5, 5], [10, 10, 10], [0, 1, 2], 10, 0.001, 1, False, False 1.2089768263131935 40.18141517098838 2.357959251086909 0.1625014441480519 8.169375838865351 0.8378893248106716 
[1, 24], [24, 5], [1, 5], [10, 10], [0, 1], 10, 0.001, 1, False, False 1.3973196988097498 47.239170467442044 3.1294451675223107 0.2208671546836765 7.577088117609219 0.9945261591565938 
[1, 24], [24, 5], [1, 10], [10, 10], [0, 1], 20, 0.001, 1, False, False 1.182158797327429 36.58684842267525 2.1746420940145623 0.10270989075647263 1.9531643340136253 0.23759511093633717 
[1, 24], [24, 1], [1, 10], [20, 20], [0, 1], 5, 0.001, 1, False, False 1.6672088851324387 59.12401444938828 4.375674621882873 0.050093267375018645 2.399544675571191 0.3144998222205635 
[1, 24, 48], [24, 15, 15], [1, 10, 10], [20, 20, 20], [0, 1, 2], 5, 0.001, 1, False, False 1.3384189016910062 44.92341024926393 2.7848141435791756 0.07532378358169178 3.452532137104939 0.37001215333924936 
[1, 24], [24, 1], [1, 5], [20, 20], [0, 1], 20, 0.001, 1, False, False 1.336864998874565 41.394461466488906 2.5564827548847346 0.0878556639923335 1.3164149764046946 0.22993505983146853 
[1, 24], [24, 5], [1, 10], [20, 20], [0, 1], 1, 0.001, 1, False, False 2.078443947351641 72.64506097728268 6.759620321427377 0.013907043581597046 0.8240951217031106 0.1428519818594135 
[1, 24], [24, 1], [1, 5], [10, 10], [0, 1], 20, 0.001, 1, False, False 1.253050652543014 39.07500461850906 2.3167143797254894 0.040518798757376115 1.8064526880744678 0.1877170079593855 
[1, 24], [24, 15], [1, 5], [20, 20], [1], 10, 0.001, 1, False, False 1.3583847529634279 46.78231795459098 2.9823139984999103 0.11614466016323728 3.853908447088142 0.5161774809536693 
[1, 24], [24, 1], [1, 10], [10, 10], [0, 1], 1, 0.001, 1, False, False 2.045712904363043 72.27250997717897 6.668322587648746 0.01141210232922342 0.4681914312481974 0.07229844139986 
[1, 24], [24, 5], [1, 5], [20, 20], [0, 1], 20, 0.001, 1, False, False 1.2841100760770063 40.29735221478244 2.4820304163870746 0.12682297636414674 5.479646781671015 0.457328201018229 
[1, 24], [24, 15], [1, 10], [20, 20], [1], 20, 0.001, 1, False, False 1.0453223869170027 31.377045270375902 1.796430503460581 0.05387138028291424 1.4116630569720763 0.097514213648286 
[1, 24], [24, 1], [1, 5], [20, 20], [0, 1], 1, 0.001, 1, False, False 2.0656382701463163 73.3483527920959 6.851422532613114 0.024651847650725735 0.5077983639561421 0.1083236647035878 
[1, 24, 48], [24, 15, 10], [1, 5, 5], [10, 10, 10], [1, 2], 5, 0.001, 1, False, False 1.4173400353433359 50.910646319758094 3.5061131171646287 0.18635011523788939 6.878462612918597 0.9241413128972934 
[1, 24, 48], [24, 1, 1], [1, 5, 5], [20, 20, 20], [1, 2], 5, 0.001, 1, False, False 1.5051788162095125 52.24737972005204 3.576474640191391 0.1491927155499877 5.404170359082895 0.7108655019283123 
[1, 24], [24, 1], [1, 5], [10, 10], [1], 1, 0.001, 1, False, False 2.0344824156137533 72.21127606512523 6.635077495138428 0.035384638677293107 0.8659497504394374 0.18152778787779036 
[1, 24], [24, 15], [1, 10], [10, 10], [1], 20, 0.001, 1, False, False 1.1056914780996052 31.933730631290356 1.8216366688044736 0.05226182607527635 0.33487645756329243 0.08706235299527697 
[1, 24, 48], [24, 10, 1], [1, 5, 5], [20, 20, 20], [1, 2], 5, 0.001, 1, False, False 1.2209373372296495 43.03450748553407 2.433085309627545 0.0502373333270961 2.4953833618212835 0.26570069411483827 
[1, 24], [24, 5], [1, 10], [10, 10], [0, 1], 1, 0.001, 1, False, False 2.0376688644151995 71.85715812362186 6.590576973007766 0.021367842881121653 0.1612476867428933 0.04869032394010787 
[1, 24], [24, 5], [1, 10], [20, 20], [0, 1], 20, 0.001, 1, False, False 1.1746067592253289 36.45455425015556 2.131741509376719 0.06942448119194691 0.9246270470699733 0.13908531002312438 
[1, 24, 48], [24, 15, 5], [1, 5, 5], [10, 10, 10], [1, 2], 1, 0.001, 1, False, False 1.9952358713373544 71.03870062852478 6.3889854482750215 0.04110456792254017 1.18067580398971 0.23171066834561477 
[1, 24, 48], [24, 1, 1], [1, 5, 5], [10, 10, 10], [1, 2], 5, 0.001, 1, False, False 1.5053631376233643 53.044601431329255 3.7082593611905925 0.12228796708677173 4.514186832761753 0.6093528966917529 
[1, 24], [24, 15], [1, 10], [20, 20], [1], 1, 0.001, 1, False, False 1.9868246927029558 70.99996270614464 6.397624460215667 0.019429724254948096 0.627873300601519 0.12494411580992268 
[1, 24], [24, 15], [1, 10], [10, 10], [0, 1], 5, 0.001, 1, False, False 1.4324403541542037 50.620461022354476 3.430564611894558 0.23877052527661993 6.842780773598703 0.9562728211219061 
[1, 24], [24, 10], [1, 5], [10, 10], [1], 20, 0.001, 1, False, False 1.1483768976224518 34.06924797191049 1.9418490759399132 0.01938029743903766 0.7423250202077653 0.05620733552941975 
[1, 24, 48], [24, 15, 1], [1, 10, 10], [20, 20, 20], [0, 1, 2], 10, 0.001, 1, False, False 1.1744807340687626 35.803449090778734 2.0490734596887954 0.041226364357591444 0.9338289269545663 0.1380413278640893 
[1, 24], [24, 10], [1, 5], [10, 10], [0, 1], 1, 0.001, 1, False, False 2.0576505835271544 72.5856557278828 6.734462992989737 0.014503413452826163 0.3807927342005187 0.07955055213256687 
[1, 24, 48], [24, 15, 1], [1, 10, 10], [10, 10, 10], [0, 1, 2], 10, 0.001, 1, False, False 1.1105510729261572 34.53061152041007 1.8397699377038936 0.04044096837518518 1.627949150687029 0.1469315534766444 
[1, 24, 48], [24, 5, 1], [1, 5, 5], [20, 20, 20], [0, 1, 2], 10, 0.001, 1, False, False 1.230663005390239 39.96864294379047 2.353082743877819 0.016728050089945965 1.1955784759319672 0.11507483582040096 
[1, 24], [24, 1], [1, 5], [10, 10], [1], 5, 0.001, 1, False, False 1.8130206165697287 63.59313029427684 5.232032634893382 0.1671130667492186 5.537903480887048 0.8769329076491815 
[1, 24, 48], [24, 5, 1], [1, 5, 5], [10, 10, 10], [2], 1, 0.001, 1, False, False 2.0080621054258057 71.44423263224375 6.531262055032303 0.06397935972757983 1.8004758551281987 0.32423988955753685 
[1, 24, 48], [24, 1, 1], [1, 10, 10], [20, 20, 20], [0, 1, 2], 10, 0.001, 1, False, False 1.200587330479175 37.31123434473878 2.173209690281434 0.023472459142540838 1.2219450162137993 0.041812224533355744 
[1, 24, 48], [24, 20, 5], [1, 5, 5], [20, 20, 20], [2], 1, 0.001, 1, False, False 2.0126082114530384 71.7587368257861 6.574368144288074 0.09102896305629493 2.538748980311616 0.44162706803509694 
[1, 24, 48], [24, 20, 15], [1, 10, 10], [20, 20, 20], [2], 1, 0.001, 1, False, False 2.043502264014549 72.68768164245496 6.729999588672514 0.007873736187231877 0.3689702510972914 0.05699186745974065 
[1, 24, 48], [24, 20, 10], [1, 10, 10], [10, 10, 10], [2], 1, 0.001, 1, False, False 2.033329817990738 72.41344282159679 6.6479672277719155 0.03452695511974531 0.6030124097839782 0.11703777880303796 
[1, 24], [24, 5], [1, 10], [20, 20], [0, 1], 5, 0.001, 1, False, False 1.454039880309116 49.85451598105206 3.3144591949790834 0.09304923922020111 2.572365521346405 0.2948434784120548 
[1, 24, 48], [24, 1, 1], [1, 5, 5], [20, 20, 20], [0, 1, 2], 20, 0.001, 1, False, False 1.133038275340503 34.577531008647696 1.9691648187136355 0.07837485666231403 0.6380908126565663 0.09621971528710845 
[1, 24], [24, 1], [1, 10], [10, 10], [0, 1], 5, 0.001, 1, False, False 1.6680502682786296 59.55183139885298 4.447557067575347 0.04316328782427184 0.7475793333719953 0.09898196159988416 
[1, 24, 48], [24, 5, 1], [1, 5, 5], [10, 10, 10], [1, 2], 10, 0.001, 1, False, False 1.1649346450585183 36.91908916979457 2.0703870621992153 0.05987741268248708 1.447735796548001 0.10976508709690683 
[1, 24, 48], [24, 5, 1], [1, 5, 5], [20, 20, 20], [2], 5, 0.001, 1, False, False 1.7590322554249456 62.04830063935999 5.078830983170913 0.24587269124845823 8.287129254398021 1.319193243094818 
[1, 24, 48], [24, 20, 5], [1, 10, 10], [10, 10, 10], [2], 5, 0.001, 1, False, False 1.4704440564055135 51.747082136604725 3.612172475894407 0.24547421720307722 9.510203665557054 1.2173385541731883 
[1, 24, 48], [24, 15, 5], [1, 5, 5], [20, 20, 20], [1, 2], 5, 0.001, 1, False, False 1.1590472682551656 38.8698213765258 2.1259055324080456 0.09903372822303468 1.895220424478032 0.27482293383839423 
[1, 24, 48], [24, 5, 1], [1, 10, 10], [10, 10, 10], [0, 1, 2], 1, 0.001, 1, False, False 1.969615944461138 70.07509500433379 6.295044762092455 0.05749052273315603 1.9715758360933864 0.3087444880231038 
[1, 24, 48], [24, 20, 10], [1, 10, 10], [20, 20, 20], [2], 5, 0.001, 1, False, False 1.4307103330579898 48.88393452743557 3.317789631580284 0.26685277136112906 9.1083411287888 1.0643924773766358 
[1, 24], [24, 10], [1, 5], [20, 20], [0, 1], 10, 0.001, 1, False, False 1.403307860103194 45.16933487755597 2.824418660884522 0.10099369877671824 4.380726712998583 0.46559624306666314 
[1, 24, 48], [24, 5, 1], [1, 5, 5], [10, 10, 10], [2], 5, 0.001, 1, False, False 1.8374592623914834 64.83143131601788 5.356743261653549 0.12664354803065705 3.6627558293565188 0.5869282205767844 
[1, 24, 48], [24, 20, 5], [1, 5, 5], [20, 20, 20], [2], 5, 0.001, 1, False, False 1.3084684820259334 47.091787336480614 2.977488465943645 0.2249215570180474 7.881535768825876 0.9705282365444644 
[1, 24, 48], [24, 1, 1], [1, 10, 10], [10, 10, 10], [0, 1, 2], 10, 0.001, 1, False, False 1.2263529862001263 37.64348132678608 2.2425276966676897 0.06248551705869108 1.5315220437147399 0.20549444118376317 
[1, 24, 48], [24, 20, 10], [1, 10, 10], [10, 10, 10], [2], 5, 0.001, 1, False, False 1.506868663823439 52.730082726125865 3.693581855017061 0.12543052819018008 3.6267845264790797 0.5168019463720595 
[1, 24, 48], [24, 20, 15], [1, 10, 10], [20, 20, 20], [2], 5, 0.001, 1, False, False 1.416289727748544 48.84910037692587 3.290999326398145 0.1716656645922956 5.707397290863848 0.8115541730694784 
[1, 24], [24, 1], [1, 10], [20, 20], [0, 1], 10, 0.001, 1, False, False 1.2457359803012678 39.92729178076837 2.3255685837797806 0.06387514402922413 2.2541012323981175 0.22250039556082388 
[1, 24, 48], [24, 15, 5], [1, 5, 5], [10, 10, 10], [1, 2], 5, 0.001, 1, False, False 1.3488772924885983 45.524949475101245 2.840298317845542 0.11466622142532307 2.26996758076274 0.30872331398609576 
[1, 24], [24, 15], [1, 5], [10, 10], [0, 1], 20, 0.001, 1, False, False 1.2384719037071419 38.60985894866159 2.335027583937013 0.1397964805002174 5.14004374155182 0.5133398791855979 
[1, 24, 48], [24, 5, 1], [1, 10, 10], [10, 10, 10], [2], 10, 0.001, 1, False, False 1.2603922445258056 38.77060250743554 2.3283696468714266 0.0994710276410141 4.365557940318387 0.32641231528856957 
[1, 24, 48], [24, 20, 5], [1, 10, 10], [20, 20, 20], [2], 10, 0.001, 1, False, False 1.1076556947427214 34.82028482617449 1.9219483245307378 0.04355378469519387 2.829635252222094 0.28499953116727034 
[1, 24], [24, 10], [1, 5], [10, 10], [0, 1], 5, 0.001, 1, False, False 1.8670676856612165 64.85845683870694 5.391966561162344 0.052859591949763314 1.3962483408089883 0.23899048201316353 
[1, 24], [24, 15], [1, 5], [20, 20], [0, 1], 1, 0.001, 1, False, False 2.043633097141153 72.85516049009662 6.752692662813177 0.010036188732392882 0.2671501433531806 0.03180004917792752 
[1, 24, 48], [24, 15, 5], [1, 5, 5], [20, 20, 20], [0, 1, 2], 20, 0.001, 1, False, False 1.1214398664698282 34.14182630105794 1.9519237817679675 0.0057141404731957035 0.15387541881940128 0.07211131359872076 
[1, 24, 48], [24, 15, 10], [1, 5, 5], [20, 20, 20], [1, 2], 10, 0.001, 1, False, False 1.0882811949967788 33.3381905306593 1.7496369013366013 0.04794203084793938 1.5852227376397958 0.09681569074176194 
[1, 24, 48], [24, 20, 15], [1, 5, 5], [10, 10, 10], [2], 10, 0.001, 1, False, False 1.4751649625392425 50.33541218569875 3.4818810689982023 0.10385578125987173 3.2919961674802005 0.3265949592046468 
[1, 24, 48], [24, 10, 1], [1, 5, 5], [20, 20, 20], [1, 2], 10, 0.001, 1, False, False 1.1063045263497366 34.70835725175535 1.9440117296685486 0.08848723037835712 1.2324056737730942 0.13857418273813604 
[1, 24, 48], [24, 1, 1], [1, 5, 5], [20, 20, 20], [1, 2], 10, 0.001, 1, False, False 1.1610469892034654 37.55236908480128 2.0594263746757 0.10082029704669739 3.4250930811602727 0.37454687847967116 
[1, 24, 48], [24, 15, 10], [1, 5, 5], [10, 10, 10], [1, 2], 10, 0.001, 1, False, False 1.0199513409459204 34.73059070566551 1.750656058689393 0.11031380118357964 3.173712949510063 0.26451726816353216 
[1, 24, 48], [24, 15, 15], [1, 10, 10], [10, 10, 10], [0, 1, 2], 1, 0.001, 1, False, False 2.0033670281646425 70.49440265012691 6.390078405191583 0.03991048111417143 0.42989322021122794 0.14670927065534087 
[1, 24, 48], [24, 5, 1], [1, 5, 5], [20, 20, 20], [1, 2], 20, 0.001, 1, False, False 1.0675243248714619 33.06243148041357 1.8635760492732114 0.08288921699835383 2.207255375638091 0.2891517344810069 
[1, 24, 48], [24, 15, 15], [1, 5, 5], [20, 20, 20], [0, 1, 2], 10, 0.001, 1, False, False 1.2452578899381617 40.030676064978124 2.381149526406452 0.14846188377553543 2.881046632720729 0.30665808564044467 
[1, 24, 48], [24, 5, 1], [1, 5, 5], [20, 20, 20], [2], 10, 0.001, 1, False, False 1.1942808539917074 40.00571665406509 2.24691554514218 0.10766333115336207 3.6156762693238385 0.381143860219608 
[1, 24, 48], [24, 1, 1], [1, 5, 5], [10, 10, 10], [1, 2], 10, 0.001, 1, False, False 1.2531654717814593 43.16005683365981 2.507418079901104 0.2090253199595224 8.112070086902705 0.8587577612655181 
[1, 24, 48], [24, 15, 15], [1, 5, 5], [10, 10, 10], [0, 1, 2], 10, 0.001, 1, False, False 1.2284271453679712 40.354842138141116 2.3298948342082504 0.15511824461017656 6.904722217925164 0.6499278508316672 
[1, 24, 48], [24, 20, 5], [1, 10, 10], [10, 10, 10], [2], 10, 0.001, 1, False, False 1.118803308404016 35.07796129515934 1.9421616147907814 0.10030628395159884 4.301601791375763 0.31285946294490535 
[1, 24, 48], [24, 10, 1], [1, 5, 5], [10, 10, 10], [1, 2], 1, 0.001, 1, False, False 2.0361097036964364 71.66665649078904 6.595741432106332 0.0071181686708065295 0.459898486080879 0.06643518715587886 
[1, 24, 48], [24, 5, 1], [1, 10, 10], [10, 10, 10], [0, 1, 2], 5, 0.001, 1, False, False 1.3613159188448831 47.51152424333353 2.9865825464474014 0.1551799311084648 3.357079475880744 0.5205412696838932 
[1, 24, 48], [24, 5, 1], [1, 5, 5], [10, 10, 10], [2], 10, 0.001, 1, False, False 1.6700408275273666 53.362641226253665 4.204698140757293 0.2293520024534774 5.29718247342635 0.9996680170419249 
[1, 24, 48], [24, 20, 5], [1, 5, 5], [20, 20, 20], [2], 10, 0.001, 1, False, False 1.2613445173811029 42.182043009476104 2.642132398375404 0.20322972609287276 7.171964816382218 0.8318496016912115 
[1, 24, 48], [24, 20, 10], [1, 10, 10], [20, 20, 20], [2], 10, 0.001, 1, False, False 1.044093657954148 33.41578988133981 1.913409902926018 0.0703126328870879 4.650148611150692 0.25689062292869785 
[1, 24, 48], [24, 5, 1], [1, 5, 5], [10, 10, 10], [0, 1, 2], 10, 0.001, 1, False, False 1.2889013275745569 40.72789071660321 2.411715634978538 0.06420200071726875 2.6101317290709956 0.3059993355760717 
[1, 24, 48], [24, 10, 1], [1, 5, 5], [20, 20, 20], [0, 1, 2], 10, 0.001, 1, False, False 1.1992699759529424 38.39188416889177 2.16354881467937 0.11006595977600996 0.5498218479405934 0.22253871212379037 
[1, 24, 48], [24, 15, 1], [1, 10, 10], [10, 10, 10], [0, 1, 2], 10, 0.001, 1, False, False 1.1402174990693175 35.35307515525671 1.9507871932727443 0.09017064054032431 2.187919438213069 0.20412197848649433 
[1, 24, 48], [24, 20, 15], [1, 10, 10], [20, 20, 20], [2], 10, 0.001, 1, False, False 1.1445770966613462 35.83594586724568 2.0220817836862426 0.12860425665166234 2.4560197171835836 0.3040512121749833 
[1, 24, 48], [24, 20, 10], [1, 10, 10], [10, 10, 10], [2], 10, 0.001, 1, False, False 1.177159354939229 39.086068860052364 2.251091851760975 0.0909767711604536 3.129530566136313 0.3027475764608035 
[1, 24], [24, 15], [1, 5], [20, 20], [1], 20, 0.001, 1, False, False 1.0560324357098176 33.380294869664226 1.766059116532083 0.019602864730102264 1.448794093077279 0.03653476684640829 
[1, 24, 48], [24, 5, 1], [1, 10, 10], [20, 20, 20], [2], 20, 0.001, 1, False, False 1.0739964233142223 31.047019078033557 1.7108177976030816 0.03806487488661799 1.1805309021969277 0.15300847725203023 
[1, 24, 48], [24, 15, 5], [1, 10, 10], [20, 20, 20], [0, 1, 2], 10, 0.001, 1, False, False 1.1612483118833217 35.72446957937479 1.9891861253027583 0.039899614109961706 1.364566824829489 0.10231640493649212 
[1, 24, 48], [24, 15, 15], [1, 5, 5], [10, 10, 10], [1, 2], 10, 0.001, 1, False, False 1.1994351078721661 38.914096409388684 2.1733391514715255 0.06161557132956928 1.2955247992974328 0.07596096418608969 
[1, 24], [24, 5], [1, 5], [10, 10], [0, 1], 20, 0.001, 1, False, False 1.2763527289101921 40.20928492707358 2.389803839046341 0.04351578289545189 0.5754910376451886 0.16349663424692434 
[1, 24, 48], [24, 15, 15], [1, 10, 10], [20, 20, 20], [0, 1, 2], 10, 0.001, 1, False, False 1.0915386107129355 32.543613542774345 1.7760110736231887 0.03514935563879667 1.2165157258165469 0.17581933614512524 
[1, 24, 48], [24, 20, 5], [1, 5, 5], [10, 10, 10], [2], 1, 0.001, 1, False, False 2.060417570463485 73.05863227132492 6.823704879322669 0.0005101425475570588 0.23372250582152734 0.05859707103545134 
[1, 24, 48], [24, 20, 10], [1, 5, 5], [10, 10, 10], [2], 20, 0.001, 1, False, False 1.124835928025897 33.87698286325161 1.9392792664234906 0.029910035448011057 2.616625653800061 0.20258339181278215 
[1, 24, 48], [24, 15, 1], [1, 5, 5], [20, 20, 20], [0, 1, 2], 10, 0.001, 1, False, False 1.2300612845975492 40.10707346048334 2.307134592825537 0.05598291233023777 0.9699121159239206 0.10781908803160538 
[1, 24, 48], [24, 20, 15], [1, 5, 5], [20, 20, 20], [2], 20, 0.001, 1, False, False 1.1001645771027715 33.29400635291112 1.8863172701208981 0.03622382994950765 0.5928482411131389 0.05038118002231701 
[1, 24], [24, 15], [1, 10], [10, 10], [0, 1], 10, 0.001, 1, False, False 1.4512376750991853 46.822483708672486 3.037180140799497 0.02498407352217287 1.3733778953283493 0.16322936879103947 
[1, 24, 48], [24, 5, 1], [1, 10, 10], [20, 20, 20], [0, 1, 2], 10, 0.001, 1, False, False 1.1766016747078132 36.65591109309879 2.0914032877110644 0.061966383916074244 3.2723097365718132 0.20833125148614592 
[1, 24, 48], [24, 20, 10], [1, 5, 5], [20, 20, 20], [2], 1, 0.001, 1, False, False 2.040193621172673 72.27387599337271 6.668051510160194 0.02685125891606862 1.1184880928396546 0.19268479132000454 
[1, 24, 48], [24, 1, 1], [1, 5, 5], [30, 30, 30], [1, 2], 1, 0.001, 1, False, False 2.0462860253743 72.70718405134693 6.717077918750356 0.008501410531373233 0.304727661276285 0.06688427939832918 
[1, 24, 48], [24, 20, 15], [1, 10, 10], [10, 10, 10], [2], 1, 0.001, 1, False, False 2.0364366888999936 72.19648965646091 6.683988236640725 0.02526522199406295 0.8219454906441716 0.19631807438098756 
[1, 24, 48], [24, 10, 1], [1, 5, 5], [10, 10, 10], [0, 1, 2], 10, 0.001, 1, False, False 1.1838360115402826 38.939529471908955 2.1681989486576065 0.09342977767621699 4.22118392058878 0.3629228613607241 
[1, 24], [24, 10], [1, 10], [20, 20], [0, 1], 20, 0.001, 1, False, False 1.1994100474821474 36.10727139234573 2.1570937199927713 0.055077273214726864 1.6660540748030728 0.1403140174559956 
[1, 24, 48], [24, 15, 5], [1, 10, 10], [10, 10, 10], [0, 1, 2], 10, 0.001, 1, False, False 1.1426779109329264 35.13821905038319 1.9365026522721482 0.08113733953313956 1.1468851179082193 0.1916939116255203 
[1, 24], [24, 15], [1, 5], [20, 20], [0, 1], 5, 0.001, 1, False, False 1.5997195191060503 58.432024333955304 4.3218864569131945 0.1369711891572814 5.8779471453016585 0.8232768576749749 
[1, 24, 48], [24, 15, 15], [1, 10, 10], [10, 10, 10], [0, 1, 2], 5, 0.001, 1, False, False 1.165669505794843 41.445042326357225 2.310434881596482 0.056724548724454746 1.4233920464941445 0.13382984842689402 
[1, 24, 48], [24, 10, 1], [1, 5, 5], [10, 10, 10], [1, 2], 5, 0.001, 1, False, False 1.4620381781141516 50.43777796798582 3.43144241113176 0.1399472117221355 5.7951886089635245 0.7139851092505028 
[1, 24], [24, 15], [1, 10], [20, 20], [0, 1], 20, 0.001, 1, False, False 1.1514054540096332 35.03017515663322 2.0050512363970165 0.05802846388691982 1.1673372516870728 0.11998349774114281 
[1, 24, 48], [24, 15, 1], [1, 5, 5], [10, 10, 10], [1, 2], 20, 0.001, 1, False, False 1.1243332863750835 32.90500394908178 1.9503071386764372 0.03010534196667596 0.5663004783638176 0.049633741608281275 
[1, 24, 48], [24, 15, 5], [1, 5, 5], [20, 20, 20], [1, 2], 10, 0.001, 1, False, False 1.161713943226884 38.49876831306823 2.0986654502009015 0.028952135071143 0.7331240991701986 0.052428140158535766 
[1, 24, 48], [24, 20, 5], [1, 5, 5], [10, 10, 10], [2], 5, 0.001, 1, False, False 1.6756802225692404 59.84595815467594 4.572946565299046 0.10886920210471031 2.229843246902377 0.39495745114268166 
[1, 24], [24, 15], [1, 5], [10, 10], [0, 1], 1, 0.001, 1, False, False 2.0513257530621356 72.84655844995319 6.771920320000092 0.020569755373998633 0.28078777331233473 0.05773857310960974 
[1, 24, 48], [24, 5, 1], [1, 5, 5], [40, 40, 40], [1, 2], 1, 0.001, 1, False, False 2.0186686338511883 72.2988627021904 6.6139482095766065 0.034728204199202015 0.7023313268835049 0.15834687011110535 
[1, 24, 48], [24, 15, 1], [1, 5, 5], [20, 20, 20], [1, 2], 1, 0.001, 1, False, False 2.03427445947848 71.9992639629349 6.624428691603433 0.026205736767362233 1.158991129168278 0.18702197795911993 
[1, 24], [24, 10], [1, 10], [10, 10], [0, 1], 20, 0.001, 1, False, False 1.0694197466148547 32.19039278209481 1.7908503468644994 0.016021003686980645 0.07112682200294877 0.11463341205638236 
[1, 24, 48], [24, 5, 1], [1, 10, 10], [10, 10, 10], [2], 20, 0.001, 1, False, False 1.1148777565573926 34.36802479603862 1.9625502639082546 0.11583497479238626 2.207890401099238 0.3207879574770135 
[1, 24, 48], [24, 20, 10], [1, 5, 5], [20, 20, 20], [2], 5, 0.001, 1, False, False 1.8777511692571422 66.67817673600342 5.727827266756975 0.07333111203153599 2.4092463009950613 0.5030263858096364 
[1, 24, 48], [24, 20, 15], [1, 10, 10], [10, 10, 10], [2], 5, 0.001, 1, False, False 1.3122310096708434 46.45528730265111 2.8938080793123864 0.09026093406563773 4.994576905087678 0.5019080139477495 
[1, 24, 48], [24, 15, 5], [1, 5, 5], [10, 10, 10], [1, 2], 10, 0.001, 1, False, False 1.254919083968357 41.280495475912296 2.420773225103027 0.0921822471358581 4.430491593358621 0.4224963365327037 
[1, 24, 48], [24, 5, 1], [1, 10, 10], [20, 20, 20], [2], 1, 0.001, 1, False, False 1.9962988089632105 70.71842303350445 6.3714835702461015 0.05528537444114827 1.7385747733244148 0.33250343801719456 
[1, 24, 48], [24, 10, 1], [1, 20, 20], [30, 30, 30], [1, 2], 1, 0.001, 1, False, False 1.823512222673054 64.82609127856706 5.398700430712971 0.0930877467622941 3.3467982593030903 0.5245579053314401 
[1, 24, 48], [24, 15, 10], [1, 20, 20], [40, 40, 40], [1, 2], 1, 0.001, 1, False, False 1.9042810608253433 67.58297333933092 5.882830811200695 0.12246481614330708 2.888237149684653 0.5137313382961071 
[1, 24], [24, 10], [1, 10], [20, 20], [0, 1], 1, 0.001, 1, False, False 2.0314649586669273 72.13306558426261 6.627074896469279 0.03734296709851164 0.7509556318319794 0.1448696425343284 
[1, 24, 48], [24, 20, 5], [1, 10, 10], [20, 20, 20], [2], 20, 0.001, 1, False, False 0.9396615083726053 28.266752109820633 1.4861612814314649 0.06570439183377635 1.4504993388254932 0.12414404669643243 
[1, 24], [24, 10], [1, 5], [10, 10], [0, 1], 10, 0.001, 1, False, False 1.2637654292742135 43.070882555695086 2.5337562358036463 0.050199636665452005 2.3527683791086607 0.25091492407929855 
[1, 24, 48], [24, 1, 1], [1, 5, 5], [40, 40, 40], [1, 2], 5, 0.001, 1, False, False 1.369368317409384 50.01519762059478 3.256172954129788 0.18597332651644785 5.726076940425839 0.6273279453808462 
[1, 24, 48], [24, 20, 10], [1, 5, 5], [10, 10, 10], [2], 1, 0.001, 1, False, False 2.049324476332576 72.67492926820125 6.74550670417106 0.019494492115824442 0.5588260662594954 0.09702776403551143 
[1, 24, 48], [24, 10, 1], [1, 10, 10], [10, 10, 10], [0, 1, 2], 20, 0.001, 1, False, False 1.1231129306023597 33.826087037108664 1.9498706822187994 0.05250897970594184 1.409240758598575 0.21098117525316715 
[1, 24, 48], [24, 20, 15], [1, 5, 5], [10, 10, 10], [2], 20, 0.001, 1, False, False 1.138217663002649 36.060302862960974 2.0562161744743226 0.07163232504301963 0.9125007484670028 0.04796747669577314 
[1, 24, 48], [24, 1, 1], [1, 5, 5], [30, 30, 30], [1, 2], 5, 0.001, 1, False, False 1.2780786239955988 44.9214870226673 2.6965099598405797 0.14572641517412602 5.38126317023199 0.5412457873754105 
[1, 24, 48], [24, 15, 1], [1, 10, 10], [20, 20, 20], [0, 1, 2], 20, 0.001, 1, False, False 1.1320992805822578 34.71299805260408 2.011034537852263 0.03326114107625353 0.5836191196503256 0.02760166313544761 
[1, 24, 48], [24, 5, 1], [1, 5, 5], [20, 20, 20], [2], 20, 0.001, 1, False, False 1.2281602608005482 36.31308887983773 2.143981163869913 0.11965804367372788 3.8319906362602043 0.42418402995819443 
[1, 24, 48], [24, 5, 1], [1, 5, 5], [40, 40, 40], [1, 2], 5, 0.001, 1, False, False 1.3215529563974728 45.305153668029895 2.7510014554811613 0.15099536185776796 4.258961573564937 0.5255755700649193 
[1, 24, 48], [24, 20, 15], [1, 5, 5], [20, 20, 20], [2], 1, 0.001, 1, False, False 2.046007135986454 72.57480706234497 6.727169213075989 0.02223630859104518 1.3192733644346621 0.2338651260128274 
[1, 24, 48], [24, 15, 1], [1, 5, 5], [10, 10, 10], [0, 1, 2], 20, 0.001, 1, False, False 1.1629134057193167 34.765840500358 2.049129982572356 0.01810714097489895 0.9515699379024107 0.1284092503185087 
[1, 24, 48], [24, 5, 1], [1, 10, 10], [20, 20, 20], [2], 5, 0.001, 1, False, False 1.2735895290108468 44.41963288386814 2.760932237685761 0.1810975959490658 5.931279005531573 0.5931939306555976 
[1, 24, 48], [24, 5, 1], [1, 5, 5], [10, 10, 10], [2], 20, 0.001, 1, False, False 1.3581796403974298 42.169638210445676 2.676339996723185 0.18253792046888342 7.693000739295065 0.8379497880038178 
[1, 24, 48], [24, 5, 1], [1, 10, 10], [10, 10, 10], [2], 1, 0.001, 1, False, False 2.023979803905995 72.08098690900711 6.624841032645954 0.03005830347735241 0.8720046501590166 0.16414268050728273 
[1, 24, 48], [24, 20, 5], [1, 10, 10], [10, 10, 10], [2], 20, 0.001, 1, False, False 1.0815502767451108 32.033099031240845 1.79615059752794 0.1128450087723022 4.627281519599084 0.4344887574431307 
[1, 24, 48], [24, 15, 1], [1, 5, 5], [20, 20, 20], [1, 2], 5, 0.001, 1, False, False 1.3699656272203555 48.376751097859206 3.0543929603783173 0.02353709838485154 2.1211470704910966 0.2728728057254846 
[1, 24, 48], [24, 15, 1], [1, 5, 5], [30, 30, 30], [1, 2], 5, 0.001, 1, False, False 1.3279669432452434 47.02115995671341 2.894186345514471 0.1002317948686396 3.434168759734273 0.43577806467497743 
[1, 24, 48], [24, 20, 5], [1, 5, 5], [10, 10, 10], [2], 10, 0.001, 1, False, False 1.3486326379253082 46.16844534329786 2.920649565771168 0.14263904721769305 5.404240112227677 0.6074706487807804 
[1, 24, 48], [24, 5, 1], [1, 20, 20], [30, 30, 30], [1, 2], 5, 0.001, 1, False, False 1.1111139271477306 36.28267917135724 1.9502444731136646 0.045367051732990674 2.54050696109257 0.16090278951065615 
[1, 24, 48], [24, 10, 1], [1, 20, 20], [40, 40, 40], [1, 2], 5, 0.001, 1, False, False 1.068200127511389 34.06191446727356 1.8289573856339107 0.052909851726168716 1.9686475184061052 0.09662948584447922 
[1, 24, 48], [24, 15, 15], [1, 5, 5], [20, 20, 20], [1, 2], 20, 0.001, 1, False, False 1.0370370392825592 31.013821663917664 1.7501073437326902 0.030365304185648926 0.7923259773185544 0.08098519997386404 
[1, 24, 48], [24, 5, 1], [1, 5, 5], [20, 20, 20], [2], 1, 0.001, 1, False, False 2.0619882932967606 72.95886811913408 6.793417556604066 0.004456749511735227 0.1211129775918298 0.03199582555309045 
[1, 24, 48], [24, 20, 5], [1, 10, 10], [20, 20, 20], [2], 1, 0.001, 1, False, False 2.0046480093013357 71.61343284472406 6.551977683201905 0.049758836497242775 1.5558290883027839 0.2754290331024881 
[1, 24], [24, 15], [1, 5], [10, 10], [0, 1], 5, 0.001, 1, False, False 1.8319591010886214 64.78953774186066 5.455337602164032 0.14860672586303333 2.65249146790427 0.5663296521474964 
[1, 24, 48], [24, 10, 1], [1, 10, 10], [20, 20, 20], [0, 1, 2], 1, 0.001, 1, False, False 1.985226509216483 71.05164489386544 6.40379831163742 0.009643303516409926 0.3850927205212116 0.07140551247833125 
[1, 24, 48], [24, 15, 5], [1, 5, 5], [10, 10, 10], [0, 1, 2], 20, 0.001, 1, False, False 1.174956650569759 36.02498146286296 2.048428592131713 0.04272862971866545 1.8631940664328477 0.11236877099465169 
[1, 24, 48], [24, 15, 5], [1, 5, 5], [30, 30, 30], [1, 2], 1, 0.001, 1, False, False 1.9996546401262834 71.24322456221559 6.446700362279343 0.031024352122774584 0.6347388412282271 0.09811093536252154 
[1, 24, 48], [24, 20, 10], [1, 5, 5], [10, 10, 10], [2], 5, 0.001, 1, False, False 1.7505925978223484 62.22165058011095 5.198518753821728 0.3754421166430208 12.867727098343957 1.767485498627636 
[1, 24, 48], [24, 10, 1], [1, 20, 20], [30, 30, 30], [1, 2], 5, 0.001, 1, False, False 1.0983075770549475 34.8450037486951 1.8739817367479301 0.09923490625451506 3.0624884914493458 0.28735933259912433 
[1, 24, 48], [24, 15, 1], [1, 5, 5], [10, 10, 10], [0, 1, 2], 1, 0.001, 1, False, False 2.0420233241385883 72.00846887236274 6.6263685653334425 0.017452902567649507 0.8520324918948708 0.13926458625337465 
[1, 24, 48], [24, 20, 5], [1, 5, 5], [20, 20, 20], [2], 20, 0.001, 1, False, False 1.1599458647374479 35.12180385505132 2.07081057676603 0.06200163418578983 3.4422725031641654 0.08512731966215815 
[1, 24, 48], [24, 15, 1], [1, 5, 5], [20, 20, 20], [0, 1, 2], 1, 0.001, 1, False, False 2.03290618221379 71.77588983189061 6.592956635036575 0.016429867854782187 1.23459778239974 0.17686662084578664 
[1, 24, 48], [24, 5, 1], [1, 10, 10], [10, 10, 10], [0, 1, 2], 10, 0.001, 1, False, False 1.2284435106786311 39.13003721552604 2.23561934024554 0.019536473529482425 1.656485936137365 0.13120827810301033 
[1, 24, 48], [24, 1, 1], [1, 5, 5], [10, 10, 10], [0, 1, 2], 20, 0.001, 1, False, False 1.2418667272388662 38.226037032332755 2.241998454318106 0.02694902679351952 1.545796808207556 0.16257730520914887 
[1, 24, 48], [24, 1, 1], [1, 20, 20], [30, 30, 30], [1, 2], 10, 0.001, 1, False, False 1.1354840547639737 33.961632256072356 1.908337634681866 0.0480609569258019 1.7372313262021608 0.17554592241637712 
[1, 24, 48], [24, 20, 10], [1, 10, 10], [20, 20, 20], [2], 20, 0.001, 1, False, False 1.1463184793772936 32.225779390321996 2.014342663187296 0.10554496384733292 1.4715048996855478 0.3068603208177197 
[1, 24, 48], [24, 20, 5], [1, 10, 10], [10, 10, 10], [2], 1, 0.001, 1, False, False 2.0473848117170506 72.15973240976972 6.647211449626776 0.011356204126084079 0.4471326954576343 0.08897415712496469 
[1, 24, 48], [24, 20, 10], [1, 5, 5], [20, 20, 20], [2], 10, 0.001, 1, False, False 1.4886264395555138 52.97357329842914 3.853112887413855 0.40579852710654857 14.164329083081679 2.0593118748126376 
[1, 24, 48], [24, 15, 10], [1, 20, 20], [40, 40, 40], [1, 2], 5, 0.001, 1, False, False 1.0126025382049932 32.7722399943418 1.631711028935354 0.024277949109596353 0.925026576290712 0.145577741909216 
[1, 24, 48], [24, 20, 15], [1, 10, 10], [10, 10, 10], [2], 10, 0.001, 1, False, False 1.1616451444690703 37.55353075434369 2.115380999004639 0.155606793264824 5.07871430540686 0.4126090865014474 
[1, 24, 48], [24, 20, 15], [1, 5, 5], [20, 20, 20], [2], 5, 0.001, 1, False, False 1.8976801360853843 67.40623552810574 5.832396884781016 0.04252258699335734 0.34701577391543403 0.04934580543418338 
[1, 24, 48], [24, 5, 1], [1, 10, 10], [10, 10, 10], [2], 5, 0.001, 1, False, False 1.5266308071678159 54.22809550749386 3.805196327642276 0.10061115564888107 4.66943534707185 0.5658596552931702 
[1, 24, 48], [24, 15, 5], [1, 5, 5], [20, 20, 20], [0, 1, 2], 1, 0.001, 1, False, False 2.04395230292446 72.75044093517106 6.735397861245801 0.02920698412464955 0.7067770023806396 0.12846340659052843 
[1, 24, 48], [24, 20, 15], [1, 5, 5], [10, 10, 10], [2], 1, 0.001, 1, False, False 1.9963875307322099 71.09035644253977 6.411816796615117 0.09893765506710106 2.312452608265293 0.4752862091138598 
[1, 24, 48], [24, 10, 1], [1, 5, 5], [10, 10, 10], [1, 2], 10, 0.001, 1, False, False 1.0755717832871061 33.9736775117538 1.7596413464537906 0.07455485376994889 2.0599013492146434 0.24277126763290785 
[1, 24, 48], [24, 20, 15], [1, 10, 10], [20, 20, 20], [2], 20, 0.001, 1, False, False 1.0531781161410945 31.09515134072498 1.721362557480967 0.05071661112600752 3.22532403999882 0.29212255433143 
[1, 24, 48], [24, 20, 10], [1, 10, 10], [10, 10, 10], [2], 20, 0.001, 1, False, False 1.0864299967419357 30.89665135630588 1.8061491232175302 0.047762890685077594 1.2532499468449645 0.26699833444516846 
[1, 24, 48], [24, 20, 5], [1, 10, 10], [20, 20, 20], [2], 5, 0.001, 1, False, False 1.752300463147737 60.23493651237167 4.847259724872946 0.20383451865349447 7.3699208007636035 1.1467424761113825 
[1, 24, 48], [24, 20, 10], [1, 10, 10], [20, 20, 20], [2], 1, 0.001, 1, False, False 2.0329139794809397 72.37127505451328 6.672152523803102 0.030169715705454847 0.9763339151333016 0.18196699583621206 
[1, 24, 48], [24, 5, 1], [1, 5, 5], [10, 10, 10], [1, 2], 20, 0.001, 1, False, False 1.250193907303253 37.36547832908585 2.372914902565529 0.0727635980094192 2.2347376494775175 0.2929579976756638 
[1, 24, 48], [24, 1, 1], [1, 5, 5], [20, 20, 20], [0, 1, 2], 1, 0.001, 1, False, False 2.012281300113709 71.50935329340274 6.544559236763461 0.039722295868069975 1.5781959848136187 0.2407124433563312 
[1, 24, 48], [24, 15, 15], [1, 5, 5], [40, 40, 40], [1, 2], 1, 0.001, 1, False, False 1.9543702861846046 70.39552262082128 6.3085845043651085 0.04863132238466581 1.3751633533945766 0.24895697005471548 
[1, 24, 48], [24, 5, 1], [1, 10, 10], [20, 20, 20], [2], 10, 0.001, 1, False, False 1.1684892676080818 39.59668537308434 2.218801571610651 0.028093642131951285 1.3580646574488713 0.08815557870041123 
[1, 24, 48], [24, 20, 15], [1, 5, 5], [10, 10, 10], [2], 5, 0.001, 1, False, False 1.6071944328300927 57.84193803755543 4.473675777444953 0.3686065839834547 12.039564151781725 1.8106039195232024 
[1, 24, 48], [24, 5, 1], [1, 20, 20], [40, 40, 40], [1, 2], 10, 0.001, 1, False, False 1.163079418414445 34.20660143216443 1.998134296711423 0.06248073768248887 2.297587453618295 0.1376076958812092 
[1, 24, 48], [24, 5, 1], [1, 5, 5], [20, 20, 20], [1, 2], 1, 0.001, 1, False, False 2.022424703243154 72.10943325911627 6.624754489941104 0.027609780347971978 0.8076571423079255 0.1581594660975832 
[1, 24, 48], [24, 10, 1], [1, 5, 5], [20, 20, 20], [1, 2], 20, 0.001, 1, False, False 1.2057522028236203 34.97621657038655 2.1026284592695905 0.045703410309506844 1.3158969948495616 0.1991140270734216 
[1, 24, 48], [24, 20, 10], [1, 5, 5], [10, 10, 10], [2], 10, 0.001, 1, False, False 1.3382873207537667 43.63371735640686 2.8342417603813708 0.2310458752194297 6.392315860572506 0.7669261958115903 
[1, 24, 48], [24, 15, 10], [1, 5, 5], [20, 20, 20], [1, 2], 20, 0.001, 1, False, False 1.1332342720900972 33.25444125577545 1.9388703703913048 0.047479282286937784 1.5974745978319884 0.21454272358868057 
[1, 24], [24, 15], [1, 5], [20, 20], [0, 1], 10, 0.001, 1, False, False 1.5241035685219149 49.23741734097418 3.4027129405128 0.06096764353458469 2.2722035460317347 0.27285650334075595 
[1, 24, 48], [24, 15, 10], [1, 5, 5], [30, 30, 30], [1, 2], 10, 0.001, 1, False, False 1.2074365983751638 37.99942396511863 2.3081791439832346 0.0226629034962766 0.38959679017978055 0.13329579268927147 
[1, 24, 48], [24, 20, 15], [1, 5, 5], [20, 20, 20], [2], 10, 0.001, 1, False, False 1.540113131674352 52.988460012728815 3.871309513560959 0.2384747171524893 9.18665048796108 1.1019505776154301 
[1, 24], [24, 10], [1, 5], [20, 20], [0, 1], 20, 0.001, 1, False, False 1.1723723235367622 36.58049494272269 2.1197496951674943 0.05383298383355985 1.6967613626698699 0.18464982810084385 
[1, 24, 48], [24, 15, 10], [1, 5, 5], [10, 10, 10], [1, 2], 1, 0.001, 1, False, False 2.0040673462536045 71.37566463175581 6.520654624156401 0.06565008657729055 1.754579374693342 0.3614746588095901 
[1, 24, 48], [24, 15, 1], [1, 5, 5], [10, 10, 10], [1, 2], 1, 0.001, 1, False, False 1.9611642949076165 69.88384544085652 6.235517911899546 0.05543757380099616 1.7409120133041533 0.41704023270486196 
[1, 24, 48], [24, 15, 10], [1, 5, 5], [10, 10, 10], [1, 2], 20, 0.001, 1, False, False 1.0903394594098683 32.896139288839905 1.880785515209445 0.07063608512317689 2.756486781416199 0.20026746528115374 
[1, 24, 48], [24, 15, 15], [1, 5, 5], [10, 10, 10], [1, 2], 20, 0.001, 1, False, False 1.1195325661899043 32.991132556874085 1.988282656221289 0.1222263692258247 2.062715360913378 0.29099796400085703 
[1, 24, 48], [24, 1, 1], [1, 20, 20], [40, 40, 40], [1, 2], 20, 0.001, 1, False, False 1.0865284933260193 31.709857016241937 1.7706643630117753 0.05064072651715922 1.6626317450668204 0.12053298618308124 
[1, 24, 48], [24, 5, 1], [1, 5, 5], [40, 40, 40], [1, 2], 10, 0.001, 1, False, False 1.2686760588342116 40.14406423792104 2.3712713607420337 0.07649892928025027 1.6175808338438156 0.3075139272776064 
[1, 24, 48], [24, 15, 15], [1, 10, 10], [10, 10, 10], [0, 1, 2], 10, 0.001, 1, False, False 1.1128869250209794 35.18364333812345 1.949546706848215 0.010789208267468195 1.4536046142638943 0.12339389793075803 
[1, 24, 48], [24, 1, 1], [1, 5, 5], [20, 20, 20], [1, 2], 20, 0.001, 1, False, False 1.1798453679101335 35.08558215934445 2.077091492729457 0.06791426367072345 1.314582218740415 0.04101358167604123 
[1, 24, 48], [24, 15, 15], [1, 5, 5], [20, 20, 20], [1, 2], 1, 0.001, 1, False, False 2.0224420216762353 72.11582935129941 6.60505780014616 0.03883849342950083 0.8317547838926571 0.16029266903914383 
[1, 24, 48], [24, 15, 5], [1, 5, 5], [30, 30, 30], [1, 2], 5, 0.001, 1, False, False 1.401659459713847 47.32698213626541 3.019317101024409 0.07065227262816107 1.8227244833504086 0.17034419499313147 
[1, 24, 48], [24, 15, 5], [1, 5, 5], [40, 40, 40], [1, 2], 5, 0.001, 1, False, False 1.4435560712314868 49.55311301253597 3.373974499097972 0.2431517801371095 9.150008782623763 1.0511252565808502 
[1, 24, 48], [24, 15, 15], [1, 20, 20], [30, 30, 30], [1, 2], 5, 0.001, 1, False, False 1.0385590126427513 33.070033774577446 1.751151168206494 0.03833889652369107 3.6266327363978577 0.22882002695536505 
[1, 24, 48], [24, 15, 10], [1, 5, 5], [20, 20, 20], [1, 2], 1, 0.001, 1, False, False 1.9893405675543125 70.1954897240957 6.28905521828226 0.03065064965377374 1.583007361490074 0.2582811697943904 
[1, 24, 48], [24, 5, 1], [1, 5, 5], [30, 30, 30], [1, 2], 1, 0.001, 1, False, False 2.037304630910081 71.91456042562614 6.593936128089747 0.031466010802287114 0.8069163777650974 0.18073183957471076 
[1, 24, 48], [24, 20, 5], [1, 5, 5], [10, 10, 10], [2], 20, 0.001, 1, False, False 1.0194627655963242 31.23501266842535 1.691769802312468 0.056667943398282926 0.9472536278694619 0.04893671374025264 
[1, 24, 48], [24, 5, 1], [1, 5, 5], [10, 10, 10], [1, 2], 1, 0.001, 1, False, False 2.016089626180905 71.23622041217055 6.508830594144599 0.04110992400081478 1.4581566286634542 0.238117724589208 
[1, 24, 48], [24, 1, 1], [1, 5, 5], [10, 10, 10], [1, 2], 20, 0.001, 1, False, False 1.232931090415352 37.62304230322143 2.202721415772461 0.05002993709816234 1.8681701843246454 0.202200435496398 
[1, 24, 48], [24, 15, 1], [1, 5, 5], [20, 20, 20], [1, 2], 10, 0.001, 1, False, False 1.1474731088581462 36.38725221723444 1.9787638258164708 0.04639366290571798 1.1370037971928466 0.13434892866652853 
[1, 24, 48], [24, 5, 1], [1, 20, 20], [30, 30, 30], [1, 2], 10, 0.001, 1, False, False 1.0700690371467285 32.80449836441047 1.7780662180070832 0.04821445548800588 0.7668166862073097 0.13882008222267309 
[1, 24, 48], [24, 15, 15], [1, 5, 5], [40, 40, 40], [1, 2], 5, 0.001, 1, False, False 1.378568287193775 48.111050050414995 3.0207743783452385 0.02544608658945242 1.0019917856616516 0.060052793698933515 
[1, 24, 48], [24, 1, 1], [1, 5, 5], [40, 40, 40], [1, 2], 10, 0.001, 1, False, False 1.2336930910125374 37.50224746739941 2.1423669487468597 0.032832872913350415 0.46478146289624445 0.07130792017302463 
[1, 24, 48], [24, 20, 10], [1, 5, 5], [20, 20, 20], [2], 20, 0.001, 1, False, False 1.2580242264429453 37.76443845342791 2.332746203407883 0.03841466801614869 1.2647499577228618 0.16212319545811066 
[1, 24, 48], [24, 10, 1], [1, 20, 20], [40, 40, 40], [1, 2], 10, 0.001, 1, False, False 1.0352050726543423 32.576774082439876 1.750953904121544 0.038295077137121 1.5523874449332706 0.14319644156853628 
[1, 24, 48], [24, 1, 1], [1, 10, 10], [20, 20, 20], [0, 1, 2], 20, 0.001, 1, False, False 1.1579334065525069 35.14323716765313 2.0040697188393115 0.010393163152485266 0.8313364552387832 0.04010472213498441 
[1, 24, 48], [24, 20, 15], [1, 10, 10], [10, 10, 10], [2], 20, 0.001, 1, False, False 0.9850351655441855 28.47496090618552 1.5704392347294582 0.16160526311259416 5.708447244323283 0.3587811668299986 
[1, 24, 48], [24, 15, 5], [1, 5, 5], [20, 20, 20], [0, 1, 2], 5, 0.001, 1, False, False 1.2335489545879819 41.91617833836082 2.43185064632673 0.12134998031778814 2.7226160631148937 0.2778525434306074 
[1, 24, 48], [24, 15, 1], [1, 5, 5], [30, 30, 30], [1, 2], 10, 0.001, 1, False, False 1.1307193880210873 36.09737072550177 1.9887133154278904 0.0672839715245361 2.721986266003794 0.19138604082865862 
[1, 24, 48], [24, 1, 1], [1, 5, 5], [20, 20, 20], [1, 2], 1, 0.001, 1, False, False 2.0162782602150133 70.4320378254793 6.400907504868859 0.0440560763867281 1.7186134434576512 0.2724190491624807 
[1, 24, 48], [24, 5, 1], [1, 5, 5], [20, 20, 20], [1, 2], 5, 0.001, 1, False, False 1.4504171080956307 50.983725769445385 3.41543420730898 0.10774828657404509 3.603695006783991 0.3831036792940687 
[1, 24, 48], [24, 10, 1], [1, 20, 20], [30, 30, 30], [1, 2], 10, 0.001, 1, False, False 1.0287589623920483 31.86143220947403 1.6678447753994572 0.04496160191055972 1.0413677188274182 0.10638973207733013 
[1, 24, 48], [24, 10, 1], [1, 10, 10], [20, 20, 20], [0, 1, 2], 5, 0.001, 1, False, False 1.2353986326329134 42.60888810284988 2.4816919767675483 0.045183775220011345 2.5032474436151806 0.19488421373435996 
[1, 24, 48], [24, 15, 15], [1, 5, 5], [20, 20, 20], [1, 2], 5, 0.001, 1, False, False 1.0611543576371065 37.79069988729338 1.9657256289365013 0.13501013669612538 5.882723609231004 0.4869478214029801 
[1, 24, 48], [24, 1, 1], [1, 5, 5], [30, 30, 30], [1, 2], 10, 0.001, 1, False, False 1.1938866099308212 38.08752873615979 2.114020313822753 0.07623929813520183 1.7585210704655292 0.2474516827282022 
[1, 24, 48], [24, 15, 1], [1, 5, 5], [10, 10, 10], [1, 2], 5, 0.001, 1, False, False 1.5829299889849846 57.95882780525839 4.298032493615814 0.07429406169184989 4.01827197309526 0.5132916455939658 
[1, 24, 48], [24, 15, 1], [1, 5, 5], [10, 10, 10], [0, 1, 2], 5, 0.001, 1, False, False 1.4338642271718494 49.86262577088542 3.459239511916026 0.3498013829034829 12.830501337809553 1.6881562596475503 
[1, 24, 48], [24, 15, 1], [1, 5, 5], [40, 40, 40], [1, 2], 10, 0.001, 1, False, False 1.1191509999369307 36.46947174745951 2.026970354127131 0.04277035820195354 2.1551214534533685 0.15450540249881986 
[1, 24, 48], [24, 15, 1], [1, 5, 5], [20, 20, 20], [0, 1, 2], 5, 0.001, 1, False, False 1.4696149574592712 51.63202994269843 3.5397470256961654 0.22733575842628406 7.460298688747552 0.9486183765933187 
[1, 24, 48], [24, 1, 1], [1, 5, 5], [20, 20, 20], [0, 1, 2], 5, 0.001, 1, False, False 1.3407636336671809 47.28094217104467 2.918022707883822 0.04322683299236561 2.0384013660936384 0.24496850608427087 
[1, 24, 48], [24, 1, 1], [1, 5, 5], [10, 10, 10], [0, 1, 2], 1, 0.001, 1, False, False 2.046190505205757 72.44302764922632 6.701273890996283 0.010498266209445573 0.19145560914332005 0.0221037474940412 
[1, 24, 48], [24, 5, 1], [1, 5, 5], [30, 30, 30], [1, 2], 5, 0.001, 1, False, False 1.3398288838806804 46.033929137035464 2.836362417755481 0.07498789284056058 1.9347639236852794 0.26901957138077304 
[1, 24, 48], [24, 15, 10], [1, 20, 20], [40, 40, 40], [1, 2], 10, 0.001, 1, False, False 1.0735703998417765 33.06515651161939 1.8253648914465854 0.03505120168071703 1.1134575492384062 0.09380233018165857 
[1, 24, 48], [24, 15, 10], [1, 5, 5], [20, 20, 20], [1, 2], 5, 0.001, 1, False, False 1.3069808367708768 45.055277354906735 2.817903240472887 0.130471340261213 3.9328169929335655 0.5765596444451936 
[1, 24, 48], [24, 5, 1], [1, 5, 5], [10, 10, 10], [1, 2], 5, 0.001, 1, False, False 1.5563214466941577 54.442312122224656 3.930742442089129 0.23320359919153572 8.479495808272949 1.12039257705455 
[1, 24, 48], [24, 15, 5], [1, 20, 20], [30, 30, 30], [1, 2], 10, 0.001, 1, False, False 1.0553862017441402 32.12235502625676 1.7551590981345226 0.076275614109905 2.1367214702580126 0.23305454302953305 
[1, 24, 48], [24, 15, 15], [1, 20, 20], [40, 40, 40], [1, 2], 10, 0.001, 1, False, False 0.9890018613871048 29.12660676661261 1.6171765357871328 0.03173623700626599 0.7772055088568174 0.08409653806149452 
[1, 24, 48], [24, 10, 1], [1, 5, 5], [30, 30, 30], [1, 2], 20, 0.001, 1, False, False 1.212515227500073 34.82291625170172 2.1705444753038132 0.06040666933330217 0.3833243924684968 0.1409968553118807 
[1, 24, 48], [24, 1, 1], [1, 10, 10], [10, 10, 10], [0, 1, 2], 20, 0.001, 1, False, False 1.1849528251940178 36.37385576500787 2.175744087998305 0.03824716928562349 1.1199624030624262 0.18483681332188445 
[1, 24, 48], [24, 10, 1], [1, 5, 5], [40, 40, 40], [1, 2], 1, 0.001, 1, False, False 2.0386422883374267 72.26669197008493 6.647147693986912 0.021945775590983763 0.9948767706190129 0.1969007282241013 
[1, 24, 48], [24, 15, 10], [1, 5, 5], [40, 40, 40], [1, 2], 20, 0.001, 1, False, False 1.1073950646600375 33.74615766954097 1.9298620073739678 0.06096647209599447 1.0341279653677773 0.07755232998859661 
[1, 24, 48], [24, 15, 15], [1, 5, 5], [20, 20, 20], [0, 1, 2], 20, 0.001, 1, False, False 1.1017761483443556 34.03793614234444 1.8996198993993432 0.044078867414907366 1.9058419067960917 0.14278407487584574 
[1, 24, 48], [24, 15, 5], [1, 5, 5], [20, 20, 20], [1, 2], 20, 0.001, 1, False, False 1.1386552783229424 33.34978987762522 1.9940560987119618 0.025046555662416606 1.322186076707335 0.19368578828174168 
[1, 24, 48], [24, 1, 1], [1, 10, 10], [20, 20, 20], [0, 1, 2], 1, 0.001, 1, False, False 2.037663111076863 72.62479729764391 6.709977578756447 0.009730682147527045 0.1879692805656932 0.015432183481069199 
[1, 24, 48], [24, 15, 1], [1, 10, 10], [20, 20, 20], [0, 1, 2], 20, 0.001, 1, False, False 1.055366945152895 31.417745895494154 1.732471021155228 0.06380539523788749 1.7274506313813232 0.1136359726220045 
[1, 24, 48], [24, 15, 10], [1, 20, 20], [30, 30, 30], [1, 2], 1, 0.001, 1, False, False 1.9094064079569997 66.52081008265641 5.720500883765207 0.033292148834894626 1.2196744589174786 0.21690956304272604 
[1, 24, 48], [24, 15, 1], [1, 10, 10], [10, 10, 10], [0, 1, 2], 20, 0.001, 1, False, False 1.151043731710632 34.40809797251827 2.06576067100886 0.09754331237619768 3.343089437460505 0.3028619472837853 
[1, 24], [24, 15], [1, 10], [10, 10], [0, 1], 20, 0.001, 1, False, False 1.0933806738936929 33.653142850204304 1.8526816123953633 0.04230934316137626 2.876191636074748 0.1375502375273578 
[1, 24, 48], [24, 15, 15], [1, 5, 5], [20, 20, 20], [1, 2], 10, 0.001, 1, False, False 1.1055121345031593 35.15579576998629 1.9421660609036193 0.07290280169486754 2.010638888313371 0.2189588232993172 
[1, 24, 48], [24, 15, 15], [1, 5, 5], [10, 10, 10], [1, 2], 1, 0.001, 1, False, False 1.9281813146891418 68.57757368819703 5.987439543420101 0.07782536841228936 2.2921924728654344 0.359262539899242 
[1, 24, 48], [24, 5, 1], [1, 5, 5], [20, 20, 20], [0, 1, 2], 20, 0.001, 1, False, False 1.128749442909396 33.85169466795365 1.987477643446752 0.07372467744627971 1.5733740114471184 0.11738517533374081 
[1, 24, 48], [24, 10, 1], [1, 5, 5], [10, 10, 10], [1, 2], 20, 0.001, 1, False, False 1.1837136726136561 35.06050922304512 2.139277002294795 0.047387117100239344 0.8944984615894168 0.09972996280775122 
[1, 24, 48], [24, 15, 1], [1, 10, 10], [20, 20, 20], [0, 1, 2], 1, 0.001, 1, False, False 2.0135767171021417 71.62106515870552 6.525222433246905 0.06346328785302185 1.8420075111684864 0.34721608358238293 
[1, 24, 48], [24, 15, 1], [1, 5, 5], [10, 10, 10], [0, 1, 2], 1, 0.001, 1, False, False 2.030068335785634 72.24376986353457 6.641882529797638 0.011432249421103316 0.4303977781857268 0.0728055638004308 
[1, 24, 48], [24, 15, 1], [1, 5, 5], [10, 10, 10], [1, 2], 10, 0.001, 1, False, False 1.10462643852009 34.484449056500836 1.8963500465116292 0.09236603241588491 3.0835181513742373 0.21584647762562403 
[1, 24, 48], [24, 1, 1], [1, 5, 5], [10, 10, 10], [0, 1, 2], 5, 0.001, 1, False, False 1.3461496301961169 47.99601625906914 2.984947764882427 0.05895302751081224 2.7564301546879757 0.22102678065033887 
[1, 24, 48], [24, 5, 1], [1, 5, 5], [20, 20, 20], [1, 2], 10, 0.001, 1, False, False 1.3245048662854566 40.75536087367333 2.6164397136436675 0.20045175713301147 4.805110591003089 0.6559895778236895 
[1, 24, 48], [24, 15, 15], [1, 20, 20], [30, 30, 30], [1, 2], 10, 0.001, 1, False, False 0.978723406339823 29.8638778394272 1.6170542328578916 0.07742332045422934 2.1201492188818003 0.16271567490586714 
[1, 24, 48], [24, 15, 5], [1, 5, 5], [40, 40, 40], [1, 2], 10, 0.001, 1, False, False 1.2327505220935027 39.7197581095895 2.418794584283765 0.17550169055265608 8.894392391371968 0.8238181009173933 
[1, 24, 48], [24, 15, 5], [1, 5, 5], [10, 10, 10], [1, 2], 20, 0.001, 1, False, False 1.111342520741056 32.6567715175043 1.895339562966992 0.09049630083698008 2.5846523121639424 0.24554757610695926 
[1, 24, 48], [24, 10, 1], [1, 5, 5], [40, 40, 40], [1, 2], 5, 0.001, 1, False, False 1.515089311692174 49.935946384299825 3.4202383108852294 0.042567092014788775 1.8185707425299127 0.10165830351618621 
[1, 24, 48], [24, 10, 1], [1, 10, 10], [10, 10, 10], [0, 1, 2], 1, 0.001, 1, False, False 1.959979858794422 70.62002868460227 6.3029593399652795 0.057952625574140666 2.16258296056982 0.4304837649048882 
[1, 24, 48], [24, 1, 1], [1, 20, 20], [30, 30, 30], [1, 2], 20, 0.001, 1, False, False 1.098697335740413 32.0043999562046 1.798289511650389 0.07264437252329269 1.776489304514117 0.19536808350451307 
[1, 24, 48], [24, 15, 15], [1, 5, 5], [40, 40, 40], [1, 2], 10, 0.001, 1, False, False 1.1876509361796908 39.570965133790075 2.2494705630562675 0.0431761018844619 2.0228755980898154 0.1287360571836105 
[1, 24, 48], [24, 5, 1], [1, 5, 5], [30, 30, 30], [1, 2], 10, 0.001, 1, False, False 1.1255843386916373 35.58392022268271 1.9196970238257205 0.10525772819430632 3.3958102736030242 0.28735957063101725 
[1, 24, 48], [24, 15, 5], [1, 5, 5], [30, 30, 30], [1, 2], 10, 0.001, 1, False, False 1.1952234299474016 37.016964205122825 2.0436387309326576 0.09876697202675781 2.6622109303750006 0.2753043976430221 
[1, 24, 48], [24, 15, 5], [1, 5, 5], [20, 20, 20], [1, 2], 1, 0.001, 1, False, False 2.001405560466702 71.76992784980227 6.573760132358635 0.04753417159456581 0.9246855299875746 0.14307656450839065 
[1, 24, 48], [24, 15, 10], [1, 20, 20], [30, 30, 30], [1, 2], 5, 0.001, 1, False, False 1.1056989757861528 35.462464087766286 1.8860570783272212 0.061073386957142727 3.1196293518797433 0.1653450218821407 
[1, 24, 48], [24, 1, 1], [1, 20, 20], [40, 40, 40], [1, 2], 1, 0.001, 1, False, False 1.9709662611009897 69.13157908939178 6.097316925112428 0.018928076696871195 1.6573457534319174 0.27911598186296926 
[1, 24, 48], [24, 5, 1], [1, 20, 20], [40, 40, 40], [1, 2], 20, 0.001, 1, False, False 1.047465453614239 31.902176781994243 1.78917071334323 0.07400331832078912 2.611703558094719 0.23165209347481708 
[1, 24, 48], [24, 15, 15], [1, 5, 5], [10, 10, 10], [0, 1, 2], 20, 0.001, 1, False, False 1.1839293560289121 36.086046766125556 2.041405382191849 0.06031878697148697 1.450046786975421 0.08312212448714158 
[1, 24, 48], [24, 15, 1], [1, 5, 5], [20, 20, 20], [1, 2], 20, 0.001, 1, False, False 1.1122152629963777 33.910970885618674 1.927638621541868 0.061380540858667926 1.38245034648134 0.12093776781728638 
[1, 24, 48], [24, 15, 15], [1, 5, 5], [10, 10, 10], [1, 2], 5, 0.001, 1, False, False 1.4118008050895126 50.71545323465423 3.3635252856938855 0.15655539375924388 5.176288242252944 0.6618549412796653 
[1, 24, 48], [24, 10, 1], [1, 5, 5], [30, 30, 30], [1, 2], 1, 0.001, 1, False, False 2.027445173111779 72.10606360541821 6.576935103722882 0.02150701619292663 0.7091613049220203 0.1524698120317909 
[1, 24, 48], [24, 15, 5], [1, 5, 5], [20, 20, 20], [0, 1, 2], 10, 0.001, 1, False, False 1.2211474802241558 39.20657659986804 2.263863027948885 0.09967042134759467 3.2565363132529512 0.31786428161911756 
[1, 24, 48], [24, 15, 1], [1, 20, 20], [30, 30, 30], [1, 2], 20, 0.001, 1, False, False 1.0065580645507133 30.228677679962022 1.6444644683051008 0.026608549175730037 1.2788561355119572 0.07879964825164124 
[1, 24, 48], [24, 15, 5], [1, 20, 20], [40, 40, 40], [1, 2], 20, 0.001, 1, False, False 1.0316602311200564 30.25370388853835 1.7650618392421291 0.06367449170827329 3.6829285402873837 0.21812853990265976 
[1, 24, 48], [24, 5, 1], [1, 5, 5], [40, 40, 40], [1, 2], 20, 0.001, 1, False, False 1.1466569746809976 33.842745740923874 1.920683978800276 0.036065580440828755 0.6435316538160214 0.03647269168575716 
[1, 24, 48], [24, 15, 15], [1, 5, 5], [20, 20, 20], [0, 1, 2], 1, 0.001, 1, False, False 1.9904084908879465 71.07774458585179 6.448679393631843 0.042321630715033254 1.3582058218131832 0.24873673188598105 
[1, 24, 48], [24, 15, 15], [1, 5, 5], [30, 30, 30], [1, 2], 1, 0.001, 1, False, False 1.9963967632364346 71.0839024820199 6.457813089090354 0.04376139173393832 1.563957377249864 0.2562842548574269 
[1, 24, 48], [24, 5, 1], [1, 20, 20], [30, 30, 30], [1, 2], 1, 0.001, 1, False, False 1.8436629799298114 66.43580565720127 5.552159296743484 0.08026283607704986 3.344176713314141 0.47197120821306754 
[1, 24, 48], [24, 15, 1], [1, 20, 20], [40, 40, 40], [1, 2], 1, 0.001, 1, False, False 1.9223365165638153 66.90141629345892 5.83995810049893 0.0603960065478467 2.3537591795958046 0.3343227701121015 
[1, 24, 48], [24, 1, 1], [1, 5, 5], [20, 20, 20], [0, 1, 2], 10, 0.001, 1, False, False 1.1426361384387647 36.93223817129233 1.9611066353109026 0.11256631235070873 3.7987266082562403 0.4372500706466441 
[1, 24, 48], [24, 15, 15], [1, 10, 10], [20, 20, 20], [0, 1, 2], 20, 0.001, 1, False, False 1.0582752471686236 32.4524075342726 1.8017929724471602 0.012907587008917157 1.8178346003134804 0.12612219492242085 
[1, 24, 48], [24, 15, 10], [1, 5, 5], [30, 30, 30], [1, 2], 20, 0.001, 1, False, False 1.0987470784621245 33.01120663404921 1.9295884913493742 0.0623923665957915 0.8983237404558315 0.2060777224544458 
[1, 24, 48], [24, 15, 1], [1, 10, 10], [10, 10, 10], [0, 1, 2], 20, 0.001, 1, False, False 1.1188713315494914 33.49912452741332 1.942571702139124 0.1047216101814286 1.4719966635142803 0.23169406046482294 
[1, 24, 48], [24, 1, 1], [1, 20, 20], [40, 40, 40], [1, 2], 5, 0.001, 1, False, False 1.1389127977123412 37.12513662375934 2.0073595659139363 0.05054178914309058 2.7752892531204356 0.20286003055848556 
[1, 24, 48], [24, 5, 1], [1, 5, 5], [10, 10, 10], [0, 1, 2], 20, 0.001, 1, False, False 1.143676281337523 35.06312970665031 2.06427153226972 0.0668982210849392 1.1054618948283694 0.10820939218267593 
[1, 24, 48], [24, 15, 10], [1, 5, 5], [40, 40, 40], [1, 2], 1, 0.001, 1, False, False 2.004402214778518 71.01226024104803 6.405583312151511 0.009476660784483422 0.7714474843510699 0.15671980991662546 
[1, 24, 48], [24, 15, 1], [1, 5, 5], [10, 10, 10], [0, 1, 2], 5, 0.001, 1, False, False 1.2372127286503438 43.23638320185889 2.5548098093216014 0.055685293370506754 3.7624647094746897 0.3233402733131717 
[1, 24, 48], [24, 15, 15], [1, 5, 5], [10, 10, 10], [0, 1, 2], 1, 0.001, 1, False, False 2.0361835626747324 72.11989728847321 6.624821980444795 0.022570163862182614 0.813199084656085 0.16485410572424933 
[1, 24, 48], [24, 5, 1], [1, 20, 20], [30, 30, 30], [1, 2], 20, 0.001, 1, False, False 1.016296068880776 30.30400622793707 1.6742614799089222 0.024925738833278477 1.9042075607084017 0.1569198576239592 
[1, 24, 48], [24, 15, 1], [1, 10, 10], [20, 20, 20], [0, 1, 2], 5, 0.001, 1, False, False 1.3785958312865763 45.741337543932694 2.90490760237466 0.02613443400312272 0.8293175980904106 0.06924609904684177 
[1, 24, 48], [24, 10, 1], [1, 5, 5], [20, 20, 20], [0, 1, 2], 20, 0.001, 1, False, False 1.097983451494602 34.64267922252558 1.940399824593244 0.0375580440768559 1.3109634333193128 0.05826651178354214 
[1, 24, 48], [24, 10, 1], [1, 5, 5], [30, 30, 30], [1, 2], 5, 0.001, 1, False, False 1.476827840903705 51.23299439310258 3.545799700619225 0.24067216824976811 6.915736244069137 0.9550450171056992 
[1, 24, 48], [24, 10, 1], [1, 10, 10], [20, 20, 20], [0, 1, 2], 10, 0.001, 1, False, False 1.1799064303506857 37.76187562417007 2.166061790923953 0.16203604008907133 4.374771297413991 0.509924322450218 
[1, 24, 48], [24, 15, 1], [1, 5, 5], [10, 10, 10], [0, 1, 2], 10, 0.001, 1, False, False 1.2351034568346761 39.57636707797794 2.333881901659764 0.04893798404727263 1.6110592446064278 0.21613072807972933 
[1, 24, 48], [24, 15, 1], [1, 10, 10], [20, 20, 20], [0, 1, 2], 1, 0.001, 1, False, False 1.950336130777443 70.36521286808984 6.294569170843957 0.05865463136177983 1.76439975026579 0.3076695369116381 
[1, 24, 48], [24, 1, 1], [1, 5, 5], [40, 40, 40], [1, 2], 20, 0.001, 1, False, False 1.2427826849950683 36.09843346143422 2.272409690842704 0.05856510030824052 0.9795804334550615 0.22489048837609404 
[1, 24, 48], [24, 10, 1], [1, 10, 10], [10, 10, 10], [0, 1, 2], 5, 0.001, 1, False, False 1.2015119350101384 42.22872393959377 2.375159427420393 0.037856649992431914 2.097773354353545 0.1396323282189696 
[1, 24, 48], [24, 5, 1], [1, 20, 20], [40, 40, 40], [1, 2], 1, 0.001, 1, False, False 1.9130287454084114 68.39313809201259 5.9409113626969905 0.051692736446459504 1.2380269215502213 0.2866929012781513 
[1, 24, 48], [24, 15, 1], [1, 5, 5], [20, 20, 20], [0, 1, 2], 10, 0.001, 1, False, False 1.1527590241110712 36.726673934737995 1.9946851027309915 0.058940153138027966 1.7696112815416172 0.14848860797914804 
[1, 24, 48], [24, 5, 1], [1, 5, 5], [20, 20, 20], [0, 1, 2], 1, 0.001, 1, False, False 2.0404129887344666 71.65641734983508 6.578837848750545 0.054395506630994975 1.3067188687174256 0.24318156348902764 
[1, 24, 48], [24, 15, 1], [1, 5, 5], [20, 20, 20], [0, 1, 2], 20, 0.001, 1, False, False 1.2266464612412233 38.179981252147805 2.3236694530789994 0.04238130849052855 0.493137685939962 0.05568099176650592 
[1, 24, 48], [24, 10, 1], [1, 5, 5], [10, 10, 10], [0, 1, 2], 20, 0.001, 1, False, False 1.1406121156540596 34.987503804337656 2.008919870854296 0.04168021655541726 2.45429474500656 0.23244842374478972 
[1, 24, 48], [24, 15, 5], [1, 10, 10], [20, 20, 20], [0, 1, 2], 20, 0.001, 1, False, False 1.0297159802927462 30.432730987762124 1.696497942414587 0.11226118225293216 3.926530824586739 0.2824887823902281 
[1, 24, 48], [24, 15, 1], [1, 5, 5], [30, 30, 30], [1, 2], 20, 0.001, 1, False, False 1.1185228450275544 33.591356684363284 1.909721545609331 0.1022245714980314 3.406833289491466 0.32169527034188466 
[1, 24, 48], [24, 5, 1], [1, 10, 10], [20, 20, 20], [0, 1, 2], 20, 0.001, 1, False, False 1.1218473832640383 34.54874083684345 1.9687591775880868 0.033904730106026466 0.8976573115966108 0.07781003725652685 
[1, 24, 48], [24, 10, 1], [1, 20, 20], [30, 30, 30], [1, 2], 20, 0.001, 1, False, False 1.0520150723004782 31.210191816959647 1.7009235512742442 0.05253352132636595 0.6604947784089876 0.08039032680113706 
[1, 24, 48], [24, 15, 1], [1, 10, 10], [10, 10, 10], [0, 1, 2], 1, 0.001, 1, False, False 2.000633070417852 71.09567476194029 6.408181917605034 0.0860761778227896 2.3933789668490046 0.47408616662333913 
[1, 24, 48], [24, 10, 1], [1, 5, 5], [40, 40, 40], [1, 2], 10, 0.001, 1, False, False 1.16606486182039 37.298652733034594 2.019296171228342 0.05372064051166788 1.5134679251284813 0.20981026839538308 
[1, 24, 48], [24, 1, 1], [1, 20, 20], [30, 30, 30], [1, 2], 1, 0.001, 1, False, False 1.906591522169334 68.86196597786581 5.9897978587260745 0.05683979221058406 1.601372568030163 0.29505573936497664 
[1, 24, 48], [24, 5, 1], [1, 10, 10], [10, 10, 10], [0, 1, 2], 20, 0.001, 1, False, False 1.1392461340667472 35.05863530136609 2.0027125350989334 0.005806264836808887 0.49976080969684017 0.05364985530021922 
[1, 24, 48], [24, 15, 15], [1, 5, 5], [30, 30, 30], [1, 2], 5, 0.001, 1, False, False 1.6781627466350244 57.36875115281962 4.293654017645886 0.01866796728467156 1.977622837104623 0.24283932869623928 
[1, 24, 48], [24, 1, 1], [1, 5, 5], [30, 30, 30], [1, 2], 20, 0.001, 1, False, False 1.1860292368706453 36.21956353083282 2.072518994014374 0.04984815489964217 1.817060695509078 0.12001648507389412 
[1, 24, 48], [24, 10, 1], [1, 20, 20], [40, 40, 40], [1, 2], 20, 0.001, 1, False, False 1.037891425927066 30.599587977481747 1.6746256389638805 0.07393705100902949 2.4391122542304617 0.1898865218393547 
[1, 24, 48], [24, 15, 5], [1, 10, 10], [10, 10, 10], [0, 1, 2], 20, 0.001, 1, False, False 1.0493918660131318 32.346539053036814 1.8252191848164279 0.025067800353438204 1.20248462292379 0.08988736258336316 
[1, 24, 48], [24, 15, 1], [1, 5, 5], [40, 40, 40], [1, 2], 1, 0.001, 1, False, False 2.038055226544815 71.42064118276313 6.539771016814352 0.03283076900496881 0.7003009607769247 0.16111344424549548 
[1, 24, 48], [24, 15, 1], [1, 20, 20], [40, 40, 40], [1, 2], 5, 0.001, 1, False, False 1.1469557066792966 37.623383197760546 2.0311696623087623 0.07367241175897149 2.049548567186855 0.1997851452920008 
[1, 24, 48], [24, 10, 1], [1, 20, 20], [40, 40, 40], [1, 2], 1, 0.001, 1, False, False 1.9380120794392297 67.74293057601461 5.931693162916414 0.012939488138196615 1.4204988230199735 0.1946081139530782 
[1, 24, 48], [24, 15, 1], [1, 10, 10], [10, 10, 10], [0, 1, 2], 1, 0.001, 1, False, False 1.9908137816107934 70.60711818790631 6.3856074649400485 0.03618148623648852 1.476258679421277 0.20213694407232166 
[1, 24, 48], [24, 10, 1], [1, 5, 5], [20, 20, 20], [0, 1, 2], 1, 0.001, 1, False, False 1.9809286580524512 70.84643595914694 6.403649554786251 0.04844654988589406 1.9374854499600376 0.3149663495119229 
[1, 24, 48], [24, 1, 1], [1, 5, 5], [40, 40, 40], [1, 2], 1, 0.001, 1, False, False 2.0296693761936493 71.99557165038352 6.597996178808681 0.02217978270190999 0.9693126135706932 0.16576674166454838 
[1, 24, 48], [24, 15, 10], [1, 5, 5], [30, 30, 30], [1, 2], 1, 0.001, 1, False, False 1.994260277143783 70.9896739132933 6.4371891972877044 0.03779711600206569 1.3292448738105749 0.21372271977397078 
[1, 24, 48], [24, 15, 5], [1, 5, 5], [10, 10, 10], [0, 1, 2], 1, 0.001, 1, False, False 2.059758469007081 72.99894220768965 6.775114833739335 0.010947623646306807 0.38245280768126777 0.09098264151494767 
[1, 24, 48], [24, 5, 1], [1, 5, 5], [10, 10, 10], [0, 1, 2], 1, 0.001, 1, False, False 2.0381249948508207 71.56427290574591 6.564701199050194 0.01367333436263118 1.1348334923319192 0.17012774663646268 
[1, 24, 48], [24, 15, 15], [1, 10, 10], [10, 10, 10], [0, 1, 2], 20, 0.001, 1, False, False 1.0024304753152171 29.783134363366226 1.623147138579263 0.06728680106115625 2.018164119281719 0.1726259235313041 
[1, 24, 48], [24, 15, 10], [1, 20, 20], [30, 30, 30], [1, 2], 10, 0.001, 1, False, False 1.0474097356372685 30.583332768859773 1.7320612134103586 0.025649388498733175 1.1355726704396232 0.10608236898291566 
[1, 24, 48], [24, 15, 5], [1, 10, 10], [20, 20, 20], [0, 1, 2], 1, 0.001, 1, False, False 2.003642262946124 69.97003252409529 6.300179634863586 0.05934652903594074 1.693396411632904 0.3205172952549126 
[1, 24, 48], [24, 15, 15], [1, 5, 5], [20, 20, 20], [0, 1, 2], 5, 0.001, 1, False, False 1.2923064361809307 44.30959200732993 2.7132317610306225 0.19281593963454532 5.737239360018634 0.6526076734236604 
[1, 24, 48], [24, 15, 10], [1, 5, 5], [40, 40, 40], [1, 2], 5, 0.001, 1, False, False 1.5458415747413206 53.982894962760696 4.097666571151917 0.3706929280256914 13.70638806556983 1.9448513260381945 
[1, 24, 48], [24, 5, 1], [1, 20, 20], [40, 40, 40], [1, 2], 5, 0.001, 1, False, False 1.0839063114383156 34.03306730415088 1.7814708412279305 0.042395169013130694 1.4019638738462812 0.10731697550582134 
[1, 24, 48], [24, 15, 5], [1, 20, 20], [30, 30, 30], [1, 2], 20, 0.001, 1, False, False 1.038753937560789 29.859239981314257 1.6582204270867795 0.1111146720156987 2.7118966455312186 0.26638315436871857 
[1, 24, 48], [24, 1, 1], [1, 20, 20], [30, 30, 30], [1, 2], 5, 0.001, 1, False, False 1.198103059269488 38.845867806384945 2.238042240540175 0.11012321426352567 4.10093517762242 0.3423034110215561 
[1, 24, 48], [24, 15, 1], [1, 5, 5], [40, 40, 40], [1, 2], 20, 0.001, 1, False, False 1.1309571528841778 34.01302791582673 1.9719098876494565 0.09865785612288462 1.3467943876075446 0.15558792955696996 
[1, 24, 48], [24, 5, 1], [1, 5, 5], [30, 30, 30], [1, 2], 20, 0.001, 1, False, False 1.1369297965878138 35.68116835829189 2.0356501438714383 0.06120156926847351 1.9652694544639069 0.20980010416545505 
[1, 24, 48], [24, 15, 10], [1, 20, 20], [40, 40, 40], [1, 2], 20, 0.001, 1, False, False 1.041805454464284 30.49182917903551 1.6682529565207516 0.026726359111161967 1.2809077157364432 0.07429998564636556 
[1, 24, 48], [24, 15, 5], [1, 20, 20], [40, 40, 40], [1, 2], 1, 0.001, 1, False, False 1.9081513623120607 68.61220822500069 5.980828001508506 0.0770740852231413 2.868455349482498 0.49966838137020747 
[1, 24, 48], [24, 15, 15], [1, 20, 20], [40, 40, 40], [1, 2], 20, 0.001, 1, False, False 0.9918038092225929 29.485038667201138 1.6128238714030365 0.025488895163617905 0.09855382915895589 0.04881484695505249 
[1, 24, 48], [24, 15, 1], [1, 5, 5], [40, 40, 40], [1, 2], 5, 0.001, 1, False, False 1.630794235429278 55.68045417951043 4.153461157880989 0.09253130892547576 5.975063161686884 0.744308162340355 
[1, 24, 48], [24, 15, 1], [1, 5, 5], [30, 30, 30], [1, 2], 1, 0.001, 1, False, False 1.9752811787994924 70.4010582098632 6.322158425167164 0.06499121623236467 2.2067139047530224 0.3964135313626474 
[1, 24, 48], [24, 15, 1], [1, 20, 20], [30, 30, 30], [1, 2], 1, 0.001, 1, False, False 1.7511073954748335 63.312775005063315 5.077398860688036 0.06785951103331844 2.279519554084408 0.36678186941470897 
[1, 24, 48], [24, 1, 1], [1, 20, 20], [40, 40, 40], [1, 2], 10, 0.001, 1, False, False 1.148324650294941 34.35938699411025 1.9245177921946661 0.05653281766637995 1.5049866581955178 0.1373476263066129 
[1, 24, 48], [24, 15, 1], [1, 10, 10], [20, 20, 20], [0, 1, 2], 5, 0.001, 1, False, False 1.1620067141329251 39.50492457068202 2.138266182178354 0.010399325688157803 1.0359848946688657 0.08295875111585387 
[1, 24, 48], [24, 5, 1], [1, 5, 5], [20, 20, 20], [0, 1, 2], 5, 0.001, 1, False, False 1.4797758936537084 52.04159337393396 3.7003436067001396 0.3262425537189272 12.532653404308313 1.7009053115195911 
[1, 24, 48], [24, 15, 10], [1, 5, 5], [30, 30, 30], [1, 2], 5, 0.001, 1, False, False 1.2731809918768704 45.03343247356556 2.695551549815946 0.009043624583592947 2.820157228231706 0.19258963951069152 
[1, 24, 48], [24, 15, 1], [1, 10, 10], [10, 10, 10], [0, 1, 2], 5, 0.001, 1, False, False 1.2077501810328277 42.856924398492545 2.4697807383854826 0.16320094574133281 6.137790911663512 0.6549008455445694 
[1, 24, 48], [24, 10, 1], [1, 5, 5], [30, 30, 30], [1, 2], 10, 0.001, 1, False, False 1.1147503059322912 34.96602310706766 1.948641180263559 0.06492785143662977 1.5380062059626833 0.16063438962468415 
[1, 24, 48], [24, 15, 5], [1, 5, 5], [10, 10, 10], [0, 1, 2], 5, 0.001, 1, False, False 1.3949531417995413 47.658962230683265 3.2018106428905972 0.19210678752646107 7.2606395100214085 0.9210371972344495 
[1, 24, 48], [24, 15, 15], [1, 20, 20], [30, 30, 30], [1, 2], 20, 0.001, 1, False, False 0.9688341469883364 29.062715918425525 1.5391320761547744 0.054115168797764866 2.007561913609123 0.17550026480536313 
[1, 24, 48], [24, 15, 5], [1, 5, 5], [40, 40, 40], [1, 2], 20, 0.001, 1, False, False 1.1115510958177899 33.50005868967005 1.9140429933357679 0.039911133450258374 0.9438685761125195 0.1356594500080214 
[1, 24, 48], [24, 15, 1], [1, 10, 10], [20, 20, 20], [0, 1, 2], 10, 0.001, 1, False, False 1.1811046414974111 38.15049068019412 2.1658941066578827 0.05522937200380382 2.6781342223172926 0.20692174148752637 
[1, 24, 48], [24, 15, 1], [1, 5, 5], [10, 10, 10], [0, 1, 2], 10, 0.001, 1, False, False 1.2702880003799997 40.52250943964392 2.386513653318426 0.03733768820971795 0.4828960273230241 0.11431548877208783 
[1, 24, 48], [24, 15, 5], [1, 20, 20], [40, 40, 40], [1, 2], 5, 0.001, 1, False, False 1.0525009881498086 32.78167349884837 1.705423469068758 0.04570760035473309 1.2801896883803545 0.19734023919488317 
[1, 24, 48], [24, 15, 15], [1, 5, 5], [30, 30, 30], [1, 2], 10, 0.001, 1, False, False 1.13042395155256 36.40343278537205 1.9108237707380809 0.06886443914372098 0.28156352041543364 0.10050346096211565 
[1, 24, 48], [24, 10, 1], [1, 10, 10], [10, 10, 10], [0, 1, 2], 10, 0.001, 1, False, False 1.1363911293343538 35.11121377235984 2.0096940713593496 0.018791487289322256 0.914007606266209 0.06861732068696554 
[1, 24, 48], [24, 15, 5], [1, 20, 20], [30, 30, 30], [1, 2], 1, 0.001, 1, False, False 1.8157848103178873 65.2624435088747 5.472116135571675 0.08368024865317117 1.5419642223980705 0.31216450843713656 
[1, 24, 48], [24, 15, 15], [1, 20, 20], [40, 40, 40], [1, 2], 1, 0.001, 1, False, False 1.852927117291148 65.99036322237504 5.5719712733047375 0.07727739782659576 1.491761050686413 0.2773995401007022 
[1, 24, 48], [24, 15, 1], [1, 20, 20], [40, 40, 40], [1, 2], 10, 0.001, 1, False, False 1.0652543048995236 33.13251066695382 1.7950057103945198 0.06431760432912058 1.825433627085898 0.1894896700896395 
[1, 24, 48], [24, 15, 15], [1, 5, 5], [40, 40, 40], [1, 2], 20, 0.001, 1, False, False 1.0359244758314972 30.020256540618444 1.7077165780311183 0.045903639603977406 2.4081288509928527 0.18114633440726274 
[1, 24, 48], [24, 15, 1], [1, 20, 20], [30, 30, 30], [1, 2], 5, 0.001, 1, False, False 1.148616425217026 36.76466969431212 1.9670608505555058 0.02143535258594424 0.29523941249765995 0.08260332032205205 
[1, 24, 48], [24, 15, 10], [1, 5, 5], [40, 40, 40], [1, 2], 10, 0.001, 1, False, False 1.1868249247230036 37.89454232905016 2.2337373052736207 0.019277252883524 1.1262198413539877 0.0765402136144681 
[1, 24, 48], [24, 15, 5], [1, 5, 5], [30, 30, 30], [1, 2], 20, 0.001, 1, False, False 1.11151355308722 33.775254460573166 1.8738834474836292 0.05142720388340402 2.327579159433647 0.17791547328704563 
[1, 24, 48], [24, 15, 15], [1, 20, 20], [30, 30, 30], [1, 2], 1, 0.001, 1, False, False 1.827433896747728 66.493222801751 5.648550812171384 0.061677379606401184 2.3765303548853023 0.409115771871546 
[1, 24, 48], [24, 15, 5], [1, 5, 5], [40, 40, 40], [1, 2], 1, 0.001, 1, False, False 2.0144804801446967 71.03294361097254 6.432770372764199 0.04185884128660485 1.2974103596500273 0.2019201159851982 
[1, 24, 48], [24, 15, 15], [1, 20, 20], [40, 40, 40], [1, 2], 5, 0.001, 1, False, False 1.0727437255283196 34.86310081085159 1.81389874601518 0.05565013616358785 2.697803568962259 0.19162192731049468 
[1, 24, 48], [24, 15, 5], [1, 20, 20], [30, 30, 30], [1, 2], 5, 0.001, 1, False, False 1.146797736334028 37.19058117238172 2.0294117474080737 0.045054614397114785 0.30725820034680296 0.11737477379289112 
[1, 24, 48], [24, 10, 1], [1, 5, 5], [40, 40, 40], [1, 2], 20, 0.001, 1, False, False 1.185272147772075 36.03052605624651 2.1088594123053372 0.058114285077186634 2.116159809334339 0.20099028342176203 
[1, 24, 48], [24, 15, 5], [1, 20, 20], [40, 40, 40], [1, 2], 10, 0.001, 1, False, False 1.091562445392763 32.70163050649543 1.8072309080442652 0.025353537106565703 0.41391876056469085 0.029847915307240305 
[1, 24, 48], [24, 15, 10], [1, 20, 20], [30, 30, 30], [1, 2], 20, 0.001, 1, False, False 1.1005685125874285 32.58692928228727 1.8115895365943644 0.04140527952771324 1.4832572759066291 0.12194591055945721 
[1, 24, 48], [24, 15, 1], [1, 20, 20], [30, 30, 30], [1, 2], 10, 0.001, 1, False, False 1.0404047288000584 32.30192989834114 1.7752152106539671 0.10621137998812859 2.3431793153338036 0.27017076631167253 
[1, 24, 48], [24, 10, 1], [1, 10, 10], [20, 20, 20], [0, 1, 2], 20, 0.001, 1, False, False 1.108349340526318 32.88775166144517 1.8069956845909447 0.02953729789661126 1.8795021057255499 0.10782839491137287 
[1, 24, 48], [24, 15, 1], [1, 5, 5], [10, 10, 10], [0, 1, 2], 20, 0.001, 1, False, False 1.1762288694476917 35.30402079617057 2.1117292748969483 0.08172979827625877 2.9435261538305557 0.27244702205869187 
[1, 24, 48], [24, 15, 1], [1, 5, 5], [20, 20, 20], [0, 1, 2], 20, 0.001, 1, False, False 1.1024178308107095 33.69242318590624 1.9033804866804722 0.057555998862402466 1.9545782077260623 0.13115724540812548 
[1, 24, 48], [24, 15, 15], [1, 5, 5], [30, 30, 30], [1, 2], 20, 0.001, 1, False, False 1.13574788213742 33.61444447374685 1.9507631395707474 0.033331071528753864 1.290508677277523 0.04205644385777047 
[1, 24, 48], [24, 15, 1], [1, 20, 20], [40, 40, 40], [1, 2], 20, 0.001, 1, False, False 1.0743861140666047 32.31596425669804 1.7800693055125176 0.059677719678527585 2.074401692357153 0.17337384992879964 
