lags time_steps dense_nodes lstm_nodes processed scales                        epochs l2 learning_rate mean_mae mean_mape mean_mse                         std mae std_mape std_mse 
[1, 24], [24, 10], [1, 10], [20, 20], [0, 1], 1, 0.001, 1, False, True 1.0878221573135645 32.33650098918843 1.9527924939717247 0.09380434973933259 2.3961858597332983 0.31466216341762837 
[1, 24], [24, 20], [1, 10], [20, 20], [0, 1], 1, 0.001, 1, False, True 1.1513163203511525 32.40324642346162 2.159122514471163 0.057729081007889545 0.727733839759834 0.191555796957938 
[1, 24], [24, 15], [1, 10], [20, 20], [0, 1], 1, 0.001, 1, False, True 1.1720491291299737 34.64884335679502 2.098030653036073 0.08635463236616152 1.671940661689542 0.18258989943839818 
[1, 24], [24, 5], [1, 10], [20, 20], [0, 1], 1, 0.001, 1, False, True 1.1242392507623193 34.08051341137085 2.03309921275977 0.03265598258369312 0.5509900580683186 0.11822149559830145 
[1, 24], [24, 10], [1, 10], [30, 30], [0, 1], 1, 0.001, 1, False, True 1.1102595890423765 31.917172110591917 1.9511225345046157 0.05629859206318726 0.8745728178765023 0.14025495601357613 
[1, 24], [24, 5], [1, 10], [30, 30], [0, 1], 1, 0.001, 1, False, True 1.1090925339022997 31.618021560588232 1.8783911801915665 0.0788218924630553 2.3285768591359908 0.29695723574477906 
[1, 24], [24, 20], [1, 10], [30, 30], [0, 1], 1, 0.001, 1, False, True 1.1294659426522065 31.96934481752051 1.9655602045831086 0.09423346336022007 2.3337718652272392 0.31762449445838037 
[1, 24], [24, 10], [1, 5], [20, 20], [0, 1], 1, 0.001, 1, False, True 1.3039933294299302 39.35365529544105 2.452035287596896 0.2273331279192219 6.526894555787794 0.7143083885861572 
[1, 24], [24, 20], [1, 5], [20, 20], [0, 1], 1, 0.001, 1, False, True 1.1685504249779992 33.46332304176993 2.019019912306515 0.040045755264058784 1.9432964620181945 0.14060939636197486 
[1, 24], [24, 20], [1, 5], [30, 30], [0, 1], 1, 0.001, 1, False, True 1.161775120637483 31.21129394091714 1.902998196475039 0.15229057295282886 2.32074823528423 0.25325820758476064 
[1, 24], [24, 10], [1, 5], [30, 30], [0, 1], 1, 0.001, 1, False, True 1.0143120970094095 30.763251148987408 1.6270982333123334 0.08334856863154572 2.913500426701689 0.23588772908566802 
[1, 24], [24, 15], [1, 10], [30, 30], [0, 1], 1, 0.001, 1, False, True 1.2732680146099515 35.76922631764543 2.431416977656656 0.04179117408638624 0.7171220805197748 0.1893516476089786 
[1, 24], [24, 15], [1, 5], [30, 30], [0, 1], 1, 0.001, 1, False, True 1.273197348971196 36.7412108149488 2.311667024465829 0.13998688257664282 3.9600801337289617 0.28737799362872246 
[1, 24], [24, 5], [1, 5], [30, 30], [0, 1], 1, 0.001, 1, False, True 1.1606317951792369 34.49155584700855 2.0367267236934237 0.02748907579819503 0.284946216123386 0.05352524963021328 
[1, 24, 48], [24, 10, 5], [1, 10, 10], [20, 20, 20], [0, 1, 2], 1, 0.001, 1, False, True 1.254588847521141 37.91470963992145 2.4593170861804547 0.17033892588940525 6.106331397003327 0.6729553614433804 
[1, 24, 48], [24, 15, 5], [1, 10, 10], [30, 30, 30], [0, 1, 2], 1, 0.001, 1, False, True 1.2836645060598304 39.928776234451284 2.5807509245902853 0.027653584427787342 0.430258324607109 0.0933102742783176 
