lags time_steps dense_nodes lstm_nodes processed scales                        epochs l2 learning_rate mean_mae mean_mape mean_mse                         std mae std_mape std_mse 
[1, 24], [24, 5], [1, 10], [20, 20], [0, 1], 1, 0.001, 1, False, True 2.2239519583414897 148.14056006446015 6.477848309583518 0.5366236047878474 33.06420365378851 2.601985372140841 
[1, 24], [24, 5], [1, 10], [30, 30], [0, 1], 1, 0.001, 1, False, True 3.498686134254052 233.66136223791796 14.632281048343806 0.8171981855324346 60.8205293829112 6.319879638006464 
[1, 24], [24, 5], [1, 5], [20, 20], [0, 1], 1, 0.001, 1, False, True 2.0290113789232067 132.94252293462515 6.63614574326924 1.2457630896685326 88.39539964990985 6.570120034391357 
[1, 24], [24, 5], [1, 5], [30, 30], [0, 1], 1, 0.001, 1, False, True 2.241991649987176 146.02337925078814 7.884061569112916 0.8634847604656261 55.19899667695892 5.120904983372978 
[1, 24], [24, 10], [1, 5], [20, 20], [0, 1], 1, 0.001, 1, False, True 1.4876211732770404 93.79083124755869 3.1983844031430118 0.5406228827916332 33.24280770883201 2.247245182366356 
[1, 24], [24, 10], [1, 5], [30, 30], [0, 1], 1, 0.001, 1, False, True 1.415991096729367 86.67809627051106 3.062741321975364 0.49619991012254466 33.55389898451942 1.8632665425107457 
[1, 24], [24, 10], [1, 10], [20, 20], [0, 1], 1, 0.001, 1, False, True 1.56220164423705 101.23915228234041 4.276359922215104 0.8326353459581084 59.47683504559458 3.9393575325767434 
[1, 24], [24, 15], [1, 5], [30, 30], [0, 1], 1, 0.001, 1, False, True 2.375165078296818 155.2707554574085 8.657267305277733 1.2787873574196618 92.6251342199595 7.618125740336902 
[1, 24], [24, 15], [1, 10], [30, 30], [0, 1], 1, 0.001, 1, False, True 2.2483181930785245 154.904655161183 6.227457032209249 0.4518054756390237 33.037095082012016 2.170293983644874 
[1, 24], [24, 15], [1, 10], [20, 20], [0, 1], 1, 0.001, 1, False, True 2.3043248838201786 160.9603831711719 6.60879511634672 0.5460628158726891 35.95656700721076 2.5065988975933173 
[1, 24], [24, 15], [1, 5], [20, 20], [0, 1], 1, 0.001, 1, False, True 1.7035856858468226 102.29250516114551 4.263370696047812 0.6586654062010562 40.79462191810589 2.498580326210731 
[1, 24], [24, 20], [1, 5], [30, 30], [0, 1], 1, 0.001, 1, False, True 3.0383999706103673 191.32668155497035 14.632815863076383 1.3157225496010037 83.46402437809847 8.767993361663189 
[1, 24], [24, 20], [1, 5], [20, 20], [0, 1], 1, 0.001, 1, False, True 1.829556461616799 117.07169513046996 4.862501554268853 0.72640121218333 44.579930733670366 3.2378022738558028 
[1, 24], [24, 10], [1, 10], [30, 30], [0, 1], 1, 0.001, 1, False, True 1.8808694186896364 127.68610567024228 5.205035587869538 0.8699894292849027 61.70436398997108 4.3227527424568235 
[1, 24], [24, 20], [1, 10], [20, 20], [0, 1], 1, 0.001, 1, False, True 3.0069602649050977 207.51364734363537 12.149297878138166 1.2590274155578427 83.46476974618443 9.15846184557419 
[1, 24], [24, 20], [1, 10], [30, 30], [0, 1], 1, 0.001, 1, False, True 1.6928329426592599 113.1823418491105 3.955648315907387 0.4206318625140649 34.931027779671595 1.4213276467992109 
[1, 24], [24, 5], [1, 5], [20, 20], [1], 1, 0.001, 1, False, True 4.173703128415056 283.1692410465934 20.174213760698596 0.6158112919722545 41.21926485503462 6.029379739433558 
[1, 24], [24, 5], [1, 10], [30, 30], [1], 1, 0.001, 1, False, True 3.224317164587168 219.0945263399276 13.128639442623479 1.07296785853519 69.68699326494666 7.783487581465585 
[1, 24], [24, 10], [1, 10], [20, 20], [1], 1, 0.001, 1, False, True 4.992537065858401 336.9448003705899 32.5109021026096 2.1027287872820257 141.70343550342957 21.83761676443679 
[1, 24], [24, 15], [1, 5], [30, 30], [1], 1, 0.001, 1, False, True 5.8494992634729925 390.89083816479206 40.25645344530388 1.5648515027258176 107.13610452227925 19.161203259858805 
[1, 24], [24, 20], [1, 5], [20, 20], [1], 1, 0.001, 1, False, True 3.450889732141945 235.03468257691486 14.224711967395171 0.6463843344392858 45.65842643224264 5.276371518216251 
[1, 24], [24, 20], [1, 10], [30, 30], [1], 1, 0.001, 1, False, True 4.847756836811701 326.7107688456799 28.377068716905086 1.4502736433689403 96.94125235498358 13.452777533351728 
[1, 24], [24, 5], [1, 5], [30, 30], [1], 1, 0.001, 1, False, True 3.5491678362488046 236.81401356968186 17.14137628450864 1.517482772416447 104.96580880399758 13.56730587553067 
[1, 24], [24, 10], [1, 10], [30, 30], [1], 1, 0.001, 1, False, True 6.940009673122592 466.9599906944042 55.471637659913256 1.4905072344165784 97.80045796784795 19.942112277392187 
[1, 24], [24, 10], [1, 5], [20, 20], [1], 1, 0.001, 1, False, True 4.425937361892796 298.47217758299956 26.743573414197318 2.1100757731586492 141.41350663532458 22.665334602185926 
[1, 24, 48], [24, 5, 5], [1, 10, 10], [20, 20, 20], [1, 2], 1, 0.001, 1, False, True 13.173985489206045 881.6622776874145 205.75221761507385 2.8775993728149944 182.81337110136926 77.02552671448736 
[1, 24], [24, 15], [1, 10], [20, 20], [1], 1, 0.001, 1, False, True 6.792746479474698 454.7013699216846 50.45656123560958 0.7836871417203848 53.38360120524815 11.818158932944543 
[1, 24], [24, 20], [1, 5], [30, 30], [1], 1, 0.001, 1, False, True 2.8348021336378424 191.8269712732508 11.445679977448856 1.3971072542870122 92.07627884621296 8.405566358182297 
[1, 24, 48], [24, 5, 5], [1, 20, 20], [30, 30, 30], [1, 2], 1, 0.001, 1, False, True 14.746792255921497 989.7014707860047 246.67150868436377 2.3762936456679298 156.59975394261164 79.27995020851672 
[1, 24, 48], [24, 10, 5], [1, 20, 20], [20, 20, 20], [1, 2], 1, 0.001, 1, False, True 11.990214324142372 806.2986196467917 166.6578142443487 2.417285980530149 161.11752884358296 68.34722075874568 
[1, 24, 48], [24, 15, 5], [1, 10, 10], [30, 30, 30], [1, 2], 1, 0.001, 1, False, True 13.399037620204467 897.517397567995 201.98341590656526 1.9477284677646136 122.44967991457992 52.581178547463026 
[1, 24, 48], [24, 20, 20], [1, 10, 10], [20, 20, 20], [0, 1, 2], 1, 0.001, 1, False, True 7.169744912150352 485.6408051636113 62.51333017940641 1.0120880466884599 70.50163315973174 23.499958846462107 
[1, 24], [24, 5], [1, 10], [20, 20], [1], 1, 0.001, 1, False, True 6.271666964229749 422.5391431796197 44.59423876487133 1.3158473573228713 85.6580846079193 16.445362566550692 
[1, 24, 48], [24, 20, 20], [1, 20, 20], [30, 30, 30], [0, 1, 2], 1, 0.001, 1, False, True 6.2738317511596335 418.35554526388347 66.39563997715824 3.2889106885462134 222.8626474402392 65.84336050546587 
[1, 24, 48], [24, 20, 15], [1, 10, 10], [30, 30, 30], [0, 1, 2], 1, 0.001, 1, False, True 4.426589403503911 294.70237030962886 44.934618936282675 3.6685847595657237 249.97699717744376 54.47196440778314 
[1, 24, 48], [24, 20, 10], [1, 20, 20], [20, 20, 20], [0, 1, 2], 1, 0.001, 1, False, True 13.814954640454166 932.5337920811418 222.26592790687428 2.229913270820781 148.85225946600673 63.18843704537489 
[1, 24, 48], [24, 5, 5], [1, 10, 10], [20, 20, 20], [0, 1, 2], 1, 0.001, 1, False, True 7.178032586247126 491.77634057880977 72.24725069243615 2.2933463564980454 152.47766711585814 43.37973176577235 
[1, 24], [24, 10], [1, 5], [30, 30], [1], 1, 0.001, 1, False, True 3.3017422903411062 224.43078562869837 13.221087725887422 0.0688646691585668 5.620062478817193 0.8480706450465098 
[1, 24], [24, 15], [1, 5], [20, 20], [1], 1, 0.001, 1, False, True 3.4053073809430416 232.33821186159238 14.072807265181543 0.3858605484267109 22.939175514053353 2.7043852158072244 
[1, 24, 48], [24, 20, 5], [1, 20, 20], [30, 30, 30], [0, 1, 2], 1, 0.001, 1, False, True 10.23142126929446 686.392632477096 128.88790535983915 2.4833973596886634 166.78141816592026 54.5573656764537 
[1, 24], [24, 15], [1, 10], [30, 30], [1], 1, 0.001, 1, False, True 6.321807175998887 425.958080672962 51.98892081453929 2.6608535388156436 176.31027935695474 33.23113430499769 
[1, 24, 48], [24, 20, 5], [1, 10, 10], [20, 20, 20], [0, 1, 2], 1, 0.001, 1, False, True 8.580631103530889 574.3367472989694 99.99278596459347 2.5877238047833955 170.60216762816827 45.910025357963974 
[1, 24], [24, 20], [1, 10], [20, 20], [1], 1, 0.001, 1, False, True 5.64221009719358 380.115175705348 34.85613402431406 0.6229182241172976 39.78154298020084 7.2357939692982525 
[1, 24, 48], [24, 5, 5], [1, 20, 20], [30, 30, 30], [0, 1, 2], 1, 0.001, 1, False, True 8.819797468923584 608.9886009958103 99.32900492173275 1.4063165460868594 97.32180431926635 35.48628830959114 
[1, 24, 48], [24, 10, 5], [1, 20, 20], [20, 20, 20], [0, 1, 2], 1, 0.001, 1, False, True 9.061120129034306 608.6464014304864 108.03759477134425 3.1464698445977395 205.4027732121908 67.43494823557415 
[1, 24, 48], [24, 15, 5], [1, 10, 10], [30, 30, 30], [0, 1, 2], 1, 0.001, 1, False, True 7.574006524043056 512.4512816062901 81.26478101701636 2.388080207513173 164.3873272892692 46.08289218690079 
[1, 24, 48], [24, 5, 5], [1, 10, 10], [30, 30, 30], [1, 2], 1, 0.001, 1, False, True 16.549003204475675 1104.6263249449414 325.976852760021 4.0952038870850185 271.6837682860579 165.9979650672184 
[1, 24, 48], [24, 10, 5], [1, 10, 10], [20, 20, 20], [1, 2], 1, 0.001, 1, False, True 13.620870829618504 909.9272890809165 205.36941385975248 0.8685794452821458 54.45166969727094 25.827699465963548 
[1, 24, 48], [24, 15, 5], [1, 20, 20], [20, 20, 20], [1, 2], 1, 0.001, 1, False, True 14.889568926321552 995.1642543834741 245.291974736875 0.8078666252479396 56.862545408256054 29.446389861780794 
[1, 24, 48], [24, 10, 5], [1, 20, 20], [30, 30, 30], [1, 2], 1, 0.001, 1, False, True 14.367220862699602 960.7354306095655 243.29310827816548 2.954828999602947 203.35738138346406 94.32517376891848 
[1, 24, 48], [24, 20, 15], [1, 10, 10], [30, 30, 30], [1, 2], 1, 0.001, 1, False, True 11.364103146245773 763.8370111850272 191.0950141489135 6.289264882401265 415.56892505772345 182.13734604394273 
[1, 24, 48], [24, 20, 5], [1, 10, 10], [20, 20, 20], [1, 2], 1, 0.001, 1, False, True 14.094450378197214 929.360565565628 217.3155911072497 1.0370275728861955 71.7822496363833 33.868236231727955 
[1, 24, 48], [24, 20, 10], [1, 20, 20], [20, 20, 20], [1, 2], 1, 0.001, 1, False, True 18.376692820092043 1229.2241736720798 381.1545023367926 2.3213074101705073 156.24451971337845 90.76602028011156 
[1, 24, 48], [24, 20, 5], [1, 20, 20], [30, 30, 30], [1, 2], 1, 0.001, 1, False, True 15.345145361960212 1023.0531050164378 260.34869216558695 1.6008336589539771 101.4594986110817 52.780456881380594 
[1, 24, 48], [24, 20, 20], [1, 10, 10], [30, 30, 30], [0, 1, 2], 1, 0.001, 1, False, True 5.378628568501315 367.88495985469325 38.36210037687676 2.34647803651932 153.72140514674456 23.41808929153636 
[1, 24, 48], [24, 20, 15], [1, 20, 20], [20, 20, 20], [0, 1, 2], 1, 0.001, 1, False, True 11.55695058045633 777.9605365909684 156.80052965941425 0.9561413174044666 62.88476991306985 21.82070258866333 
[1, 24, 48], [24, 5, 5], [1, 10, 10], [20, 20, 20], [2], 1, 0.001, 1, False, True 10.196647499925975 679.3659368886766 137.01234809046386 4.820716794445695 314.25340110310634 87.26389821883616 
[1, 24, 48], [24, 5, 5], [1, 20, 20], [30, 30, 30], [2], 1, 0.001, 1, False, True 15.190713679424867 1007.9986816523766 259.65193652030524 2.8216908097392905 186.5723827878343 99.8045841736501 
[1, 24, 48], [24, 20, 20], [1, 10, 10], [20, 20, 20], [2], 1, 0.001, 1, False, True 8.449614642801937 565.7855993539914 84.00330812819963 2.3992035169880017 160.60486461197817 49.33280800018673 
[1, 24, 48], [24, 20, 15], [1, 10, 10], [30, 30, 30], [2], 1, 0.001, 1, False, True 11.593591503940386 772.7632997118948 169.14120645889224 4.860670677795245 314.0735458009515 135.69453203634916 
[1, 24, 48], [24, 20, 10], [1, 20, 20], [20, 20, 20], [2], 1, 0.001, 1, False, True 12.065258456656226 800.9228231302728 158.03916039352734 0.8824753047954775 55.672807323077 21.42538226763987 
[1, 24, 48], [24, 5, 5], [1, 10, 10], [30, 30, 30], [0, 1, 2], 1, 0.001, 1, False, True 7.627537887554651 514.8001782001537 69.52898105543177 0.4161900377966476 28.151674743926932 11.809444635558947 
[1, 24, 48], [24, 5, 5], [1, 20, 20], [20, 20, 20], [1, 2], 1, 0.001, 1, False, True 16.174679652870534 1077.7145357733996 288.89052937735147 0.9750684602957006 62.54481664685599 35.46559952563266 
[1, 24, 48], [24, 20, 10], [1, 20, 20], [30, 30, 30], [0, 1, 2], 1, 0.001, 1, False, True 8.316238392315617 563.6787805223624 97.74878223560192 2.4382068400902877 175.7951857203445 48.097270534696385 
[1, 24, 48], [24, 10, 5], [1, 10, 10], [30, 30, 30], [1, 2], 1, 0.001, 1, False, True 13.112748226995961 872.5374458209754 196.5922633793457 2.3125124079986725 157.33318811665285 66.6223567265381 
[1, 24, 48], [24, 20, 10], [1, 10, 10], [20, 20, 20], [0, 1, 2], 1, 0.001, 1, False, True 7.728670033005376 518.4776690764818 72.5647105190085 0.7708855757743779 47.54765591871837 8.381500540639355 
[1, 24, 48], [24, 20, 15], [1, 20, 20], [20, 20, 20], [1, 2], 1, 0.001, 1, False, True 10.449922568668372 702.5672931989499 153.4810782135794 5.513263669507638 363.22167346243106 112.02318433785572 
[1, 24, 48], [24, 20, 5], [1, 10, 10], [30, 30, 30], [0, 1, 2], 1, 0.001, 1, False, True 5.41989317906005 361.9657060467839 38.32369439011917 1.0488812473039373 73.52994980249474 15.576567755505682 
[1, 24, 48], [24, 20, 10], [1, 10, 10], [20, 20, 20], [1, 2], 1, 0.001, 1, False, True 12.217179424477811 819.850152993873 167.69077505778296 1.3711621221216967 90.7383093438356 37.692515949715755 
[1, 24, 48], [24, 15, 5], [1, 20, 20], [30, 30, 30], [1, 2], 1, 0.001, 1, False, True 13.740859010684545 919.3997039090506 216.38647759674714 2.233704380575422 155.5162407394795 73.95965744917069 
[1, 24, 48], [24, 20, 10], [1, 20, 20], [30, 30, 30], [1, 2], 1, 0.001, 1, False, True 15.082711208825586 1007.420671557571 249.0759204201074 0.6448033453960224 39.55047795321422 18.758669253352732 
[1, 24, 48], [24, 20, 5], [1, 10, 10], [30, 30, 30], [1, 2], 1, 0.001, 1, False, True 13.186495974280492 875.6592955484939 207.02287332614324 3.8374414126281944 258.2885540802695 100.94236891542339 
[1, 24, 48], [24, 15, 5], [1, 10, 10], [20, 20, 20], [1, 2], 1, 0.001, 1, False, True 10.274293075315656 690.321423692234 127.60388711775437 3.1083831283968477 200.86416061012218 72.85437504622854 
[1, 24, 48], [24, 10, 5], [1, 10, 10], [20, 20, 20], [0, 1, 2], 1, 0.001, 1, False, True 9.381006443481546 630.3606173876499 109.9552754545673 1.6265712143741127 96.01951995874485 37.26332306279054 
[1, 24, 48], [24, 20, 20], [1, 10, 10], [20, 20, 20], [1, 2], 1, 0.001, 1, False, True 7.487515095059106 501.64233564883074 90.89171084609734 5.210103123902217 342.0917536253767 96.01582926981847 
[1, 24, 48], [24, 20, 20], [1, 20, 20], [30, 30, 30], [1, 2], 1, 0.001, 1, False, True 10.777287444172222 717.8741649712427 143.87094926832015 2.351736549921375 155.45533570160728 56.76673065950857 
[1, 24, 48], [24, 5, 5], [1, 10, 10], [30, 30, 30], [2], 1, 0.001, 1, False, True 10.826778335807225 721.3467982094797 140.33039054893027 3.408616111754389 221.63025229324745 70.30380615410787 
[1, 24, 48], [24, 20, 20], [1, 10, 10], [30, 30, 30], [2], 1, 0.001, 1, False, True 14.528403633332777 964.4567164750946 240.90808757882414 3.4588454154561368 226.50552882197144 99.62097424412576 
[1, 24, 48], [24, 20, 10], [1, 10, 10], [20, 20, 20], [2], 1, 0.001, 1, False, True 12.8373072199282 849.8335718030835 178.35516313167156 1.0835857091677819 71.3589022665605 29.67212353852828 
[1, 24, 48], [24, 20, 15], [1, 20, 20], [20, 20, 20], [2], 1, 0.001, 1, False, True 13.033855716960025 861.3269096949981 184.23576879435134 1.6100449943444497 108.12477569523617 44.123410811596145 
[1, 24, 48], [24, 20, 10], [1, 20, 20], [30, 30, 30], [2], 1, 0.001, 1, False, True 13.338939853681735 880.7127256561492 191.714452061181 1.5305082512769328 94.92958573401167 39.23447179089886 
[1, 24, 48], [24, 20, 20], [1, 20, 20], [30, 30, 30], [2], 1, 0.001, 1, False, True 15.856650311506735 1041.928536815726 269.53620509297997 1.7189051945320188 115.13834946189876 57.32613020002611 
[1, 24, 48], [24, 15, 5], [1, 20, 20], [20, 20, 20], [0, 1, 2], 1, 0.001, 1, False, True 9.108221660163771 617.2044224153118 103.95687078265804 0.9900858136592025 62.088442742008226 18.794656615909435 
[1, 24, 48], [24, 10, 5], [1, 20, 20], [30, 30, 30], [0, 1, 2], 1, 0.001, 1, False, True 10.373060767363793 698.1148782594543 130.0349565919134 0.5920038536842134 39.701960947323556 18.484790973182974 
[1, 24, 48], [24, 5, 5], [1, 20, 20], [20, 20, 20], [2], 1, 0.001, 1, False, True 12.538442157377936 831.1114339181528 170.13784622916833 1.014787039756985 65.9221656711179 28.324973144229794 
[1, 24, 48], [24, 20, 20], [1, 20, 20], [20, 20, 20], [0, 1, 2], 1, 0.001, 1, False, True 8.55510802927289 571.6723586054147 105.99097431051443 3.8591152516488068 254.892321828607 84.44532055109876 
[1, 24, 48], [24, 20, 20], [1, 20, 20], [20, 20, 20], [2], 1, 0.001, 1, False, True 13.3588347695285 881.8830924282283 191.5010168165483 1.188845797445605 75.03352973478835 31.843706243418456 
[1, 24, 48], [24, 20, 10], [1, 10, 10], [30, 30, 30], [2], 1, 0.001, 1, False, True 8.876931478510636 595.2990726173942 108.2167428624514 4.119383754283925 274.6355244476583 69.10967781213303 
[1, 24, 48], [24, 20, 15], [1, 20, 20], [30, 30, 30], [1, 2], 1, 0.001, 1, False, True 17.82615051109482 1186.0940277139623 357.3574453728323 2.338616088870155 150.424682476094 86.74405717286575 
[1, 24, 48], [24, 20, 15], [1, 10, 10], [20, 20, 20], [2], 1, 0.001, 1, False, True 9.149597973097116 604.7865510100675 94.43428533384174 2.436764288527338 150.0061483201633 48.06024726548049 
[1, 24, 48], [24, 20, 15], [1, 20, 20], [30, 30, 30], [2], 1, 0.001, 1, False, True 15.07884296334728 996.7499113727076 244.14780389930934 0.6982752491056163 47.17630903437012 23.418173530319404 
[1, 24, 48], [24, 20, 5], [1, 20, 20], [20, 20, 20], [1, 2], 1, 0.001, 1, False, True 13.540718078834042 909.2544060943789 205.02765564706718 1.6246136186730742 103.41733789902317 44.25875822630186 
[1, 24, 48], [24, 20, 15], [1, 10, 10], [20, 20, 20], [1, 2], 1, 0.001, 1, False, True 12.244691632229284 825.5272322104715 172.0249967146921 1.110974022881181 66.91180907065983 26.35910214497522 
[1, 24, 48], [24, 20, 15], [1, 20, 20], [30, 30, 30], [0, 1, 2], 1, 0.001, 1, False, True 6.660984729486517 453.71129941835903 57.48502857449332 1.1905215015075399 72.68614350783324 15.101233724693842 
[1, 24, 48], [24, 20, 10], [1, 10, 10], [30, 30, 30], [1, 2], 1, 0.001, 1, False, True 9.220314578125599 622.1893829071099 124.9753709895313 4.806393999753666 319.7166168182443 108.34824660343709 
[1, 24, 48], [24, 20, 20], [1, 10, 10], [30, 30, 30], [1, 2], 1, 0.001, 1, False, True 8.76561640603468 583.5183749946679 92.36872816424408 2.9351857517141546 195.07835022664304 57.15889731916334 
[1, 24, 48], [24, 20, 15], [1, 10, 10], [20, 20, 20], [0, 1, 2], 1, 0.001, 1, False, True 7.749350383648804 521.6584009698029 79.10870236557972 1.6974934836781277 119.46440447125954 38.58745803501035 
[1, 24, 48], [24, 20, 10], [1, 10, 10], [30, 30, 30], [0, 1, 2], 1, 0.001, 1, False, True 7.939127265772334 528.8150675763699 73.54248715243055 0.909463169909541 62.29574489271741 14.53028057690405 
[1, 24, 48], [24, 5, 5], [1, 20, 20], [20, 20, 20], [0, 1, 2], 1, 0.001, 1, False, True 10.477862621769008 710.3900875516262 138.20617610945294 1.9501861677601702 128.00588895547455 43.76888462453801 
[1, 24, 48], [24, 20, 5], [1, 20, 20], [20, 20, 20], [0, 1, 2], 1, 0.001, 1, False, True 11.195519791895316 752.3339092213085 153.477439617878 1.98152811987986 126.20977437343409 43.56237058857608 
[1, 24, 48], [24, 10, 5], [1, 10, 10], [30, 30, 30], [0, 1, 2], 1, 0.001, 1, False, True 4.255811663112103 291.51851579974095 28.150155843881787 1.388746482966897 87.83165041237393 16.632358003172534 
[1, 24, 48], [24, 20, 20], [1, 20, 20], [20, 20, 20], [1, 2], 1, 0.001, 1, False, True 14.330585576069575 954.5159090865022 226.2281484150378 0.4325575300892394 27.602343388963565 12.83022262160059 
[1, 24, 48], [24, 15, 5], [1, 10, 10], [20, 20, 20], [0, 1, 2], 1, 0.001, 1, False, True 9.957793263173492 675.338972078047 122.79037609522878 2.4541403093668785 161.8618236370206 50.43802196747642 
[1, 24, 48], [24, 15, 5], [1, 20, 20], [30, 30, 30], [0, 1, 2], 1, 0.001, 1, False, True 10.722947637942035 733.8311182813424 145.69641392501867 1.974875608585077 122.68311730286986 43.70495573896325 
