lags time_steps dense_nodes lstm_nodes processed scales                        epochs l2 learning_rate mean_mae mean_mape mean_mse                         std mae std_mape std_mse 
[1, 12, 24, 48], [24, 5, 5, 5], [1, 5, 5, 5], [5, 5, 5, 5], [0, 1, 2, 3], 1, 0.001, 512, False, True 12.213065533985972 80.31974547943129 187.59772962319192 5.660162817275273 39.341844087140444 178.208123086579 
[1, 12, 24, 48], [24, 5, 5, 5], [1, 5, 5, 5], [5, 5, 5, 5], [0, 1, 2, 3], 5, 0.001, 512, False, True 8.680621481615153 55.726042420465106 82.2117273276301 0.6550897844475523 4.535185541707771 11.54544052886857 
[1, 12, 24, 48], [24, 5, 5, 5], [1, 5, 5, 5], [10, 10, 10, 10], [0, 1, 2, 3], 1, 0.001, 512, False, True 8.02958639476476 51.224472151541065 70.85213250904368 0.07962005749762484 0.5000865809507974 1.384012590398132 
[1, 12, 24, 48], [24, 5, 5, 5], [1, 5, 5, 5], [10, 10, 10, 10], [0, 1, 2, 3], 5, 0.001, 512, False, True 8.370781316683594 53.55500304600274 76.65213956326667 0.3447456402075149 2.39337443810889 5.837168300983693 
[1, 12, 24, 48], [24, 5, 5, 5], [1, 10, 10, 10], [5, 5, 5, 5], [0, 1, 2, 3], 1, 0.001, 512, False, True 14.174291771522515 93.92035329251726 216.24970650860368 2.973556281505134 20.685066831244054 77.25357004811642 
[1, 12, 24, 48], [24, 5, 5, 5], [1, 10, 10, 10], [5, 5, 5, 5], [0, 1, 2, 3], 5, 0.001, 512, False, True 8.759432790557682 56.25339719143727 83.87302450862373 0.8187954326128473 5.69530058351758 15.270993654105574 
[1, 12, 24, 48], [24, 5, 5, 5], [1, 10, 10, 10], [10, 10, 10, 10], [0, 1, 2, 3], 1, 0.001, 512, False, True 9.731554707251213 63.078610605458586 104.1084959271274 1.7499032439825897 12.10394908587653 35.21247314293757 
[1, 12, 24, 48], [24, 5, 5, 5], [1, 10, 10, 10], [10, 10, 10, 10], [0, 1, 2, 3], 5, 0.001, 512, False, True 8.267582746596663 52.844988302597315 74.92670572669218 0.3563104324399962 2.470094907973558 6.0958610703945615 
[1, 12, 24, 48], [24, 10, 5, 5], [1, 5, 5, 5], [5, 5, 5, 5], [0, 1, 2, 3], 1, 0.001, 512, False, True 7.0472200633616495 45.24637319786049 56.71406063965463 1.3762056346425549 8.293700008282041 18.906944648589498 
[1, 12, 24, 48], [24, 10, 5, 5], [1, 5, 5, 5], [5, 5, 5, 5], [0, 1, 2, 3], 5, 0.001, 512, False, True 8.479479513415722 54.30790024820725 78.55858083142859 0.4322459777987365 3.0045039851427107 7.41832533937813 
