layers lag time_steps epochs l2 learning_rate mean_mae                         mean_mape mean_mse std mae std_mape std_mse 
[15], 24, 1, 1, 0.001, 0.05, 1, False 1.8397452393046547 53.69938494618768 5.396146223751036 0.22444594464285936 5.1882220502812455 1.368229411005499 
[15], 36, 1, 1, 0.001, 0.05, 1, False 2.1097458797403505 65.1922185254569 6.958112923290038 0.2610195250158794 7.436705323584638 1.9504971778454645 
[10], 1, 1, 1, 0.001, 0.05, 1, False 3.3213116440473605 79.23769003907198 14.775754469855043 0.16650578454967285 0.9115139234123765 1.0503532480387863 
[10], 12, 1, 1, 0.001, 0.05, 1, False 2.804005428088001 81.91357856627552 11.593036283460153 0.2188876049494371 3.083214569843395 1.8946125406059404 
[10], 24, 1, 1, 0.001, 0.05, 1, False 2.2766922500398423 65.02388546708323 8.560356481324451 0.7116561302639514 13.046169450948634 5.041385101886191 
[15], 1, 1, 1, 0.001, 0.05, 1, False 3.805764333619218 76.81996330456788 18.24982057279654 0.1948520036718952 1.3470877959158762 1.5623611939759854 
[15], 12, 1, 1, 0.001, 0.05, 1, False 3.4007160839950235 81.18278697275451 17.162561909259093 0.4024863878276977 2.658825184456888 3.6688739685711007 
[10], 36, 1, 1, 0.001, 0.05, 1, False 1.8274046124338552 56.968776633161774 5.535968487319376 0.04889176946096382 2.2146369222473288 0.24392518145578213 
[5], 1, 1, 1, 0.001, 0.05, 1, False 3.4846692182011556 77.99590412309679 16.186765974878387 0.5220634301623084 3.2439760130824964 3.9562099257652523 
[5], 36, 1, 1, 0.001, 0.05, 1, False 2.0746269266569506 60.753201721651955 6.231483794119448 0.07204485582168137 5.760853841709342 0.6808893420026616 
[5], 24, 1, 1, 0.001, 0.05, 1, False 2.5293802293897087 71.70128536337994 9.881260492527597 0.5708580746596176 15.263846336423777 3.6621545493726804 
[20], 12, 1, 1, 0.001, 0.05, 1, False 3.321334884606552 84.35671192209529 15.796237643276184 0.2264362584726282 0.5321163541099214 1.5969957498687843 
[20], 1, 1, 1, 0.001, 0.05, 1, False 3.7967190915201274 75.88653449518529 18.08727325156759 0.12753740210728887 0.924608885454386 1.0777865879220636 
[20], 24, 1, 1, 0.001, 0.05, 1, False 2.5791431257501247 67.60237804676439 9.430094105173772 0.08216682423618603 1.808000020019955 0.6294900285073438 
[5], 12, 1, 1, 0.001, 0.05, 1, False 3.5825643991917815 79.12703739595334 17.00554534744323 0.5491710620884384 5.2336433619640435 4.403878616315858 
[20], 36, 1, 1, 0.001, 0.05, 1, False 2.215197958435035 58.65484100242614 7.125252823570162 0.22592697043359472 8.539737321713657 1.4178875253156051 
[15], 36, 15, 5, 0.001, 0.05, 1, False 1.2292431443688214 39.75790729551008 2.2920069845885593 0.014126002981853417 1.3941600312622602 0.12439691560118349 
[15], 24, 1, 5, 0.001, 0.05, 1, False 1.6479462916410907 46.98242503378066 4.254729228676687 0.29060445575475297 6.1578735344985684 1.440255387982204 
[15], 36, 1, 5, 0.001, 0.05, 1, False 2.072133933894198 57.782565399523385 6.547188576099802 0.6577302514537758 15.34583774108007 3.5442852169776846 
[15], 24, 15, 5, 0.001, 0.05, 1, False 1.398504645815464 45.8022237236277 2.883409465497858 0.08465911234721636 2.716023822856492 0.3058201868407754 
[15], 12, 15, 5, 0.001, 0.05, 1, False 1.7808954609523493 61.70349871028941 4.945675145289322 0.2219568983868521 3.9564902004645024 0.8766726646732103 
[20], 12, 1, 5, 0.001, 0.05, 1, False 2.9178235767167746 76.89893076654896 11.75170453770721 0.18286205343001213 2.7710045564756536 1.257780705200282 
[15], 1, 1, 5, 0.001, 0.05, 1, False 3.38347462844276 79.14236576893796 15.171979596329054 0.2789335394410348 0.47598830275321974 1.8894248381511511 
[10], 36, 1, 5, 0.001, 0.05, 1, False 1.772678752015862 48.52423355857628 4.719573732494061 0.2178835632595694 4.407500076795925 0.9582863197087487 
[20], 1, 1, 5, 0.001, 0.05, 1, False 2.9226780529806597 80.76825302692225 12.123357018582624 0.26734649740448757 1.2313308647270937 1.8173148281642064 
[10], 1, 1, 5, 0.001, 0.05, 1, False 3.104454917931515 79.33451226627714 13.302454434067185 0.11466090417899265 0.5507671123335255 0.8272833056473542 
[15], 12, 1, 5, 0.001, 0.05, 1, False 3.3781932185084944 77.29765206393716 15.966581386385364 0.16371923916328127 4.9989744762060475 1.2437462847650211 
[20], 24, 1, 5, 0.001, 0.05, 1, False 1.6003070603435237 46.72801819408804 4.271176946063588 0.17371633159270244 3.5849832331557403 1.0072723861825477 
[20], 24, 15, 5, 0.001, 0.05, 1, False 1.2631893791465296 41.53273973713829 2.4600672727700865 0.01443148400862387 1.3691716241873237 0.16268663164153283 
[30], 12, 1, 1, 0.001, 0.05, 1, False 3.240906921330046 79.27350532166088 15.121341945715159 0.2645670037209777 1.902051585067008 2.891269189557352 
[30], 1, 1, 1, 0.001, 0.05, 1, False 3.559262754673276 77.64643165473909 16.286323892485754 0.10884607635034452 0.4221082603575173 0.6879002985216404 
[15], 24, 5, 10, 0.001, 0.05, 1, False 1.2326152949766431 38.81414645965348 2.5279072471654582 0.065000046457928 1.8647000400945077 0.2643755239110773 
[5], 1, 1, 5, 0.001, 0.05, 1, False 3.5886580968827553 74.91390845553899 16.416801391684242 0.32636396759422875 2.6127040640848467 2.5140556025773697 
[15], 1, 15, 5, 0.001, 0.05, 1, False 2.38167375917374 74.16763892027315 8.287752567638515 0.07973002031238331 1.1637502789798626 0.49789228403360275 
[10], 36, 15, 5, 0.001, 0.05, 1, False 1.2059880209776261 38.19274840055082 2.1966605532924963 0.05588704893786655 1.2621107666132345 0.19045816195372384 
[10], 24, 15, 5, 0.001, 0.05, 1, False 1.2445743171153243 43.29000760561872 2.5059184980508498 0.05622650775827977 1.144882680250783 0.09565466839556312 
[15], 36, 5, 10, 0.001, 0.05, 1, False 1.1705357790993594 36.34228186034448 2.234293488510715 0.06054597501805447 2.479332403815776 0.28283010557059723 
[5], 36, 15, 5, 0.001, 0.05, 1, False 1.4102507089402663 46.73367794925284 3.0102594182428892 0.12913480607952868 4.882737211705515 0.5096182077782303 
[10], 12, 1, 5, 0.001, 0.05, 1, False 3.2475040183678545 82.54785354830507 14.581501993100174 0.3622950961042611 8.935412431037744 3.385902723432614 
[15], 24, 10, 1, 0.001, 0.05, 1, False 1.581533621037724 52.38365278038011 3.7103853853756394 0.1269728099851859 5.037649739035933 0.6348175384094049 
[5], 24, 1, 5, 0.001, 0.05, 1, False 1.8822964590508497 54.959363769895646 5.7309322432214325 0.16577990412636515 5.197320651401798 1.0482620214999034 
[20], 1, 5, 10, 0.001, 0.05, 1, False 1.981953729392478 71.33827068685123 6.4356931856771284 0.043738383944771586 0.5723539372284515 0.20187545659905032 
[10], 24, 1, 5, 0.001, 0.05, 1, False 2.074533801253333 53.833814702008 6.472749560007068 0.47134519132256697 6.631377237836354 2.3365668522806557 
[5], 36, 1, 5, 0.001, 0.05, 1, False 1.56942516412517 47.37581933714488 3.635041288481631 0.1301873933725728 1.7012682123634806 0.36225796275071875 
[15], 1, 5, 10, 0.001, 0.05, 1, False 2.069536157987184 72.43762810999534 6.8766184172325 0.08842279613013528 1.4326628823069987 0.5810365974992965 
[10], 1, 15, 5, 0.001, 0.05, 1, False 2.34700763878516 75.57536577309999 8.024330387756608 0.03418005189514191 1.4239541279461454 0.18346811544149283 
[20], 24, 5, 10, 0.001, 0.05, 1, False 1.2341005596090797 39.31638233935615 2.5325049703709994 0.05564940534030194 1.9087598273922781 0.18322873290951605 
[15], 36, 10, 1, 0.001, 0.05, 1, False 1.4764246162648 46.750032256098734 3.0901684404609067 0.13965492899106008 6.270324505712607 0.5538911954113317 
[5], 12, 1, 5, 0.001, 0.05, 1, False 3.7621614844615885 95.62705581538972 22.44093293085845 0.9518758344490904 17.885808305827382 11.38896067912582 
[10], 12, 15, 5, 0.001, 0.05, 1, False 2.0385056373283823 66.44051799833933 5.9137932122592884 0.04781416522915961 0.5412789073781358 0.17971944571034837 
[10], 36, 5, 10, 0.001, 0.05, 1, False 1.21621392413077 38.43644981469947 2.4321576661236963 0.06440226231603058 1.629960012071738 0.24685252266969718 
[20], 36, 1, 5, 0.001, 0.05, 1, False 1.5619252022597248 45.02458154122841 3.9667900086483496 0.23184052798301366 3.6104608457255027 0.9881669867091816 
[15], 12, 5, 10, 0.001, 0.05, 1, False 2.0697824382878567 72.62456308557455 7.213329510161574 0.1586612561317099 4.788839168594534 0.9993963663455601 
[5], 24, 15, 5, 0.001, 0.05, 1, False 1.3637167561868277 44.96709314312119 2.8495048012239153 0.1417503588077309 6.034563211431956 0.528241472981945 
[5], 1, 15, 5, 0.001, 0.05, 1, False 2.3387888074956007 76.68621650826758 8.036070095008979 0.06175567269551656 0.9118631207364296 0.3346611393871102 
[20], 1, 10, 1, 0.001, 0.05, 1, False 2.34608880729518 74.8991312885074 7.848599410229467 0.018996051898346154 0.30389071173474863 0.09609127021336662 
[10], 24, 5, 10, 0.001, 0.05, 1, False 1.3283585851494637 41.1386943841002 2.9203627691425127 0.287399950034624 5.573017474251016 1.058385993616242 
[20], 1, 15, 5, 0.001, 0.05, 1, False 2.3237227106018477 72.59054356382548 7.806425058537223 0.042290361468255995 1.2130212166818402 0.2663197277967937 
[30], 12, 1, 5, 0.001, 0.05, 1, False 2.8732928878265533 78.03495872147217 11.622055420442711 0.21757836241080605 1.8086406931296657 1.5189986426082995 
[15], 1, 10, 1, 0.001, 0.05, 1, False 2.4204033706544172 75.70422674274938 8.32413166576373 0.09822130694669776 0.936456408603301 0.5222636748039563 
[30], 1, 1, 5, 0.001, 0.05, 1, False 2.528254417202401 78.70010761819906 9.606464861174848 0.04577998831561821 1.581266386314071 0.27057499966036636 
[20], 24, 10, 1, 0.001, 0.05, 1, False 1.5567448142398563 51.92072808076255 3.585945979562513 0.17003651488273075 5.5034592539707745 0.6905838641063595 
[30], 1, 15, 5, 0.001, 0.05, 1, False 2.27662969617587 71.30579951107201 7.430333951675476 0.03624691532470653 0.5582068605206032 0.25151424040156883 
[30], 12, 15, 5, 0.001, 0.05, 1, False 1.5151457444523222 51.85987430656692 3.508725699873747 0.10134426733659081 2.1959809665885053 0.3351126003212967 
[5], 1, 5, 10, 0.001, 0.05, 1, False 2.3723004275346518 75.31130125337732 8.260905151513105 0.2183759502652395 2.712804226550296 1.1872723373424867 
[10], 36, 10, 1, 0.001, 0.05, 1, False 1.4322800090881411 50.6025581223934 3.38612344545713 0.18971412115450975 4.637695768618973 0.5841329259005931 
[20], 12, 15, 5, 0.001, 0.05, 1, False 1.9679559710056143 64.71172948460303 5.630343115658209 0.19956307169694376 4.005917342292662 0.8289247539552649 
[15], 24, 1, 10, 0.001, 0.05, 1, False 1.2465006306698474 38.896335793858135 2.4952440550758177 0.021872547630570477 1.1063817185632394 0.10093846616092894 
[10], 1, 5, 10, 0.001, 0.05, 1, False 2.2767804643001273 74.99035497297119 7.973063203050458 0.23239943146375414 2.9519427321853375 1.2545980473781644 
[15], 12, 10, 1, 0.001, 0.05, 1, False 2.280608194004055 75.70705349615122 7.963203651747676 0.13938118072442987 1.7019355449842613 0.824224640287083 
[15], 36, 1, 10, 0.001, 0.05, 1, False 1.8448219282932026 48.92833561534567 4.90005753534216 0.207322973691532 5.044162971473079 0.9879994758371239 
[30], 24, 1, 1, 0.001, 0.05, 1, False 2.1568010907490844 59.00713065079167 7.4658484805985275 0.2270065751658792 4.223515280268247 1.7175665298417604 
[10], 24, 10, 1, 0.001, 0.05, 1, False 1.7467349963607612 59.35392464259383 4.638971356698 0.1366048702446037 3.958145508284088 0.7271181386540441 
[20], 36, 15, 5, 0.001, 0.05, 1, False 1.2106237006684142 38.33630223251988 2.2292043618426503 0.0649428518000907 1.645019474997001 0.17561966767830314 
[5], 1, 10, 1, 0.001, 0.05, 1, False 2.2124981627903053 75.2826368133236 7.387457527836502 0.06835673992803741 0.5247393974551597 0.2854596948269618 
[15], 24, 5, 1, 0.001, 0.05, 1, False 1.5713448915492603 49.54877009815569 3.4359336718599436 0.060856131915676515 2.8757916757318354 0.23329839820807774 
[15], 24, 10, 5, 0.001, 0.05, 1, False 1.2499228027407767 41.68066423307085 2.4330552309935443 0.038155120307947196 1.1735299116428057 0.18691521241877854 
[20], 12, 1, 10, 0.001, 0.05, 1, False 2.7407104384740477 79.73558858945755 10.520309751801618 0.2091485047589933 0.6187497542287538 1.1417809391638476 
[20], 24, 1, 10, 0.001, 0.05, 1, False 1.6022008628722417 45.201521351682466 3.861747498622052 0.17851975204654644 3.2014616276396346 0.7880146026959103 
[15], 36, 15, 10, 0.001, 0.05, 1, False 1.0997817067325941 34.405519129557796 2.088877842726196 0.04142637954430407 1.1815444370910126 0.19584378438397584 
[10], 1, 10, 1, 0.001, 0.05, 1, False 2.3596770276418995 75.43572512194497 7.980174249183669 0.050191583885597635 0.7619913569705519 0.3095251299029188 
[20], 1, 1, 10, 0.001, 0.05, 1, False 2.3155886993191586 71.62928228640321 7.81174908105643 0.008723861090793558 1.3388377918100631 0.15351721356497228 
[30], 1, 5, 10, 0.001, 0.05, 1, False 2.034752819111088 72.24907438893433 6.750461654346409 0.04590398195300154 0.7433001400508614 0.2768873424080355 
[15], 36, 10, 5, 0.001, 0.05, 1, False 1.255709751126253 39.93443600349605 2.390054513601422 0.03483198558182352 1.8094943882499785 0.1390357539157897 
[15], 36, 5, 1, 0.001, 0.05, 1, False 1.296941657260888 41.30559415795187 2.7007742415568052 0.15647433859510987 5.092834013081621 0.7308592514030358 
[30], 12, 5, 10, 0.001, 0.05, 1, False 1.8226723662060165 66.46763553642997 6.010158200902199 0.1668406116317217 3.4664804090677563 0.8697626857317176 
[15], 24, 15, 10, 0.001, 0.05, 1, False 1.226570472880094 40.3600318939504 2.396655212198068 0.0023259669818198286 0.751675279721107 0.1433716806444577 
[5], 24, 5, 10, 0.001, 0.05, 1, False 1.381476481469279 42.392532904697845 2.8125263124841786 0.031024287999246433 0.40931445615725925 0.15222444232107935 
[15], 12, 15, 10, 0.001, 0.05, 1, False 1.751224434696552 59.8104838686815 4.648114767436802 0.10922962942867523 2.411750923282169 0.3926577594656705 
[5], 36, 5, 10, 0.001, 0.05, 1, False 1.3005135728632686 41.16920647596464 2.6449530493816913 0.13624874907084517 4.001360019276531 0.5356007840416322 
[30], 1, 10, 1, 0.001, 0.05, 1, False 2.3115149595878193 74.6005948744481 7.693962227610079 0.02727778841537968 0.16951011678364666 0.13740122373232122 
[15], 1, 1, 10, 0.001, 0.05, 1, False 2.3403737607550013 73.60740780252284 8.170728101960618 0.04233298460079237 0.83904408978974 0.18911536741270632 
[5], 12, 5, 10, 0.001, 0.05, 1, False 2.230101710176785 74.75594877448599 7.5887119058353925 0.09962800287708859 2.4051943794320327 0.35253762410951645 
[10], 36, 1, 10, 0.001, 0.05, 1, False 1.626389919117921 46.56845641715929 4.3047550392018294 0.20840213479826247 5.220657948018266 0.9660317061058605 
[15], 36, 20, 1, 0.001, 0.05, 1, False 1.639011862442863 54.972806604370504 4.086464858119099 0.12082822460402964 4.153277625300826 0.5429415618647484 
[10], 12, 5, 10, 0.001, 0.05, 1, False 2.225638830099531 75.07505177558765 7.905622752998712 0.09213428324869259 2.6958369626742322 0.5532527185557206 
[15], 12, 1, 10, 0.001, 0.05, 1, False 2.813182782323134 81.78653700213573 11.234195302813324 0.15359585768984851 2.772074616540431 1.380825061846706 
[30], 12, 10, 1, 0.001, 0.05, 1, False 2.2215733414860783 73.53097973043111 7.221172843901812 0.10617093329329494 1.6201012046124992 0.530946683932879 
[20], 24, 15, 10, 0.001, 0.05, 1, False 1.1836536878616444 39.59844702347876 2.327713552398436 0.03513813004032338 0.5365601621438544 0.07431212172924138 
[20], 12, 5, 1, 0.001, 0.05, 1, False 2.46230440568955 78.11183981553795 9.409661934420813 0.24410402773631576 1.3329650742672572 1.4163373001201134 
[20], 1, 5, 1, 0.001, 0.05, 1, False 2.5836463710741584 76.7751758479646 9.365190481975047 0.10704687110803159 0.8371915629712454 0.7214267697528217 
[20], 1, 10, 5, 0.001, 0.05, 1, False 2.2681892608395877 73.48397578590306 7.696051213549548 0.045941276123630435 0.5434986821487564 0.2266907324574039 
[20], 24, 5, 1, 0.001, 0.05, 1, False 1.3122422723237561 42.737305607676255 2.6410458692552177 0.11914927090893221 0.8663210531353629 0.2748144565313948 
[20], 24, 10, 5, 0.001, 0.05, 1, False 1.2869556984036332 42.24654610242067 2.6610418858466875 0.12115352126388451 2.516504096324207 0.3205597186088607 
[15], 24, 20, 1, 0.001, 0.05, 1, False 1.3625288828448563 49.102555465113426 3.061541925768788 0.11898945625677376 4.790119706803155 0.51742259863781 
[10], 1, 1, 10, 0.001, 0.05, 1, False 2.6984622246827237 80.65728347312454 10.576710976207341 0.1185780443686595 1.4019680834189965 0.596728392397855 
[30], 36, 1, 1, 0.001, 0.05, 1, False 2.118931442276678 58.80202353302437 7.093054729886617 0.25480438399369104 6.087396186485497 1.5174735558939203 
[5], 1, 1, 10, 0.001, 0.05, 1, False 3.5784020723249 82.78808617538498 18.314520722803017 0.907732000126223 7.606976399059503 7.823574396714541 
[15], 12, 20, 1, 0.001, 0.05, 1, False 2.1468817449968167 71.82938381704537 6.981031485759222 0.04824321471294048 2.6377615372436254 0.5734920085602256 
[15], 1, 10, 5, 0.001, 0.05, 1, False 2.3815627020887202 75.70709823859204 8.364421573192535 0.09063027823332695 1.3742063468274537 0.559671056852116 
[15], 1, 5, 1, 0.001, 0.05, 1, False 2.60819224357536 76.73286629112403 9.493430632198162 0.03469157532751955 0.2373126793934876 0.18913809193491818 
[10], 36, 5, 1, 0.001, 0.05, 1, False 1.7173096370572847 56.44208566860152 4.530203177567619 0.3055106407338484 6.7607455315930105 1.2553085402892372 
[5], 36, 10, 1, 0.001, 0.05, 1, False 1.6878682369711224 58.46997326240021 4.7202405647414025 0.18740449327539446 7.193560945809952 1.2001352060796817 
[5], 24, 10, 1, 0.001, 0.05, 1, False 1.648020654751195 58.00681784489299 4.621752563795082 0.3492592851262493 11.349245669108761 1.689891667145776 
[10], 36, 10, 5, 0.001, 0.05, 1, False 1.2214949555798535 39.467531608166986 2.299474032681198 0.12958119883031533 4.151476125216898 0.45552938983862845 
[15], 12, 5, 1, 0.001, 0.05, 1, False 2.2791388654943416 77.75101912356588 8.121693508610608 0.08030220451101354 1.5600354489590293 0.5853073516561561 
[5], 12, 10, 1, 0.001, 0.05, 1, False 2.337405790164377 78.90929960364947 8.237964280707244 0.07240048144632442 0.4492012254434035 0.46739499035086324 
[10], 12, 10, 1, 0.001, 0.05, 1, False 2.307219064049423 74.67135774389995 7.851415978346108 0.09195305409107515 2.6134859044475727 0.5745719376555525 
[20], 24, 20, 1, 0.001, 0.05, 1, False 1.4239878298645772 49.830256924785466 3.2321705479235754 0.03561499026616604 1.6194358681127317 0.1619727815443346 
[15], 12, 10, 5, 0.001, 0.05, 1, False 2.0372226137047016 70.66183097962698 6.532012280215812 0.15253336872289358 4.10359242588351 0.916932370990704 
[30], 24, 1, 5, 0.001, 0.05, 1, False 1.4172298160209147 41.92703976324913 3.076868857421152 0.12423910333559655 2.4122958176159393 0.47968618029351495 
[5], 1, 5, 1, 0.001, 0.05, 1, False 2.6463789735575793 79.3567615740251 10.029828163028599 0.1207296268185884 1.0357485979518966 0.8457241230037039 
[20], 36, 5, 10, 0.001, 0.05, 1, False 1.1656155278285345 35.847759265551296 2.179107805776809 0.08586458675219287 1.779920320864396 0.2500616015562346 
[15], 24, 5, 5, 0.001, 0.05, 1, False 1.196655772895449 37.54985075764329 2.191685616653759 0.026595737869665154 0.5700049001235374 0.14914706481749632 
[30], 12, 1, 10, 0.001, 0.05, 1, False 2.5978788818439678 79.099585401468 9.554763940124063 0.13128031779400287 0.5094920266014861 0.8485922621078231 
[10], 24, 10, 5, 0.001, 0.05, 1, False 1.312728092346892 43.32644782689601 2.625745205053556 0.005141068796756815 0.7936421653006589 0.05282745183190852 
[10], 1, 5, 1, 0.001, 0.05, 1, False 2.466544700238026 76.63687163281853 8.661331746065928 0.04882246927047711 0.42103042562460913 0.3075605470426655 
[30], 1, 1, 10, 0.001, 0.05, 1, False 2.3325987276517686 71.94529229996395 7.444222725168913 0.014366727051151388 0.4727092012438361 0.03557798011453661 
[15], 36, 5, 5, 0.001, 0.05, 1, False 1.2367912995215091 38.71392012378243 2.507987404077773 0.14219402319107857 3.4893099812974797 0.4478378837239435 
[30], 36, 1, 5, 0.001, 0.05, 1, False 1.7738033567003353 50.150786696653334 4.934470659567999 0.28852428954892695 6.721712988764197 1.482740774846039 
[15], 1, 15, 10, 0.001, 0.05, 1, False 2.3935461097879815 72.8008168851473 8.225460513879481 0.08210479182277496 1.950172969915009 0.5221467505207825 
[10], 36, 15, 10, 0.001, 0.05, 1, False 1.180161955276573 36.50331484478929 2.1601400855723116 0.039000537741230155 1.90391994652148 0.25609848817635494 
[20], 36, 10, 1, 0.001, 0.05, 1, False 1.3775120589985612 45.2781027309563 2.978466170372832 0.15398357670360227 5.108951584684649 0.6032057888887798 
[30], 12, 5, 1, 0.001, 0.05, 1, False 2.310012605801845 76.94915440769529 8.416408176332473 0.22134024486400874 4.962789050818918 1.3906389415534957 
[10], 24, 15, 10, 0.001, 0.05, 1, False 1.2127244152163188 41.00969442186701 2.4206902572714615 0.051783991817914196 2.2745363781878876 0.15345613456473192 
[30], 1, 5, 1, 0.001, 0.05, 1, False 2.5164882670053177 75.47546546626755 8.826277262141891 0.016018287898417083 0.20775394665559552 0.09476377196296426 
[30], 1, 10, 5, 0.001, 0.05, 1, False 2.3105841419763036 73.32098467256172 7.852742904146787 0.02184643399165237 0.7440046977904112 0.1623707198317407 
[10], 1, 10, 5, 0.001, 0.05, 1, False 2.311425426216037 74.55561207356298 8.08170309258675 0.25019366903200807 3.1251691580990704 1.4149367677405655 
[5], 1, 10, 5, 0.001, 0.05, 1, False 2.345577334902353 76.43550880570648 8.078664302533817 0.09472831429373191 1.3551016827493996 0.544210631031509 
[20], 1, 5, 5, 0.001, 0.05, 1, False 2.0491625174052186 71.92709252760717 6.653109172495564 0.03133350658980966 0.3728364376368561 0.16672490043385824 
[30], 24, 15, 5, 0.001, 0.05, 1, False 1.2719106375136306 41.876486031210966 2.5423134095385205 0.01736474175358799 0.5234948559798319 0.05302130517732615 
[20], 12, 5, 5, 0.001, 0.05, 1, False 2.2015359524396008 75.37416609181656 8.008929042792934 0.10448930003590293 1.5163926602830466 0.8463591042668935 
[5], 36, 1, 10, 0.001, 0.05, 1, False 1.6770272222830462 45.37074384192295 4.290401113234361 0.09619346187977053 1.7255409198046925 0.5216093970170144 
[20], 24, 5, 5, 0.001, 0.05, 1, False 1.2981954471863533 39.09145513431272 2.6193851829095305 0.1670074306515663 2.784757760324396 0.5438207481710478 
[10], 12, 1, 10, 0.001, 0.05, 1, False 2.978355712593206 76.18504173773651 12.523687681763704 0.38710769217458857 5.355318100064295 3.2293351991651797 
[15], 36, 20, 5, 0.001, 0.05, 1, False 1.20365650738348 39.56575947210734 2.3071228148601732 0.03092046660137495 1.1428229195783366 0.14449639672442952 
[5], 24, 1, 10, 0.001, 0.05, 1, False 1.6566961224673802 46.1439694153757 4.420520415405249 0.1957353142122386 2.788512929636429 1.1924179816863196 
[20], 36, 1, 10, 0.001, 0.05, 1, False 1.7372923294254752 47.2332753767013 4.511524255516551 0.09445399129236313 1.6660665941679578 0.12928763556426262 
[15], 1, 20, 1, 0.001, 0.05, 1, False 2.263399693218094 74.25395190843551 7.47739766436824 0.04825734419324813 0.5043462734079324 0.2189206842599893 
[30], 12, 10, 5, 0.001, 0.05, 1, False 2.0056949506824218 69.89579584792361 6.343130253247501 0.0774722811292043 2.1397514897138517 0.4375430329218243 
[10], 24, 1, 10, 0.001, 0.05, 1, False 1.4406493179638078 43.46993346023851 3.4293277628673096 0.1634008604498458 4.224759292789132 0.8200439127141986 
[15], 24, 10, 10, 0.001, 0.05, 1, False 1.2515088671404453 41.02949571091701 2.527672709461148 0.04180017614732148 0.9480957395248903 0.14935234477749293 
[10], 36, 20, 1, 0.001, 0.05, 1, False 1.781891155636145 59.80147186860415 4.783841344266601 0.13917883278604604 2.3494799462026403 0.27593710556061596 
[5], 12, 1, 10, 0.001, 0.05, 1, False 2.7161006664546825 77.8118578661966 10.25359549885614 0.17979077587255657 2.426329586567974 1.1584887453767245 
[30], 12, 15, 10, 0.001, 0.05, 1, False 1.4294695027034594 50.24217222410315 3.3212112454317513 0.03196503528193581 1.5014611478545123 0.14278794218095928 
[30], 1, 15, 10, 0.001, 0.05, 1, False 2.278998058817039 71.70124672111145 7.662564900640166 0.03637934785887797 0.447873168170586 0.1543929500113912 
[15], 24, 20, 5, 0.001, 0.05, 1, False 1.254883087478164 41.8576780336364 2.3793602341971805 0.007084944877658453 0.5847956905864703 0.02381161197399873 
[10], 24, 20, 1, 0.001, 0.05, 1, False 1.6349685209423857 56.504080701856104 4.242706908433405 0.23358764549006306 6.047868619377644 0.9164245168836569 
[15], 36, 10, 10, 0.001, 0.05, 1, False 1.0814175048222143 33.991606555973 1.969734778953649 0.08579752385841681 2.11321671270955 0.29902893947770454 
[30], 24, 5, 10, 0.001, 0.05, 1, False 1.221962940554928 38.012461432952826 2.573026515567392 0.11157559346275475 2.2264780407750178 0.45165449327119933 
[15], 12, 20, 5, 0.001, 0.05, 1, False 1.8194137971123892 62.916637584851934 5.226674473059611 0.07130871803780636 0.8243875836457932 0.12594500913719336 
[15], 1, 5, 5, 0.001, 0.05, 1, False 2.3118867207663474 74.16833526462507 7.8468903244684975 0.1980898006554034 1.8773819192162566 0.9551442762996079 
[10], 36, 5, 5, 0.001, 0.05, 1, False 1.2755921571136073 41.23973604578424 2.616995968235888 0.033188349891171774 1.8261749567291383 0.19364304290307613 
[15], 12, 5, 5, 0.001, 0.05, 1, False 2.182245630417364 74.81663912738095 7.910740151353664 0.13034367560523075 2.8538026470951223 0.7616934757814724 
[5], 36, 5, 1, 0.001, 0.05, 1, False 1.8044586811559622 59.25696383259455 5.142664121890461 0.19912785371989877 3.9937950407150047 0.9462182341987903 
[20], 36, 5, 1, 0.001, 0.05, 1, False 1.4097867006401499 46.47052818270466 3.268310792262906 0.04708299357025517 2.071609001482631 0.33735750337930476 
[20], 24, 20, 5, 0.001, 0.05, 1, False 1.2507905244033921 42.07573913775429 2.450812817967804 0.03354016339814585 1.4363707668153967 0.14260956826121424 
[10], 12, 5, 1, 0.001, 0.05, 1, False 2.328468461934891 79.25581900523734 8.573645531725006 0.2462787980007785 7.13215546044325 2.01891512145365 
[5], 36, 15, 10, 0.001, 0.05, 1, False 1.1647175149992106 36.42020061682817 2.022872031934659 0.030669286408985013 1.5481557588709296 0.03485374145436156 
[15], 24, 15, 1, 0.001, 0.05, 1, False 1.654013208265382 56.37554591222594 4.288522699203143 0.276711722360462 5.023394243004702 1.0515952932926458 
[5], 24, 5, 1, 0.001, 0.05, 1, False 1.7135679266863952 55.737872922250155 4.495309236105277 0.20072783533002975 7.28758250240142 1.039170022141914 
[30], 12, 20, 1, 0.001, 0.05, 1, False 2.100523582694155 70.13597939808828 6.5695952810976905 0.016396858977532396 0.9619306334188908 0.19834759679692074 
[30], 1, 20, 1, 0.001, 0.05, 1, False 2.317666932229919 74.20790235907087 7.700140254995659 0.04244725554849703 0.14157656196017254 0.1968994658332125 
[20], 1, 10, 10, 0.001, 0.05, 1, False 2.355821550275303 73.92390957714511 8.099549534568391 0.03037750961645967 0.29111245219084925 0.14331323093270282 
[10], 24, 5, 1, 0.001, 0.05, 1, False 1.4655178198073473 50.634320915245574 3.369871639120617 0.12538442259801072 4.998865434557342 0.5593246164883184 
[15], 36, 15, 1, 0.001, 0.05, 1, False 1.4651711196328205 51.57536220716556 3.462316526631071 0.028070439142832852 0.9378488872227561 0.10980825920005242 
[30], 24, 10, 1, 0.001, 0.05, 1, False 1.3318337647175345 46.33674077713567 2.9604443689114786 0.12869538688816004 4.313436527287449 0.5441563260674654 
[20], 24, 10, 10, 0.001, 0.05, 1, False 1.1900314129716545 39.22779138371208 2.337938574896928 0.05547587942915968 1.514140281874953 0.138363655742256 
[5], 12, 5, 1, 0.001, 0.05, 1, False 2.232303502821122 75.26271596097301 7.942012526420544 0.29406392452626434 6.0201731860526895 1.39865882646457 
[30], 36, 5, 10, 0.001, 0.05, 1, False 1.2005156709433153 36.78149221064873 2.327392745762918 0.02201580973723925 0.708261140562682 0.10964623591536182 
[5], 1, 5, 5, 0.001, 0.05, 1, False 2.4698327761246923 76.74619072894164 8.709409816816377 0.014554167006926355 0.5113893898378546 0.10168540056489328 
[10], 1, 5, 5, 0.001, 0.05, 1, False 2.3832208006746236 75.5176627390685 8.22582336103005 0.10885689779982641 0.9027888154522843 0.6350537996458419 
[30], 12, 5, 5, 0.001, 0.05, 1, False 2.1736018282050886 73.27033085935567 7.786931695646264 0.10390504280874231 1.8087872090834196 0.5199849670221958 
[5], 36, 10, 5, 0.001, 0.05, 1, False 1.4070762988593843 45.25719787233117 3.044682053475326 0.17137427412706716 6.843738016358508 0.6455515521138216 
[30], 36, 1, 10, 0.001, 0.05, 1, False 1.6347772461707117 46.70017105328403 4.172881833626289 0.2388598628833427 4.342507486731376 0.8866378359611096 
[10], 12, 10, 5, 0.001, 0.05, 1, False 2.2390453011349396 75.51402188044568 7.607211529189836 0.07339515284759343 1.7216147057467968 0.3844016391338786 
[5], 24, 10, 5, 0.001, 0.05, 1, False 1.2928706537483743 43.02366070076082 2.5674568636906523 0.09020095236386776 1.5087962552422156 0.08649605177054702 
[30], 36, 10, 1, 0.001, 0.05, 1, False 1.3913732401371277 47.07186809742066 3.132526757159521 0.12279227388934683 5.4614719861214285 0.5386494627141504 
[5], 36, 20, 1, 0.001, 0.05, 1, False 1.9629348819316539 64.55220730532942 5.988349655981355 0.1821359767409119 4.257468543116521 0.980387594569619 
[10], 1, 15, 10, 0.001, 0.05, 1, False 2.3724787826339404 74.23092599121286 8.243305782361576 0.09246062075158609 1.4396331969708132 0.5320316072566968 
[30], 1, 5, 5, 0.001, 0.05, 1, False 2.0806469233568623 71.99044806474525 6.736652206206675 0.03738347221494549 0.4098031056125462 0.17568140961041334 
[5], 12, 10, 5, 0.001, 0.05, 1, False 2.3502903623989337 76.49559990761524 8.115668402309646 0.08410921621505417 0.9187188167023532 0.5361989776545222 
[20], 1, 15, 1, 0.001, 0.05, 1, False 2.3978173401551666 75.51085712752543 8.197393300909473 0.054402160714375786 0.468072426963778 0.2594314504915792 
[20], 36, 15, 10, 0.001, 0.05, 1, False 1.1652000979727342 37.18588958063779 2.2571322503515687 0.030120261145065785 1.465231952614356 0.12378978956789796 
[20], 24, 15, 1, 0.001, 0.05, 1, False 1.382531918733622 49.07664631231961 3.115088290292358 0.042186738044560815 2.7132304000317053 0.24834865972932849 
[10], 12, 15, 10, 0.001, 0.05, 1, False 1.8037244261207956 60.957202768448504 4.876795161346995 0.2211965592324281 5.9571765015049865 0.9995235426959311 
[20], 36, 10, 5, 0.001, 0.05, 1, False 1.178383197635412 37.2981799015436 2.150454522715482 0.05941503636367492 2.2916979011459864 0.18635363513793923 
[30], 36, 5, 1, 0.001, 0.05, 1, False 1.2673866256554092 40.55434292442831 2.4631914346604966 0.06872868618351136 1.3705002692177002 0.27904093759941506 
[20], 1, 15, 10, 0.001, 0.05, 1, False 2.2849567241483815 71.61017502517016 7.611073074167667 0.08330334738895584 1.6327979256930925 0.4795555324172361 
[5], 24, 15, 10, 0.001, 0.05, 1, False 1.2701290962251799 42.95281623385853 2.5370544253903557 0.09059928616552804 2.5713786838470933 0.25143227341312285 
[5], 12, 15, 5, 0.001, 0.05, 1, False 2.2825585459221016 75.63327010194048 7.848570934047495 0.050109082447281086 0.5087822071281276 0.37084073957866776 
[5], 1, 15, 10, 0.001, 0.05, 1, False 2.450722014576335 76.71808570129036 8.681137977300047 0.07699283233737103 2.8971117532165374 0.5752850297046992 
[30], 36, 15, 5, 0.001, 0.05, 1, False 1.2025393298585654 37.09276919428458 2.178086082637382 0.04923219839591738 1.318048902971484 0.08647533964866273 
[10], 1, 20, 1, 0.001, 0.05, 1, False 2.2507416783935494 75.52565639076153 7.587180389974228 0.08005694699857059 1.5854170272812775 0.49494514127832945 
[20], 36, 20, 1, 0.001, 0.05, 1, False 1.4777714385409597 50.13925978599334 3.3605313616227304 0.09246260562885034 3.6081260374237933 0.42008674835008997 
[15], 1, 10, 10, 0.001, 0.05, 1, False 2.424529522212429 75.6718270738404 8.648984926539809 0.03987052958423204 0.6563339489236263 0.23616651124849486 
[30], 24, 1, 10, 0.001, 0.05, 1, False 1.225014474801719 38.203332700567245 2.4556599453108316 0.05875808647634272 2.0271263874933223 0.1684717233602827 
[10], 36, 10, 10, 0.001, 0.05, 1, False 1.119609757405878 34.527233917732396 1.968078220249062 0.04735292775387188 1.7638708819119897 0.2481841086840038 
[10], 12, 20, 1, 0.001, 0.05, 1, False 2.1367117722415263 73.76990190803319 7.048229888204198 0.09908324532733419 3.462198991234507 0.6037219393659196 
[15], 1, 20, 5, 0.001, 0.05, 1, False 2.299725514802116 74.95122534753718 8.056230842368963 0.03821893080652928 1.2597052331863023 0.19617353934035311 
[10], 36, 20, 5, 0.001, 0.05, 1, False 1.3036576114732912 41.97453381831522 2.6323432904770385 0.1323287100118486 5.59313412456132 0.4875426517686288 
[10], 24, 20, 5, 0.001, 0.05, 1, False 1.3325103459086405 43.13770157554682 2.5753027277930642 0.09086025976545047 2.1844364856618794 0.28974218669934826 
[20], 12, 15, 10, 0.001, 0.05, 1, False 1.3509554036582507 48.00192932355807 2.9851097341189567 0.0953045505349281 2.632109596895093 0.3447971284934148 
[15], 12, 10, 10, 0.001, 0.05, 1, False 1.9944517658402523 69.81710274268532 6.3395998765342485 0.12082641380976687 3.5008306435263408 0.6118311065270619 
[10], 24, 10, 10, 0.001, 0.05, 1, False 1.249138336739054 41.131683147581185 2.485814979395636 0.02078855809596692 0.8452636969650235 0.1377529152401093 
[20], 36, 5, 5, 0.001, 0.05, 1, False 1.2232372597342838 36.92332787574503 2.4067796067427296 0.059362869999284446 1.1099633099845028 0.34921396615521283 
[30], 36, 10, 5, 0.001, 0.05, 1, False 1.13735835576016 35.13066139233347 2.052220023271143 0.012524440510440606 0.46738338259811957 0.07237388001815116 
[20], 1, 20, 1, 0.001, 0.05, 1, False 2.3164667034866633 74.76048650566607 7.724013052322502 0.02922499129447766 0.42335897175148773 0.15860953080433646 
[15], 1, 15, 1, 0.001, 0.05, 1, False 2.2309507968939015 74.36147981088443 7.374076098180289 0.021412382202559026 0.4747836185901231 0.10543421985139728 
[30], 24, 5, 1, 0.001, 0.05, 1, False 1.2338275497848237 38.621233183402126 2.2507106261064447 0.05344445335814326 2.419519230260839 0.24818912239166202 
[5], 24, 20, 1, 0.001, 0.05, 1, False 1.7275698454705655 61.9971715416325 4.788449654450068 0.14860665299188464 4.881595671187432 0.7905047802421628 
[5], 1, 20, 1, 0.001, 0.05, 1, False 2.317590458525552 74.81064816071235 7.792621078340581 0.10667860301882691 0.7364748063918853 0.4658635460795875 
[10], 36, 15, 1, 0.001, 0.05, 1, False 1.5791904349190495 55.85705111416144 4.018364558747906 0.22135321819235265 8.911267618700986 1.1258638200943347 
[30], 12, 20, 5, 0.001, 0.05, 1, False 1.9342942890331702 65.98950248755898 5.629142164803302 0.12820647358121626 3.8896950957053744 0.6743517547380607 
[30], 1, 20, 5, 0.001, 0.05, 1, False 2.220490177627653 71.73516118986976 7.555696200110354 0.049797123221376756 0.9088465193428461 0.24706409092377563 
[30], 1, 10, 10, 0.001, 0.05, 1, False 2.3189118447196155 73.74746231752157 8.049963612359141 0.07216524490346096 1.5210603801191498 0.5204794945092504 
[5], 36, 5, 5, 0.001, 0.05, 1, False 1.4131501546577996 44.35749098853006 2.8971297264002764 0.08254810862544226 1.924897449942218 0.1518013196081227 
[10], 12, 5, 5, 0.001, 0.05, 1, False 2.252297156987091 77.0691249880526 8.008093263263886 0.2165254917821051 5.711771646334694 1.500975167302085 
[30], 24, 10, 5, 0.001, 0.05, 1, False 1.2538456159678322 41.30190033153095 2.5372458081087594 0.07241028340660052 1.3096207016386219 0.16457828004359412 
[15], 12, 15, 1, 0.001, 0.05, 1, False 2.217507230476649 73.71582949964765 7.266689956523609 0.03412614385354313 0.9227576809286392 0.26859542416053184 
[5], 24, 5, 5, 0.001, 0.05, 1, False 1.1743219083002598 40.30212670951662 2.21671629119804 0.06427565277479616 2.3174776552014458 0.18340872034283215 
[10], 24, 15, 1, 0.001, 0.05, 1, False 1.8883849087619673 62.74959999787314 5.396886522139535 0.19134065819240992 7.26945359131427 1.3582090676546963 
[20], 24, 20, 10, 0.001, 0.05, 1, False 1.2223030008893045 39.783580168032806 2.4030404897513935 0.023524044922436812 1.4054562765762222 0.14355138604302053 
[10], 24, 5, 5, 0.001, 0.05, 1, False 1.2268115530376908 38.22729683521735 2.276953940751716 0.09255364825666315 2.2425708280801335 0.2425068344456176 
[30], 36, 5, 5, 0.001, 0.05, 1, False 1.2799559592062402 38.51955178075428 2.6268973518173664 0.07246375535129852 1.2301504984973408 0.2118475127443207 
[20], 12, 20, 1, 0.001, 0.05, 1, False 2.106291402607329 72.91166586190946 7.030705464642293 0.061641018388923045 0.7757979612303586 0.3174404902063251 
[5], 12, 5, 5, 0.001, 0.05, 1, False 2.2439499323773715 74.3115997963891 7.436591145706466 0.040852342230951216 2.3874890655518413 0.31091127011192665 
[30], 12, 10, 10, 0.001, 0.05, 1, False 1.895538205405077 67.7498269327425 5.976356108666786 0.11019143834014633 3.1002524331513 0.4752951459454564 
[30], 1, 15, 1, 0.001, 0.05, 1, False 2.3201347082025476 74.6896938196876 7.762264194806821 0.06472798182270889 0.8189987873749238 0.3634787861476932 
[20], 12, 5, 10, 0.001, 0.05, 1, False 2.1120932409022415 72.6978378469712 7.470779151920799 0.1538599167046523 2.634609195653093 0.9473565336485847 
[15], 36, 20, 10, 0.001, 0.05, 1, False 1.1667664738613421 37.14539000842394 2.1243731652323254 0.05825730584039134 2.066832250687072 0.23023858665979618 
[30], 12, 15, 1, 0.001, 0.05, 1, False 2.0728080125180655 66.31226407109695 6.222663078102909 0.08878116302180003 4.595664671060767 0.7292633020250013 
[15], 12, 20, 10, 0.001, 0.05, 1, False 1.9585399227527278 65.98032658313423 5.672409573521056 0.03710339502621063 1.847809920815368 0.18151879764040071 
[10], 1, 10, 10, 0.001, 0.05, 1, False 2.415199755711688 73.94969623031245 8.424115778988437 0.0577548172414174 0.6177070977077205 0.31129837242161124 
[15], 24, 20, 10, 0.001, 0.05, 1, False 1.230817108746204 39.54026062394197 2.3693806972145643 0.0905770014053301 3.100075983353488 0.24463318144324156 
[5], 36, 20, 5, 0.001, 0.05, 1, False 1.3594249290862568 45.78376847981132 2.9142104077723743 0.19737785885357992 6.970552334896259 0.7564036702060227 
[20], 12, 10, 1, 0.001, 0.05, 1, False 2.2016287665676186 74.40153472122672 7.34222515954379 0.04053574847641761 0.20570358887190449 0.1348485054184824 
[5], 1, 10, 10, 0.001, 0.05, 1, False 2.4879188325842496 76.36745445506365 8.820563570646568 0.07156501393915445 1.3367174789395557 0.4408284938102377 
[30], 24, 15, 10, 0.001, 0.05, 1, False 1.1899159803745096 39.88330148156012 2.4500685391610415 0.014390700862072593 0.7858993993354243 0.08416215245321473 
[10], 1, 20, 5, 0.001, 0.05, 1, False 2.355041137030693 76.9843160960554 8.329512089346865 0.029510147782546986 1.0888710698066428 0.07945137815207529 
[10], 1, 15, 1, 0.001, 0.05, 1, False 2.2714632550599396 74.74390154289053 7.569289120711994 0.06257268820370104 0.6542906075941293 0.27766335055675234 
[20], 36, 20, 5, 0.001, 0.05, 1, False 1.1948870794330204 37.77247699365167 2.1826569298542746 0.013726608906046845 0.38480956491492907 0.0355679693148181 
[5], 1, 15, 1, 0.001, 0.05, 1, False 2.2252067093840906 74.80748138531041 7.428869223126683 0.032948665686820214 0.9960622178219902 0.19999947638657337 
[10], 12, 20, 5, 0.001, 0.05, 1, False 2.2080497254927955 71.4827475967857 7.041507709763741 0.07623212407816284 1.1477770900686748 0.3752722946729771 
[30], 24, 20, 1, 0.001, 0.05, 1, False 1.488259856940971 51.44853837241579 3.48770404436366 0.08024723697306312 2.2698134741562845 0.2769941641565947 
[30], 24, 5, 5, 0.001, 0.05, 1, False 1.21224677424395 36.65280203287082 2.409261842808448 0.05819051156330006 1.2651398098373057 0.2725976738611996 
[30], 36, 10, 10, 0.001, 0.05, 1, False 1.1845998958477544 36.14803210356297 2.197828128300113 0.013632967352734483 1.0046563314215955 0.17531415309064854 
[5], 24, 20, 5, 0.001, 0.05, 1, False 1.380451262752629 45.90480387529808 2.9076196775284022 0.04105247760828925 2.064429798591679 0.15500987961299725 
[20], 36, 10, 10, 0.001, 0.05, 1, False 1.1334492089364812 34.58707201964497 2.0106399720834474 0.04568170724760525 1.2165550837026984 0.13928302790558728 
[5], 36, 10, 10, 0.001, 0.05, 1, False 1.3115308580989087 41.830089026837776 2.5070156581692813 0.053299720558178984 2.0228928485877935 0.17793900725951636 
[10], 12, 10, 10, 0.001, 0.05, 1, False 2.0737323755122445 70.61158648179905 6.7544860158613105 0.18372562141204402 4.5370659711399615 0.9175144587546316 
[30], 1, 20, 10, 0.001, 0.05, 1, False 2.2448680137146124 71.80762999446235 7.696653852713562 0.015860107831482534 1.0163957725313155 0.04859436711158512 
[15], 1, 20, 10, 0.001, 0.05, 1, False 2.2799053840373675 73.69017389063205 7.9655985868317885 0.01643427196817193 0.39719336449167064 0.09923904282677468 
[5], 1, 20, 5, 0.001, 0.05, 1, False 2.3047386727123347 77.42254293442635 8.018428845577665 0.12101514796948966 3.668116185586727 0.8735640866240474 
[5], 24, 10, 10, 0.001, 0.05, 1, False 1.2533446254415646 41.3921473261092 2.508074822870236 0.1327142118354681 5.413268541504651 0.5337933584141265 
[30], 36, 15, 1, 0.001, 0.05, 1, False 1.5017864429771348 49.01727579984651 3.4401159282773683 0.12024091199167908 5.314255289121008 0.5740278872644737 
[20], 1, 20, 5, 0.001, 0.05, 1, False 2.288722443087371 74.12695282663422 7.9919885679132205 0.03224413024023736 1.0168695262599223 0.07423908956107479 
[10], 36, 20, 10, 0.001, 0.05, 1, False 1.2178113743559353 37.63005982594777 2.123865643503036 0.030250128895102747 0.5249187262807374 0.059032486375086755 
[10], 24, 20, 10, 0.001, 0.05, 1, False 1.3141568788016835 43.55610070736983 2.6075257314509273 0.053639169233666205 1.060650411543903 0.11700439576804364 
[20], 36, 15, 1, 0.001, 0.05, 1, False 1.5099604160145477 52.96839584542821 3.6276949778693477 0.08081575572134449 3.852692034640498 0.3945235781410751 
[30], 12, 20, 10, 0.001, 0.05, 1, False 1.712862196875115 59.299626248084735 4.713447455344641 0.18130962516814975 5.970904575088159 0.6660896052576725 
[5], 12, 10, 10, 0.001, 0.05, 1, False 2.1974331110957324 74.62137784388972 7.397919056098606 0.17702281605594036 3.2647409826334224 1.0163987412374564 
[5], 36, 15, 1, 0.001, 0.05, 1, False 1.812348366038943 60.67129583654853 5.056120883782566 0.2673808348173439 6.501147339296425 1.08192127112905 
[10], 12, 15, 1, 0.001, 0.05, 1, False 2.1793019980399144 73.95540001072473 7.259906653801014 0.08306822766906126 2.250716686270274 0.49616881408820956 
[20], 12, 20, 5, 0.001, 0.05, 1, False 2.010651573814728 67.7182927169715 6.051303180853053 0.07463163902845683 2.318025381756546 0.3810503244561407 
[5], 24, 15, 1, 0.001, 0.05, 1, False 1.8922767318785194 63.60363458483382 5.368608256769249 0.16341636747757388 4.7282874007848035 0.8430953091180186 
[20], 12, 10, 5, 0.001, 0.05, 1, False 2.179871789024522 73.26547306196056 7.102996344462869 0.0470243182036759 0.9201744618710418 0.37529125100448374 
[5], 12, 15, 10, 0.001, 0.05, 1, False 2.1661416468382986 70.9393686396405 6.8763271737017755 0.25728012512314047 6.804577056796717 1.2241395794430578 
[30], 36, 15, 10, 0.001, 0.05, 1, False 1.1131702887756678 34.79281647333564 2.0242352295725454 0.035751736716648205 0.7726363602972459 0.07161778330090195 
[5], 12, 15, 1, 0.001, 0.05, 1, False 2.2144949694957448 75.03290325811547 7.767793007080811 0.06382788186561159 1.6156244776494317 0.529317889372548 
[5], 12, 20, 1, 0.001, 0.05, 1, False 2.054605987461077 73.35302290110009 6.997446124971828 0.09431366555911036 2.31256895341023 0.3816683884715224 
[30], 24, 10, 10, 0.001, 0.05, 1, False 1.161289704090881 39.15046279811069 2.342536511746122 0.05004169367589422 1.7437909880785327 0.13112300050358938 
[30], 24, 20, 5, 0.001, 0.05, 1, False 1.2496771731758833 41.09290432501751 2.4258413815619573 0.03131229835792962 1.0408575132876818 0.1059656292961664 
[30], 36, 20, 1, 0.001, 0.05, 1, False 1.4417273302148612 49.50369313967395 3.230839133435381 0.04863914034871974 0.687104472777576 0.10071819934678956 
[30], 24, 15, 1, 0.001, 0.05, 1, False 1.3849572171422617 47.80174870199843 3.0018372564474802 0.12591768207944062 4.169329639284083 0.4135684440505771 
[5], 24, 20, 10, 0.001, 0.05, 1, False 1.3119118188231909 42.48988585132422 2.6330786711508023 0.020471095158694642 2.666070841361573 0.14946546684731696 
[5], 36, 20, 10, 0.001, 0.05, 1, False 1.2471982191144315 40.692151549520766 2.347521035776112 0.10055014170457587 2.2794319648130377 0.20429778483803723 
[10], 1, 20, 10, 0.001, 0.05, 1, False 2.3422096855559005 74.62543332049839 8.172264808496717 0.03535521917460136 1.4210700224614063 0.19175746289753542 
[10], 12, 20, 10, 0.001, 0.05, 1, False 1.826566247448877 60.85709945233094 5.215965475957561 0.3361772399109123 11.681611734546966 1.5260226794671736 
[20], 36, 20, 10, 0.001, 0.05, 1, False 1.1189994849299112 34.43280647477088 1.977368688309239 0.06992558706629527 1.6198012997388973 0.13910327592538954 
[5], 12, 20, 5, 0.001, 0.05, 1, False 2.3035264799233395 75.34104397653154 7.662306685541047 0.015172145001619224 1.0094843688993824 0.13045037268524703 
[30], 36, 20, 5, 0.001, 0.05, 1, False 1.171484852923701 36.525011355397744 2.038810161573168 0.03648462036994339 1.725769028366986 0.152138794391613 
[20], 12, 10, 10, 0.001, 0.05, 1, False 2.0604632015788447 71.60421509166146 6.7381052612897525 0.015601090387855815 1.0248175126055856 0.2588344921625389 
[5], 1, 20, 10, 0.001, 0.05, 1, False 2.4549818538301795 76.52264003113851 8.682919594370176 0.0514008987787941 0.9452848531639446 0.2427234930129728 
[20], 1, 20, 10, 0.001, 0.05, 1, False 2.2688225419122587 72.85885853957028 7.839673062259401 0.02712501665926216 0.6549206183959209 0.19271527324078916 
[20], 12, 15, 1, 0.001, 0.05, 1, False 2.0781539390208543 68.24753046797308 6.3911258490954035 0.11655935373750953 4.709745471173479 0.9537383002800484 
[30], 24, 20, 10, 0.001, 0.05, 1, False 1.2360481993881638 40.95307165661524 2.4800478093710914 0.012088077276983796 0.9213658657387861 0.07246423942619264 
[20], 12, 20, 10, 0.001, 0.05, 1, False 1.5144724530374838 50.92335587994464 3.655875444834441 0.20240655044052216 8.282931454836373 0.9203490436646397 
[5], 12, 20, 10, 0.001, 0.05, 1, False 2.318582821902991 73.77033726000464 7.650345635468564 0.05441479012192767 1.7721905968873197 0.4488936236552389 
[30], 36, 20, 10, 0.001, 0.05, 1, False 1.1534742442925492 35.09099770276088 2.0627273094130287 0.03635247773892865 1.1070151260342915 0.1541643756068863 
