layers lag time_steps epochs l2 learning_rate mean_mae                         mean_mape mean_mse std mae std_mape std_mse 
[5], 24, 1, 1, 0.001, 0.05, 1, False 1.6725803224111189 103.05988242048953 4.542198622799943 0.08595322609593649 16.741242300014072 0.4471483891386591 
[10], 12, 1, 1, 0.001, 0.05, 1, False 2.945943085114575 210.75876204329128 12.582787125177768 1.1590936857677452 96.48633199021879 8.947756892895985 
[15], 24, 1, 1, 0.001, 0.05, 1, False 1.7549588876396973 108.72351330000042 4.599212801550599 0.07396220951342504 13.711593957733113 0.30293581455841995 
[15], 36, 1, 1, 0.001, 0.05, 1, False 1.6253666740842163 91.79788511805788 4.625818779683316 0.2347820763231795 31.0725893848247 0.43513812970117366 
[15], 1, 1, 1, 0.001, 0.05, 1, False 2.857173888474979 206.5010270569558 10.049396392491877 0.27007409917031244 24.609130034018552 1.8958060299971298 
[20], 1, 1, 1, 0.001, 0.05, 1, False 2.426496706575293 166.72000214690897 7.244645283300934 0.05834369314839532 6.207175315009 0.3106935444880721 
[15], 12, 1, 1, 0.001, 0.05, 1, False 2.724192370639907 193.6826491067757 9.374263725143804 0.41178762400904745 37.841811569227836 2.3014575792741554 
[10], 36, 1, 1, 0.001, 0.05, 1, False 2.0234100090365654 139.85221490497764 6.4085677348163586 0.5036167951521233 49.33139461717976 2.145219813061487 
[10], 1, 1, 1, 0.001, 0.05, 1, False 2.7447418472695126 196.11717343525913 9.210862770964996 0.20751328886908188 20.036751991125655 1.2509261207995537 
[10], 24, 1, 1, 0.001, 0.05, 1, False 1.9117239245351545 127.35304604564645 5.345055356681353 0.38762546807073567 34.71479444177987 1.997894484227914 
[5], 36, 1, 1, 0.001, 0.05, 1, False 1.8987322533123747 126.05316317397642 5.624696405529561 0.3408451075972361 29.832386151485792 1.0867570257131531 
[30], 24, 1, 1, 0.001, 0.05, 1, False 1.5199027114064885 91.5396301414362 3.606131750453246 0.05697443421611243 10.95930751153526 0.06684564748332424 
[30], 36, 1, 1, 0.001, 0.05, 1, False 1.2896719108283934 75.67057209306995 3.085162251000542 0.10193035579078377 13.541438834560699 0.33872647255520044 
[20], 24, 1, 1, 0.001, 0.05, 1, False 1.812916759801684 116.18384812093717 4.614607790619277 0.05838281337810095 7.023334248728495 0.24635565000261928 
[30], 1, 1, 1, 0.001, 0.05, 1, False 2.8049388582335304 203.12743853446364 9.546821564032472 0.07931253325662965 7.2045670730710825 0.5288462141392247 
[30], 12, 1, 1, 0.001, 0.05, 1, False 2.018186341346828 131.76179518355394 5.410218118456459 0.08082464905576975 7.904958319942324 0.35204270558222356 
[20], 12, 1, 1, 0.001, 0.05, 1, False 1.910602376029258 120.77903160533732 5.24348411623641 0.4092147242581446 38.6551534266787 1.6468498138405496 
[20], 36, 1, 1, 0.001, 0.05, 1, False 1.564466840930766 98.48694854984198 4.129035021369604 0.40151858718401784 40.37629368652365 1.3156344486540978 
[5], 12, 1, 1, 0.001, 0.05, 1, False 3.2145538128438162 209.6495422364035 14.5180234622431 1.2268325115299692 109.12412878044631 7.178359345547088 
[5], 1, 1, 1, 0.001, 0.05, 1, False 2.754461789614073 190.75330515745773 10.285311923378014 0.8513623181417217 77.21693835500609 6.119791223553591 
[10], 24, 1, 5, 0.001, 0.05, 1, False 1.47125383546162 84.38925229370018 3.304344562373838 0.17911441953767315 21.90204302919696 0.25918800130335434 
[5], 24, 1, 5, 0.001, 0.05, 1, False 1.2988577529822514 63.610621957848764 3.173601458940933 0.19482479423107243 8.908757296027009 0.529834275908644 
[10], 24, 15, 5, 0.001, 0.05, 1, False 2.1422734105545618 169.54935251137647 6.632535777557528 0.2834770670496191 23.90218771109009 1.6616895256416118 
[10], 12, 1, 5, 0.001, 0.05, 1, False 1.9394706230261365 117.1394315774216 5.452248184312819 0.2676032418488125 23.434582525008175 0.8621853818873568 
[30], 12, 15, 5, 0.001, 0.05, 1, False 2.022577640065854 154.87675813927146 6.4817679946940165 0.08126146666051043 8.026549266094943 0.5178415318581523 
[30], 24, 1, 5, 0.001, 0.05, 1, False 1.4548381436478206 93.08338799500125 3.031678123716587 0.28039509794899914 26.16639209138565 0.7483344195901593 
[30], 36, 15, 5, 0.001, 0.05, 1, False 2.538214619481867 205.65338149182784 9.839080699704077 0.06455952581785264 4.451501641209789 0.38851526205993964 
[5], 12, 15, 5, 0.001, 0.05, 1, False 3.3522651648390345 260.031739344472 14.80425861652198 0.5477088009072916 44.31024480664033 4.071203064090415 
[30], 36, 1, 5, 0.001, 0.05, 1, False 1.4646364100225684 91.46408999153816 2.997480532616178 0.15664522733733893 12.461635274787222 0.3725064541952592 
[30], 24, 15, 5, 0.001, 0.05, 1, False 2.22058788884983 179.14626690081977 7.591768034483735 0.15888081276606186 13.99731188642778 1.1451345952469065 
[5], 24, 15, 5, 0.001, 0.05, 1, False 2.0319369004832377 161.17868033574328 7.093644455697105 0.3378013802616512 28.45672358222086 1.8158129029048478 
[10], 1, 15, 5, 0.001, 0.05, 1, False 4.319234228927505 344.859881034367 25.994027065853643 0.26489988743749926 22.244736329807992 2.885839414012787 
[10], 12, 15, 5, 0.001, 0.05, 1, False 2.2151236450109906 174.89614751759302 8.07836956423529 0.3398687238220265 29.774433132240866 1.6291755715197025 
[15], 36, 1, 5, 0.001, 0.05, 1, False 1.6732534760333324 107.64010699320703 3.8824182679542587 0.2671727342062543 26.993233089588546 0.8917720432753559 
[15], 24, 1, 5, 0.001, 0.05, 1, False 1.2880902354019108 74.06261454426688 2.778828425212566 0.2287513331418411 21.093068663367905 0.5754435112508016 
[15], 1, 1, 5, 0.001, 0.05, 1, False 3.7107376996289805 284.4457557974726 17.455033354747446 0.8087805911858484 64.54636063499284 7.436349848896777 
[15], 24, 15, 5, 0.001, 0.05, 1, False 2.278588029035126 181.46486827314143 7.416716215004313 0.027333947843006835 3.1075234060401398 0.14245524921280756 
[20], 1, 1, 5, 0.001, 0.05, 1, False 4.438230304461387 349.54025100668906 24.95656949216325 0.5807829323337084 50.3001346146641 6.753989225355422 
[10], 36, 1, 5, 0.001, 0.05, 1, False 1.452969396749352 95.30441594426185 3.2967376171548017 0.4708094773496471 43.60430194853355 1.207733841200685 
[15], 1, 15, 5, 0.001, 0.05, 1, False 3.8848783429091185 307.351637139112 20.98658774449124 0.2239232495784293 20.397269927653916 2.7654301829184855 
[15], 12, 1, 5, 0.001, 0.05, 1, False 2.0074156891645143 121.91680878969038 5.833575764486679 0.24223519733518675 21.496992545259964 1.0588116912352221 
[15], 36, 15, 5, 0.001, 0.05, 1, False 2.4468922281189376 196.05773846411583 8.660828295423293 0.12946191979036362 11.955748736587251 0.799001232432421 
[10], 24, 5, 10, 0.001, 0.05, 1, False 1.96643919906303 153.48061035739116 5.962045545639249 0.07974093458207218 9.42295658392733 0.26054515169686704 
[10], 1, 1, 5, 0.001, 0.05, 1, False 4.021294760297018 311.8268933877491 21.699442901530777 1.129485936894237 98.92210048443387 10.402666820255186 
[20], 1, 15, 5, 0.001, 0.05, 1, False 3.675455250722116 290.3385562891243 19.314891578747833 0.10114372525289035 9.057365390177354 0.9043940776686279 
[30], 1, 1, 5, 0.001, 0.05, 1, False 4.742035136226979 380.07305894802613 28.616766195499466 0.12473382194062169 12.391773806193067 1.7793339547792084 
[20], 24, 1, 5, 0.001, 0.05, 1, False 1.5481280713756052 104.02123450144352 3.3016501476628872 0.1498472317845411 18.456057631431296 0.6866123269610005 
[5], 36, 1, 5, 0.001, 0.05, 1, False 1.6011894563454445 103.21832493724514 3.792159512019751 0.39489359046157546 38.79441774891098 1.0267791710233167 
[30], 12, 1, 5, 0.001, 0.05, 1, False 2.244338748274647 152.1443649767298 6.98587040345907 0.20285324564648577 18.247262878579065 1.1095065848359764 
[15], 12, 15, 5, 0.001, 0.05, 1, False 1.926238404135047 149.5729556557346 5.797829193709272 0.04518313251493227 2.094048083103159 0.413214020056889 
[20], 12, 1, 5, 0.001, 0.05, 1, False 2.100873967436039 136.00322761136877 6.535651032524616 0.14510338857411306 15.32620381963983 1.0085567790929888 
[10], 36, 15, 5, 0.001, 0.05, 1, False 2.3027180184127283 180.15326548254816 8.021057093092166 0.456933715753082 37.8256491405199 2.261635921291011 
[20], 36, 1, 5, 0.001, 0.05, 1, False 1.5635227150007809 103.37343879145332 3.439791490131023 0.27915535551724613 26.97446973439071 0.8488284281518056 
[5], 1, 1, 5, 0.001, 0.05, 1, False 2.6224026778988816 191.79623907775 8.30213016767637 0.22473683869175873 22.842266532033896 1.4929114194799857 
[5], 12, 1, 5, 0.001, 0.05, 1, False 2.1962342955210867 139.78876810531176 6.790003249544277 0.6941182237892136 64.65983406217059 3.4118377899854884 
[20], 24, 15, 5, 0.001, 0.05, 1, False 2.3429974958093633 190.38500339546354 8.379670891196584 0.15058533630360016 12.906300382510397 0.8860145647493967 
[20], 12, 15, 5, 0.001, 0.05, 1, False 1.919804082469394 148.75213629040158 6.048413960108306 0.06875666362666748 6.251969593301176 0.36480826698098845 
[30], 1, 15, 5, 0.001, 0.05, 1, False 3.49659800802668 274.89973708893734 17.465872997417843 0.2215458933088083 19.072539585469393 2.020708631333853 
[20], 36, 15, 5, 0.001, 0.05, 1, False 2.401619047950953 191.5540228825322 8.381237385423193 0.16989507082444932 12.051063056236405 0.7538038816416384 
[10], 24, 10, 1, 0.001, 0.05, 1, False 2.1359370506851487 163.28789570241247 6.739063262476989 0.23968999018413073 19.502752396250575 1.1302275832051316 
[5], 36, 15, 5, 0.001, 0.05, 1, False 1.9725691635299611 147.78537278925032 6.015293107999011 0.23386533634414203 17.55647102117134 1.5047229548118344 
[30], 36, 5, 10, 0.001, 0.05, 1, False 2.5550343168209557 204.9500740336215 9.464075414957422 0.11085385001484477 9.5986094556871 0.7473924129962362 
[30], 24, 5, 10, 0.001, 0.05, 1, False 2.2874693370734653 181.09764289059424 7.78710658074021 0.09933975449536825 6.195238243936035 0.6698521742644207 
[5], 12, 5, 10, 0.001, 0.05, 1, False 3.6476720724806744 282.53890827790633 17.66183536015671 0.3131691126325343 24.71778755656194 1.5552353629162698 
[5], 1, 15, 5, 0.001, 0.05, 1, False 4.519879126583262 363.2763204809809 27.247111686802707 0.40786937119461364 31.765374609220157 5.553759786289941 
[5], 24, 5, 10, 0.001, 0.05, 1, False 2.102560994591288 165.46763265746225 7.212011757191621 0.1758335803399527 16.725778050740274 0.7383653722157376 
[10], 12, 5, 10, 0.001, 0.05, 1, False 2.99317696576731 230.356180511565 11.490730761192474 0.23205628368596898 18.48636044916451 1.537729436586308 
[10], 1, 5, 10, 0.001, 0.05, 1, False 4.117938327416778 319.8148424875329 22.828056015551947 0.13847740460038446 8.491249757021174 1.7686915682340734 
[15], 12, 5, 10, 0.001, 0.05, 1, False 3.001387663909958 232.8493757125813 11.390586513293039 0.12434420100995337 11.08648800504698 0.9271586747466493 
[10], 36, 5, 10, 0.001, 0.05, 1, False 2.644790765891473 205.14499559027794 9.734416753914742 0.6337093265112383 46.415126246525254 3.901497759665637 
[20], 1, 5, 10, 0.001, 0.05, 1, False 3.518800248067689 270.5798941580944 17.06114617750085 0.1126677136752129 9.404569834796328 1.2548921381984928 
[15], 24, 5, 10, 0.001, 0.05, 1, False 2.057358835275388 164.49898680104863 6.40979966414753 0.06934359911495906 5.797142631858983 0.31048142037822085 
[30], 36, 10, 1, 0.001, 0.05, 1, False 2.427689534725829 193.46625088840676 8.851742017712626 0.15846196107681051 11.678459704506897 0.8939446844947325 
[5], 12, 10, 1, 0.001, 0.05, 1, False 3.9189609574291993 306.8368934009388 19.263115043520113 0.1139590665619792 10.175587378725407 0.8895472431672217 
[30], 24, 10, 1, 0.001, 0.05, 1, False 2.1949912198129353 167.61028394179644 6.671518489539476 0.028382809237793287 1.6310075799241066 0.26980261812275413 
[5], 24, 10, 1, 0.001, 0.05, 1, False 1.924740667220343 139.40285360982307 5.500414692318053 0.22016009326370614 20.165472293245593 0.722997349355288 
[15], 36, 5, 10, 0.001, 0.05, 1, False 2.248671287463771 177.49630275282104 7.257033061243887 0.1312520978898773 10.95306105895068 0.6184178668535271 
[15], 1, 5, 10, 0.001, 0.05, 1, False 4.206831805221737 322.9051553450786 25.365552369524398 0.265999061167055 21.440665734705345 5.240688870786132 
[10], 12, 10, 1, 0.001, 0.05, 1, False 3.1544878192176977 247.72651048749762 13.013057062428649 0.27496801245444435 26.084548713097295 2.4240846767527016 
[10], 1, 10, 1, 0.001, 0.05, 1, False 3.637244074274269 285.5712284038512 16.221770092012942 0.03524539471509039 2.8155424088425534 0.2910077761196949 
[10], 36, 10, 1, 0.001, 0.05, 1, False 2.5126193726573276 195.53687686892704 9.574118439415932 0.6826202045253752 60.65613426030999 5.023563296750433 
[15], 12, 10, 1, 0.001, 0.05, 1, False 2.657141433231947 200.67462387908458 9.009890766202673 0.453702596252682 38.20533943622585 2.6828587291071386 
[20], 1, 10, 1, 0.001, 0.05, 1, False 3.3692786578502925 263.9489868384956 13.890252887617942 0.07282717373460408 7.982035484014646 0.6872387524062361 
[20], 12, 5, 10, 0.001, 0.05, 1, False 2.762306830638813 214.42448489205165 10.092774863386888 0.06597509049152414 5.487290022356309 0.6389827687556254 
[10], 24, 1, 10, 0.001, 0.05, 1, False 1.4762821686859413 94.07771671641841 3.32678299707848 0.12194474072231556 4.376888237404645 0.730835752954608 
[20], 36, 5, 10, 0.001, 0.05, 1, False 2.7415354883436254 217.18624786680166 10.311620221231925 0.22729673016567845 16.778494341425365 1.3475239710732283 
[15], 24, 10, 1, 0.001, 0.05, 1, False 2.3308898977004 175.35526009592834 7.446625682837108 0.4315770144020027 34.85492153987411 2.1461870254121704 
[30], 1, 5, 10, 0.001, 0.05, 1, False 3.350114629141711 253.13861497642884 16.01597712688005 0.08950911173815543 6.48810406597848 0.9661145491548098 
[5], 24, 1, 10, 0.001, 0.05, 1, False 1.4658291677909867 99.55339125192158 3.0439776692695797 0.1468329641645622 11.929508159913928 0.35628772516323653 
[15], 36, 10, 1, 0.001, 0.05, 1, False 2.680632800353622 210.7230758160707 10.042084450979939 0.34828947507891217 30.78335913847303 2.2533029303619823 
[30], 12, 5, 10, 0.001, 0.05, 1, False 2.537740615506968 196.37234675554475 8.965671889618692 0.022426538138398126 1.787805856175131 0.29910566434147656 
[15], 1, 10, 1, 0.001, 0.05, 1, False 3.5912646228861482 283.2346630030002 15.875735460459046 0.03516511722966432 3.367527438065785 0.3685832092224549 
[20], 24, 5, 10, 0.001, 0.05, 1, False 2.0592245769100606 165.45152253554798 6.6357359525867645 0.12748138327702135 10.593966095492233 0.635533974765567 
[30], 24, 1, 10, 0.001, 0.05, 1, False 1.574571637522981 106.74157235178961 3.2491495477495005 0.0856299791460954 7.488280522344355 0.3068794143652267 
[10], 24, 5, 1, 0.001, 0.05, 1, False 2.1055335253580574 160.46628118955326 6.625260848917645 0.17754891440601278 12.866279659906025 0.5232210744857192 
[30], 36, 1, 10, 0.001, 0.05, 1, False 1.5594893501243658 104.33954376795752 3.3228034756379192 0.10629457786272903 9.87458013137741 0.261129909679562 
[5], 36, 5, 10, 0.001, 0.05, 1, False 2.625234280533537 196.77168849931707 9.198143441214022 0.27857638850221217 21.42758640180111 1.5334941977828782 
[10], 24, 10, 5, 0.001, 0.05, 1, False 2.1047617009323507 166.85091024929832 6.752024013567745 0.09894185245704269 8.912981715101777 0.3555647920527826 
[20], 12, 10, 1, 0.001, 0.05, 1, False 2.377852002607176 182.62354787810523 7.992137708648489 0.24555992411809616 24.869108265497037 1.8394989579262575 
[5], 1, 5, 10, 0.001, 0.05, 1, False 4.098072952390821 325.5216266748925 21.310307109899277 0.08550102341972828 6.10234815220313 0.7743973502027309 
[20], 36, 10, 1, 0.001, 0.05, 1, False 2.4421887258930064 192.92231630601694 8.525131261820937 0.19518826603519826 16.865242954067185 0.9075994906885461 
[5], 24, 5, 1, 0.001, 0.05, 1, False 2.4923413786054076 189.7742287746074 9.388604670856436 0.5766974300340727 49.66278972521802 3.055455944715997 
[30], 1, 10, 1, 0.001, 0.05, 1, False 3.217800937917222 253.10156727193976 12.689426086481165 0.03101806281694628 2.555961890873725 0.25708597091293955 
[10], 12, 1, 10, 0.001, 0.05, 1, False 2.1967046299397395 144.22948258433698 6.903964832090534 0.33587125176200305 32.58428715218241 1.6177237769586688 
[20], 24, 10, 1, 0.001, 0.05, 1, False 2.3311584282735436 180.54952806952156 7.690740675560426 0.1127725956373391 9.33236430955215 0.7529995761973486 
[30], 12, 10, 1, 0.001, 0.05, 1, False 2.4045011469714903 181.6094395788274 7.781007917088458 0.11260985560940592 13.2337727428898 0.9218043031154673 
[5], 36, 10, 1, 0.001, 0.05, 1, False 2.408291087441009 186.70691817637564 8.857852046284506 0.7317562425547831 56.86262645356788 3.725883220114697 
[30], 24, 5, 1, 0.001, 0.05, 1, False 2.3108771455405215 170.53399975655168 7.161146391434323 0.05137179580613139 4.399007554814811 0.4980153294558171 
[5], 1, 10, 1, 0.001, 0.05, 1, False 3.7868721619662318 296.5244533999505 17.64591003611268 0.17685527492844408 15.28304175004355 1.7798747657764726 
[30], 36, 15, 10, 0.001, 0.05, 1, False 2.4849912945422585 199.74812432734845 9.127028170277429 0.04170321715377325 4.350478183714651 0.4369423718530625 
[30], 36, 5, 1, 0.001, 0.05, 1, False 2.1983975020202773 167.37331974724472 6.944493262117824 0.06605413489076185 1.2898458057868365 0.16577605834650133 
[30], 24, 15, 10, 0.001, 0.05, 1, False 2.311004917344286 185.91045209649496 8.442987279689092 0.08693996364838776 7.7892125905811085 0.7228096589690218 
[30], 12, 15, 10, 0.001, 0.05, 1, False 2.1925077090833205 170.43245366808353 7.558460313715219 0.09830928069509455 7.820654343376927 0.7882825069200614 
[30], 24, 10, 5, 0.001, 0.05, 1, False 2.173194082764288 172.91315517684242 7.289139987898569 0.1204756316276783 10.333015639865392 0.8057369369039794 
[30], 36, 10, 5, 0.001, 0.05, 1, False 2.458718668414211 198.64879675521183 8.869433238486346 0.09806736516555799 8.607629615730971 0.6474885673613519 
[15], 1, 1, 10, 0.001, 0.05, 1, False 5.2667453270474525 426.3775071248183 37.10741994287452 0.4999837040563568 40.12324247972868 7.997983590967003 
[5], 12, 10, 5, 0.001, 0.05, 1, False 3.3529639610330815 258.76015929068075 15.150201186486965 0.4458760526060227 29.187165978458314 2.7990093329710244 
[15], 24, 1, 10, 0.001, 0.05, 1, False 1.3983432057973308 73.85582282778773 3.1563668824813376 0.20596088284241354 12.764770854466756 0.7015299001260163 
[10], 36, 1, 10, 0.001, 0.05, 1, False 1.4424513062841637 96.04710244229686 2.9749371803764038 0.33176803021412854 31.06282016476483 1.0186046918563756 
[5], 24, 10, 5, 0.001, 0.05, 1, False 1.8571680021989678 144.08944299475934 5.342864261193912 0.19838456135549903 18.793329375492924 1.328999232125038 
[15], 36, 1, 10, 0.001, 0.05, 1, False 1.4759535860399617 93.56503251179237 2.9286266499507243 0.18438202790830396 20.68259098025712 0.40080515772530106 
[10], 12, 5, 1, 0.001, 0.05, 1, False 3.851243443931971 300.2872710736895 18.59767155558204 0.4325661941939922 38.045125500927654 4.479838370634073 
[20], 1, 1, 10, 0.001, 0.05, 1, False 5.41881790028678 439.6944276285064 39.47945510601911 0.1721128080606362 13.482655657582416 2.5106774833395655 
[15], 12, 1, 10, 0.001, 0.05, 1, False 2.40098874622749 166.2976735695123 7.734077297146811 0.20388225068459842 18.446581389934195 1.1773782441581582 
[10], 24, 15, 10, 0.001, 0.05, 1, False 2.4019922121910864 192.25111892461246 8.55801322794917 0.06193390094398727 4.261530540627105 0.4069721417385566 
[30], 36, 20, 1, 0.001, 0.05, 1, False 2.1716170635902223 170.71985025632702 6.917394501731649 0.13093501023719506 12.165482030211017 0.8404150009106511 
[20], 12, 1, 10, 0.001, 0.05, 1, False 2.1913473730855104 147.38591458984908 6.615736897120493 0.033099720009753524 3.2861157013647064 0.3277389504247248 
[30], 24, 20, 1, 0.001, 0.05, 1, False 2.2323570991555854 176.65396239907727 7.4425735381441385 0.2579407080979586 21.68298038393051 1.2660679054609814 
[30], 12, 20, 1, 0.001, 0.05, 1, False 2.24729250235897 171.798493726756 6.89194242481102 0.021492429020353435 2.4053522527685827 0.19242810545795222 
[30], 1, 1, 10, 0.001, 0.05, 1, False 5.101170759199671 412.849662905044 34.966820868904314 0.3399401566510131 25.58236712093666 5.233673370596067 
[10], 1, 10, 5, 0.001, 0.05, 1, False 3.8050880780857472 302.49462854240386 20.14428628065018 0.45534697096101856 37.56810941364291 4.191869402818049 
[10], 12, 10, 5, 0.001, 0.05, 1, False 2.481282465115052 187.65272220872455 8.564810229472956 0.0449802617838633 3.045251307534906 0.26361430678572584 
[30], 12, 1, 10, 0.001, 0.05, 1, False 2.2108081464138296 147.53702216908775 7.075947910730167 0.006228335103285339 1.226413395428205 0.0788699789737157 
[20], 24, 1, 10, 0.001, 0.05, 1, False 1.176796473809346 65.52284457080641 2.2989996390001592 0.20045040151986895 23.718767614562477 0.32855738752948216 
[5], 12, 15, 10, 0.001, 0.05, 1, False 2.188338830391014 165.32151569709202 7.329286494162162 0.38082167415945534 33.33189582719885 2.1654892551328406 
[10], 12, 15, 10, 0.001, 0.05, 1, False 2.023435504900085 154.92140290458795 6.590667491349037 0.22658536552665529 17.038190449740643 0.9270261874084923 
[5], 24, 15, 10, 0.001, 0.05, 1, False 2.401550237927586 190.9666412649043 8.354367439813203 0.2010672105234731 16.428975927219366 1.274228662570646 
[10], 1, 15, 10, 0.001, 0.05, 1, False 4.157916669968379 331.9342110475757 24.337648287168264 0.2393178307856293 19.050046999555285 2.5621699577668258 
[20], 36, 1, 10, 0.001, 0.05, 1, False 1.392469120225697 87.47708736785796 2.9123783499809854 0.3978502645327398 40.98897611632637 0.9710293928407266 
[20], 1, 10, 5, 0.001, 0.05, 1, False 3.3864223884418614 265.6744477146963 16.621218332598733 0.08352417815717171 6.786828710881259 0.6158296716693987 
[15], 12, 10, 5, 0.001, 0.05, 1, False 2.374409227425026 184.93579507084928 8.108896241741688 0.2687194643467241 22.27372396592142 1.6251123725799288 
[10], 36, 10, 5, 0.001, 0.05, 1, False 2.5239620770569204 199.67375082219027 9.529358228159548 0.37271088297156707 32.0539381794029 2.6946995143039314 
[15], 1, 5, 1, 0.001, 0.05, 1, False 3.6090431424271734 281.1806126927104 15.865745387426585 0.109450418396987 9.73715436757467 1.0403395205681947 
[10], 1, 1, 10, 0.001, 0.05, 1, False 4.746952683147456 380.17246755863243 28.874173578513094 0.3864858000193161 33.14093154824368 5.158090396478602 
[15], 24, 5, 1, 0.001, 0.05, 1, False 2.080255002345614 150.79561471291797 6.1050216624110725 0.23382441560644787 18.449145608666402 0.8365610124286078 
[10], 24, 20, 1, 0.001, 0.05, 1, False 2.0316050457181754 155.92148287746943 6.073670633255927 0.16619696293191547 11.593865254489122 0.5772888038572106 
[10], 36, 5, 1, 0.001, 0.05, 1, False 2.3369115505505493 179.5837159862181 7.595314094422527 0.12110157543350542 8.855435841574524 0.854235839224708 
[15], 36, 5, 1, 0.001, 0.05, 1, False 2.5692733761819984 197.83937328168236 9.2829737008294 0.29904513726626136 20.272934054079993 1.559740206762697 
[20], 1, 5, 1, 0.001, 0.05, 1, False 3.5808713609766634 276.78545589151554 15.479212832004789 0.06812910356744706 5.851185964811697 0.6183078022942612 
[10], 24, 5, 5, 0.001, 0.05, 1, False 1.969818758926596 153.88098851839288 6.005087819840926 0.22533207786878826 17.943928995810147 1.4635936973853216 
[5], 36, 1, 10, 0.001, 0.05, 1, False 1.8631611988965977 127.40356663008623 4.573109557077649 0.4315422871650769 39.186607177496235 1.6160848100534957 
[15], 1, 10, 5, 0.001, 0.05, 1, False 3.4092374297824732 266.2538653210605 17.094023060156225 0.3635093012384365 33.52298455265317 3.1004736366925343 
[15], 12, 5, 1, 0.001, 0.05, 1, False 3.211916435972133 246.43461723114433 12.702687688144737 0.41410615003866497 32.47165489514621 3.3226260826267744 
[15], 24, 10, 5, 0.001, 0.05, 1, False 2.1275240597936014 170.66557600658203 7.102946279615767 0.35940115356990004 30.228066028086698 2.0651017543068506 
[5], 1, 1, 10, 0.001, 0.05, 1, False 6.603795889082055 523.3246580074257 55.249452520803914 0.7444777903528002 52.42722315892899 11.497184114174853 
[20], 12, 5, 1, 0.001, 0.05, 1, False 3.02603359375563 234.61094124211047 11.552138931988397 0.14422899776389767 12.18491776016446 1.1060470278801533 
[15], 36, 10, 5, 0.001, 0.05, 1, False 2.1779618237443548 172.65654049227746 6.880752031900435 0.1806446161952559 15.222227927729723 1.037293902559356 
[30], 1, 5, 1, 0.001, 0.05, 1, False 3.5080578798842104 273.7455866323763 14.984990912095071 0.03973260817988088 2.989025176406349 0.32949479606492593 
[5], 12, 1, 10, 0.001, 0.05, 1, False 2.6268881187946715 176.18738736484283 9.965192979671897 0.1432320346724635 9.340017491892528 1.4206734815593187 
[5], 24, 5, 5, 0.001, 0.05, 1, False 1.7505641874288103 133.21924545646155 5.286333910254693 0.2970243504682873 23.707992034320608 1.154397207922622 
[5], 12, 20, 1, 0.001, 0.05, 1, False 3.1795822669579477 242.2837011430972 13.260869434755671 0.9253210229328727 76.56052940356184 7.601319701155183 
[5], 24, 20, 1, 0.001, 0.05, 1, False 2.0864649466790817 160.93188631513013 6.480505613174668 0.2501357180599397 22.235043448631128 1.5659746826097949 
[10], 1, 20, 1, 0.001, 0.05, 1, False 3.210956670806089 246.67938342646934 12.387922635289902 0.06377778146615007 5.537049163234658 0.49796185722155195 
[10], 12, 20, 1, 0.001, 0.05, 1, False 2.1784899387681103 165.8538097930093 7.062317724468632 0.53569795322848 47.41803749951221 3.1344600659543933 
[15], 1, 15, 10, 0.001, 0.05, 1, False 3.8564859798109095 305.1102264306489 21.1092209879188 0.24171912769067652 19.851644609839305 2.942364927168698 
[30], 12, 5, 1, 0.001, 0.05, 1, False 2.8942443355090095 221.3604191859326 10.366446058616 0.012448856989366203 1.7570551031105592 0.15042591729573215 
[20], 24, 5, 1, 0.001, 0.05, 1, False 2.0313621822882584 150.1193035444477 5.867101323382957 0.12874881218370263 5.6291997094342126 0.38837239376894833 
[20], 36, 5, 1, 0.001, 0.05, 1, False 2.3046952354238823 173.09515049382046 7.523750867388717 0.10472056357223616 16.95362561550185 0.9328726386627048 
[15], 24, 15, 10, 0.001, 0.05, 1, False 2.3063260481934305 187.5203366573976 8.29159906649025 0.059774490337685345 4.757047225112467 0.30069050632265254 
[30], 36, 5, 5, 0.001, 0.05, 1, False 2.4578817417534693 197.1787619344174 8.741402989149508 0.16817185983420133 14.128672700583266 1.220367555504619 
[30], 24, 5, 5, 0.001, 0.05, 1, False 2.0661123574124995 160.3313443989418 6.0234970498585065 0.11059636789658853 10.518249522787215 0.8210268031590521 
[15], 36, 15, 10, 0.001, 0.05, 1, False 2.4998267969116568 200.19149686187646 9.18005541461365 0.365874261162272 28.61587728398612 2.552175147704771 
[20], 12, 10, 5, 0.001, 0.05, 1, False 2.4293237977005826 190.37904188757093 9.085180147816603 0.15117645598256424 12.218506016304493 1.00251015368159 
[10], 1, 5, 1, 0.001, 0.05, 1, False 3.7174950415682466 289.9347017515867 16.857891940843952 0.08544610831169122 7.736564119349965 0.8609059019061468 
[20], 1, 15, 10, 0.001, 0.05, 1, False 3.606026905775071 284.3625360897317 18.69247028834462 0.186640966403686 15.674959886967665 1.6786669462173875 
[20], 36, 10, 5, 0.001, 0.05, 1, False 2.1837196644912997 174.9275925405489 7.31323812724962 0.2148407810283289 17.800170061764657 1.2098195495654913 
[30], 1, 10, 5, 0.001, 0.05, 1, False 3.339032391265587 262.16399172867995 15.945570019639666 0.13682097050292003 11.184952893375005 1.430934341807997 
[10], 36, 15, 10, 0.001, 0.05, 1, False 2.2063423724051705 176.86374141203365 7.102138190885391 0.15733112045541991 14.278832797787913 0.9949156811004976 
[5], 36, 5, 1, 0.001, 0.05, 1, False 2.0924590536824397 159.79420495141557 7.05989235156627 0.41833479364051046 35.90608740921225 2.178294285745797 
[15], 12, 15, 10, 0.001, 0.05, 1, False 2.064850062719995 160.7942612358033 7.342580528931379 0.11947195421167497 11.284883761220854 0.47714867882456435 
[5], 1, 5, 1, 0.001, 0.05, 1, False 4.164730941683607 320.62543971092765 20.93309375025886 0.09206616061310482 7.281521170020247 0.8769171318838875 
[5], 12, 5, 1, 0.001, 0.05, 1, False 4.1068017904922645 317.5475090672355 21.01310813083637 0.4611285112113628 36.71994086714663 4.561496706929431 
[20], 24, 10, 5, 0.001, 0.05, 1, False 2.3165501368749473 186.539571922392 7.936097257499116 0.011633141171772542 1.321339792330601 0.15888117205504698 
[30], 12, 10, 5, 0.001, 0.05, 1, False 2.282426711654774 176.1430197933007 7.536602348716058 0.04266165543624454 4.661935985967263 0.5211767059170577 
[15], 1, 20, 1, 0.001, 0.05, 1, False 3.403977506462899 267.7352237534126 14.195885084231298 0.06401376045888803 6.650428861370923 0.6697318328795295 
[5], 36, 10, 5, 0.001, 0.05, 1, False 2.8721945332363252 219.94852014538722 10.983357748572997 0.2735587953712178 19.071634226791804 1.5518733410286798 
[15], 24, 20, 1, 0.001, 0.05, 1, False 2.1530245088489246 164.65476653319283 6.441352040414901 0.1961919428275833 17.425882972929205 1.4752696683913338 
[20], 12, 15, 10, 0.001, 0.05, 1, False 1.8945394539688198 146.4901652189355 5.814540171589848 0.1433258410320047 11.273590364101851 0.6729659552401469 
[15], 36, 20, 1, 0.001, 0.05, 1, False 2.1621051760459387 169.04955707646457 6.867483224247471 0.24490849855426236 21.222324337157964 0.8594362941893519 
[5], 1, 10, 5, 0.001, 0.05, 1, False 4.1241030659871525 327.5012998844515 22.500383436290758 0.30936157711405454 26.21166008493173 2.5200610993040002 
[20], 36, 15, 10, 0.001, 0.05, 1, False 2.6120668886229397 207.68333410661202 9.622811113022307 0.2878021652315376 22.500972811644452 1.6324558059741874 
[20], 1, 20, 1, 0.001, 0.05, 1, False 3.0465832950547345 235.55049766780394 11.17441521818427 0.11095311811014488 11.150334144484376 0.903931911527979 
[10], 12, 5, 5, 0.001, 0.05, 1, False 2.965388041713999 227.61979101335567 11.574739180053617 0.3062990946161599 23.55844437213428 1.9154260694079137 
[20], 24, 15, 10, 0.001, 0.05, 1, False 2.3852102789372487 193.39346394536415 8.80897282276589 0.043445441103106185 4.577158343632944 0.4403546285586604 
[30], 12, 20, 5, 0.001, 0.05, 1, False 2.0372700285338974 156.51770464419258 6.710709841604497 0.1657891119416517 13.375586101122362 0.8155732031225583 
[30], 1, 15, 10, 0.001, 0.05, 1, False 3.6674069494009025 288.2454994847844 19.415899679608085 0.05649801237310235 4.731557548776742 0.57691383319045 
[30], 36, 20, 5, 0.001, 0.05, 1, False 2.397753653989208 193.14372378143003 8.860691793494553 0.17523041878890905 14.514729610444208 0.847001662841486 
[10], 36, 20, 1, 0.001, 0.05, 1, False 1.9460484376487635 145.87630728683004 5.03982856776359 0.028423972633543116 7.192311004489312 0.4529546295446882 
[30], 24, 20, 5, 0.001, 0.05, 1, False 2.4634495891872104 199.90489488429247 9.066041578479433 0.10379868885371296 8.83548938650345 0.729887177096606 
[15], 12, 20, 1, 0.001, 0.05, 1, False 2.151354488123346 162.30988691211272 6.197150185569538 0.18756299232733492 17.61234124848212 1.2567664145255593 
[5], 1, 15, 10, 0.001, 0.05, 1, False 4.5279011833447 363.22274205218054 28.47761152758095 0.3232554138477777 24.557655554218908 4.384923975454157 
[5], 36, 15, 10, 0.001, 0.05, 1, False 2.5714528985804432 198.40864799884488 9.735667585168143 0.6024971944790863 43.81885057377806 3.5451968710404156 
[15], 24, 5, 5, 0.001, 0.05, 1, False 2.1454073458047653 168.05462038753902 6.637146003639027 0.08236406588491146 6.7254250399172495 0.28830167511175187 
[15], 1, 5, 5, 0.001, 0.05, 1, False 3.69999476954065 291.6710015910485 17.740567928942884 0.14148600298302286 11.641911479666877 1.3283179956314086 
[30], 24, 10, 10, 0.001, 0.05, 1, False 2.119283355617275 168.8264131939268 7.175965469783244 0.04000222082451334 1.213222421970214 0.28765634637773746 
[20], 12, 20, 1, 0.001, 0.05, 1, False 2.1548509780938425 168.48894746116562 7.0671321664844875 0.08094263758972274 6.8330493386274895 0.5673982290315176 
[10], 24, 20, 5, 0.001, 0.05, 1, False 2.242172701498149 175.67990837658417 7.000695651858851 0.18534702527584876 15.367187883778481 0.9498349998289756 
[10], 24, 10, 10, 0.001, 0.05, 1, False 2.283484238072264 182.48101084620808 7.877311209471468 0.24592518416092216 18.35829835344287 1.2162846003475183 
[30], 36, 10, 10, 0.001, 0.05, 1, False 2.392112270673668 193.4521602827258 8.429314406481373 0.0962072167279429 8.221975718332583 0.712316542021865 
[20], 36, 20, 1, 0.001, 0.05, 1, False 1.9108437247332875 148.07753350254634 5.4423730597982996 0.06946642092769145 7.935920500774733 0.588334279868102 
[10], 36, 5, 5, 0.001, 0.05, 1, False 2.523115109828198 195.38795464913508 8.845877484435913 0.2206515895902737 19.117401849855657 1.1265686062597393 
[20], 24, 20, 1, 0.001, 0.05, 1, False 2.1364246258029236 160.57944299258895 6.45758346077857 0.06504856515412952 8.980482414382882 0.9300304551339078 
[20], 1, 5, 5, 0.001, 0.05, 1, False 3.510863014013955 274.20461655024604 16.713961730631475 0.19045500714396177 16.900697921330398 1.261252451720443 
[30], 1, 20, 1, 0.001, 0.05, 1, False 3.2177968601316773 254.37266626955932 13.101255939098204 0.1864631557439401 17.20948148136431 1.7450492685707966 
[15], 12, 5, 5, 0.001, 0.05, 1, False 3.0586308254687875 240.2726933638077 12.131673875019736 0.10148043917694552 7.985159261834101 0.8446947738776759 
[15], 36, 5, 5, 0.001, 0.05, 1, False 2.6890381666038325 212.41993807568778 9.784525800536786 0.2193762780242783 19.03395652138011 1.5425560778881133 
[5], 1, 20, 1, 0.001, 0.05, 1, False 3.6509991366830143 284.58328355485577 16.47131647499354 0.3091116103023868 28.339058996269546 2.8973926907171035 
[5], 24, 20, 5, 0.001, 0.05, 1, False 2.1080702603242742 165.67720812832638 6.471110781248222 0.2133692440305607 17.772252195682505 1.512480872443725 
[5], 12, 20, 5, 0.001, 0.05, 1, False 2.530488222237263 195.60444509131094 9.560869295647267 0.6003144694196223 54.76331456524796 5.194244545654144 
[5], 24, 10, 10, 0.001, 0.05, 1, False 2.462289991464328 197.80671114299938 9.242223632376367 0.1186713073192276 12.241167749546245 0.8345963790669552 
[20], 12, 5, 5, 0.001, 0.05, 1, False 2.9267854536711067 226.420546210121 10.917381539122454 0.2290097965816189 17.673982427075963 1.588732273765176 
[30], 1, 5, 5, 0.001, 0.05, 1, False 3.3604576730617777 260.1899713510342 14.924304980529683 0.12677914393931505 13.316527994045314 0.7843032297292627 
[5], 36, 20, 1, 0.001, 0.05, 1, False 2.446745236918193 193.94294175799453 8.808706355830521 0.21995128981904544 16.773444313857794 1.1343339386100706 
[5], 12, 10, 10, 0.001, 0.05, 1, False 2.9183105613346463 217.37369170102318 11.127636196757015 0.2206333044885216 13.381206882531473 1.4960550057569357 
[10], 24, 15, 1, 0.001, 0.05, 1, False 2.0797967522853504 154.48398859395763 5.862574093582274 0.14663291074332047 8.836619173793904 0.571019761110352 
[30], 24, 15, 1, 0.001, 0.05, 1, False 2.297014515005328 178.6774208932219 7.301746779633862 0.03186840123530031 1.037944779285732 0.17254539928281912 
[30], 12, 5, 5, 0.001, 0.05, 1, False 2.6877826241155476 208.15320166560264 9.561731416918022 0.04792799445399735 4.734219791496112 0.18621687633829725 
[20], 24, 5, 5, 0.001, 0.05, 1, False 2.155137129086587 169.29619620594016 6.680845318340155 0.08132043500641871 5.5457841954799525 0.3707215135689537 
[20], 36, 5, 5, 0.001, 0.05, 1, False 2.495299032485734 197.13193258631472 8.764175612825744 0.15861434905686633 16.738993502569695 1.2582923319420434 
[30], 36, 15, 1, 0.001, 0.05, 1, False 2.164318723324687 173.48840878881484 7.378053177989145 0.0655289495042018 5.569922556459477 0.5794693588154858 
[10], 12, 20, 5, 0.001, 0.05, 1, False 1.7376019762759964 130.24726738545468 4.932894714000742 0.1715933589911522 14.037839826173053 0.4743401248910487 
[10], 1, 20, 5, 0.001, 0.05, 1, False 4.11881890082387 330.4650253056488 23.11640442626444 0.13654305893999902 11.692593198630721 1.7000659660583313 
[10], 1, 5, 5, 0.001, 0.05, 1, False 3.7715610694761073 298.0173917333538 17.764378163751598 0.15097045472823464 12.20326051752356 1.4961253069246945 
[5], 36, 5, 5, 0.001, 0.05, 1, False 2.6739108936171294 202.77884371143898 9.493155496730875 0.5395763284843789 42.5506034129758 3.285401910433648 
[5], 1, 5, 5, 0.001, 0.05, 1, False 3.992586988169286 316.29790323173694 19.981905212635464 0.188339642671381 14.968682429724197 1.9562195046229014 
[5], 12, 5, 5, 0.001, 0.05, 1, False 4.006185012359034 312.8309613710549 20.485334193540023 0.4441313140230725 35.77668338041862 3.710149580473684 
[10], 1, 10, 10, 0.001, 0.05, 1, False 3.9037454814684622 304.259156995934 23.061239305103868 0.234207959123717 17.536456414990106 2.611801980598575 
[5], 24, 15, 1, 0.001, 0.05, 1, False 2.4851299213176525 192.03283551355727 8.420011316081698 0.3687301542698672 25.420871110920082 1.7077396305181136 
[10], 12, 10, 10, 0.001, 0.05, 1, False 2.342371975492548 176.84035255422032 7.601207221480569 0.20974946468118072 16.04529689211592 1.1286374359563636 
[5], 12, 15, 1, 0.001, 0.05, 1, False 4.303332487811093 341.57143856294505 23.474161843373423 0.22746359501771418 23.511179411233094 3.0247707694130503 
[15], 1, 20, 5, 0.001, 0.05, 1, False 3.6192063235643293 289.292820565184 18.642540022831533 0.2482057909350314 20.337818293084883 2.2482330536577955 
[10], 36, 10, 10, 0.001, 0.05, 1, False 2.5119301348683183 196.06985750953186 8.929133269809467 0.3634134956625771 26.997809901654755 2.1963379249683963 
[15], 24, 20, 5, 0.001, 0.05, 1, False 2.4351269604914165 194.8676323582416 8.911070630232858 0.16387579178215145 14.345179687946004 0.9964474677001351 
[15], 12, 10, 10, 0.001, 0.05, 1, False 2.1737926649654082 166.42574678527316 7.4568743850860635 0.18070901037625559 15.980590907823395 0.9248745097590905 
[20], 1, 20, 5, 0.001, 0.05, 1, False 3.478565451026791 277.2071920424499 17.11628561965324 0.2456105406729924 20.077924315337576 2.354848839368706 
[15], 36, 20, 5, 0.001, 0.05, 1, False 1.9853889566466763 157.01635109147117 6.130725085511735 0.07460185309153824 5.940736380299563 0.385985824469222 
[20], 1, 10, 10, 0.001, 0.05, 1, False 3.6103225306159374 283.0903195298935 19.360633741220337 0.1277494991902618 11.292544385639799 1.216633040810206 
[10], 1, 15, 1, 0.001, 0.05, 1, False 3.5944384330469705 283.5777627387941 16.05359859972786 0.23573496626445073 21.547464390466825 2.436621930955778 
[15], 24, 10, 10, 0.001, 0.05, 1, False 1.9610623304559676 156.2685676201902 6.179318154012898 0.16674073251705027 13.593489188951612 0.62819524088344 
[15], 12, 20, 5, 0.001, 0.05, 1, False 2.1587677775675225 167.49428616385683 7.302340026230296 0.09218018607702252 7.944724750039182 0.3899902409226818 
[10], 12, 15, 1, 0.001, 0.05, 1, False 2.6631603104579784 204.68560300016838 9.212828607209984 0.4286873950434075 39.64552725921567 2.973900660146525 
[10], 36, 20, 5, 0.001, 0.05, 1, False 2.653752699018353 207.05784437009245 10.015478203414936 0.4812182616456886 35.721655592687064 2.481229301977697 
[15], 1, 10, 10, 0.001, 0.05, 1, False 4.051879652175639 322.6947174525751 23.31962352118318 0.11824442066992673 9.374284934852726 1.4241316188626694 
[15], 36, 10, 10, 0.001, 0.05, 1, False 2.608343878319418 206.85578669385498 9.508690656130298 0.2752279930170392 21.397520547429988 2.179885076805476 
[30], 12, 20, 10, 0.001, 0.05, 1, False 2.083314721172469 161.22814791650777 7.085555589901845 0.053465151875096956 4.911765714706905 0.5376857518997293 
[10], 36, 15, 1, 0.001, 0.05, 1, False 2.46224451424485 183.0845728373606 7.972291910457059 0.18178216830046498 17.271808017229805 0.9823485446469453 
[20], 12, 20, 5, 0.001, 0.05, 1, False 2.0804488506892493 161.85664013675802 6.711254230731896 0.12391980909468493 10.1509528717427 0.8363232436874507 
[15], 12, 15, 1, 0.001, 0.05, 1, False 2.5326275243389387 193.56546404936134 8.2133906944287 0.2995951755271916 25.82355402731275 1.702355375953801 
[20], 36, 20, 5, 0.001, 0.05, 1, False 2.5497006500622743 205.5346276551705 9.693920602098258 0.2669840849395096 22.202628958532276 1.9691847636242048 
[20], 24, 20, 5, 0.001, 0.05, 1, False 2.3734121824304264 191.0887000349854 8.470432797032203 0.10119542481894507 8.361800222628718 0.6207797892783314 
[20], 12, 10, 10, 0.001, 0.05, 1, False 2.3196282829882375 179.1658450738568 8.17979359373294 0.12057119884907032 8.909444228259137 0.24317485097758712 
[20], 1, 15, 1, 0.001, 0.05, 1, False 3.3430767170257045 266.09902259559436 14.113562363204549 0.11554898214280601 11.806465423778182 1.2390024551431527 
[15], 24, 15, 1, 0.001, 0.05, 1, False 1.9708438057797375 148.66924383860942 5.522214276266129 0.08299713630795885 8.815373256687037 0.3657423717990833 
[30], 1, 20, 5, 0.001, 0.05, 1, False 3.3928565096110113 267.91379768411156 16.590440632935557 0.09290853712657125 7.617978500428716 0.8570099969591698 
[5], 1, 20, 5, 0.001, 0.05, 1, False 4.212107308933304 338.611518335339 22.853698717372776 0.15716888560673192 13.610610595693629 1.9750263930456873 
[30], 36, 20, 10, 0.001, 0.05, 1, False 2.444981327073442 198.66356212836357 8.940669275246888 0.1009566439346778 7.790087098971789 0.509293438880681 
[20], 36, 10, 10, 0.001, 0.05, 1, False 2.62109709766314 209.4339663868321 9.759577041527898 0.0798665433951387 5.557213151440687 0.6392188245386112 
[30], 1, 10, 10, 0.001, 0.05, 1, False 3.4791939772665508 272.8214569595485 17.859079535301646 0.11556130719669604 9.67609201698392 1.161669217282103 
[30], 24, 20, 10, 0.001, 0.05, 1, False 2.337642558833102 188.42375769698197 8.54164510080339 0.12796473601800062 10.87692476866483 0.910126369378717 
[5], 36, 20, 5, 0.001, 0.05, 1, False 1.832104180701491 143.00955460561636 5.612582980704267 0.360198486923566 30.517523319636858 1.6171345165629751 
[15], 36, 15, 1, 0.001, 0.05, 1, False 2.300690556276176 185.32576471545235 7.816269075517325 0.2661857106159984 22.476167894127208 1.663532095388484 
[15], 1, 15, 1, 0.001, 0.05, 1, False 3.6056127880182536 286.1753891930505 16.308377789233344 0.14961432362915947 15.121193289923822 1.6442919158383285 
[20], 24, 10, 10, 0.001, 0.05, 1, False 2.1752335733527106 174.81769354142736 7.30640456822031 0.07536094861421498 5.165120164950812 0.291884477620406 
[5], 36, 10, 10, 0.001, 0.05, 1, False 2.978321207128465 237.88957523577582 12.352486539728984 0.17020700742055028 15.925081934760328 1.6292736200713562 
[20], 12, 15, 1, 0.001, 0.05, 1, False 2.0468645353318644 153.70723854406586 5.633023275189764 0.1079092502602125 8.535849588890551 0.6413785971232903 
[30], 12, 10, 10, 0.001, 0.05, 1, False 2.3001682015894747 179.31966518802207 8.23975883004625 0.15320033705066527 13.515653522216367 0.8870492886112614 
[10], 24, 20, 10, 0.001, 0.05, 1, False 2.225287520423256 176.7521425876449 7.339744285828295 0.29945688856959435 24.657125280109344 1.5333069768104377 
[20], 36, 15, 1, 0.001, 0.05, 1, False 2.181747354803331 162.38371018096203 6.593432549145912 0.26354852299226206 28.55290389749491 1.4133386916216082 
[30], 1, 15, 1, 0.001, 0.05, 1, False 3.028850394439091 238.72590199510987 11.545043281136772 0.202731365616474 17.495929526964755 1.5230602969891776 
[20], 24, 15, 1, 0.001, 0.05, 1, False 2.0099040024051513 150.1872037883825 5.867886970227505 0.08524918755154945 10.27386928242107 0.7292877816175144 
[5], 1, 10, 10, 0.001, 0.05, 1, False 4.286928072109543 344.5100002691681 26.16464358179533 0.2461610892632364 18.952975172116005 2.5426393682813275 
[5], 12, 20, 10, 0.001, 0.05, 1, False 2.1499829290676176 160.7026256028087 6.643472888943773 0.23514447937740332 14.52167937096645 0.9586278550852507 
[5], 36, 15, 1, 0.001, 0.05, 1, False 2.231689938254379 170.69727441571368 7.383450679035126 0.37848574867380397 39.133205452411495 2.4158382455194096 
[30], 12, 15, 1, 0.001, 0.05, 1, False 2.1772816250721614 168.1483971661327 6.912074932438049 0.06973473370633237 5.043281612701781 0.20884455554261921 
[5], 24, 20, 10, 0.001, 0.05, 1, False 2.2736989110949692 180.50694979927417 7.8447646110847495 0.28371901438033803 21.983658267448472 1.6458351903063826 
[5], 1, 15, 1, 0.001, 0.05, 1, False 3.6951253818761978 290.8655859616463 16.85677103937145 0.15748825935459787 12.422596496657462 1.4895575293472394 
[10], 12, 20, 10, 0.001, 0.05, 1, False 2.1702442840466074 168.08077883681878 7.1873175393539706 0.16940917515923212 14.20987068881688 0.9443504362372233 
[10], 1, 20, 10, 0.001, 0.05, 1, False 3.7439995756786737 297.79856782982995 19.761269328328297 0.24757970471954066 19.3787756214205 2.5791295601000312 
[30], 1, 20, 10, 0.001, 0.05, 1, False 3.5020737249887106 275.4943897183262 17.64305107389958 0.15800652267017948 12.888610232678348 1.539531846433712 
[20], 36, 20, 10, 0.001, 0.05, 1, False 2.5583235211428947 204.28776605085662 9.641802821088964 0.3134874283629864 22.44729533578223 1.7936452748905407 
[20], 12, 20, 10, 0.001, 0.05, 1, False 1.9521040123197493 150.97249015379182 6.543442347130733 0.039226767896624076 3.264031370424702 0.41261872554794987 
[20], 24, 20, 10, 0.001, 0.05, 1, False 2.3373060441403477 188.19937655141027 8.51227841992116 0.12915328895948425 11.424622720433883 0.917145985776798 
[15], 1, 20, 10, 0.001, 0.05, 1, False 3.609132731009138 284.58104024128914 18.317540866241433 0.08628974402255393 6.521444175464278 0.6007368421617586 
[5], 36, 20, 10, 0.001, 0.05, 1, False 2.2322703201237517 175.65389527850297 7.715429641403517 0.5868449032562799 46.45406035640981 3.2282629585642777 
[15], 24, 20, 10, 0.001, 0.05, 1, False 1.88257978733422 151.12812205174706 5.872082802928799 0.16204341840681444 12.69802811507952 0.671853463537704 
[20], 1, 20, 10, 0.001, 0.05, 1, False 3.5348520777222743 278.7717594504502 17.98962680549265 0.21672058532427507 18.069474899969162 2.2320256200863278 
[5], 1, 20, 10, 0.001, 0.05, 1, False 4.350452134013175 346.85756754706034 25.9297914246437 0.13517816712511332 12.222032507192909 1.9263675323057516 
[15], 36, 20, 10, 0.001, 0.05, 1, False 2.776848564762622 217.12920811088895 10.354067215436906 0.04683970176230142 4.462990319861839 0.2916410240952043 
[10], 36, 20, 10, 0.001, 0.05, 1, False 2.1672075356736227 173.35994539257047 7.167379054465141 0.21497711316496831 18.21468870716487 1.2792262947589428 
[15], 12, 20, 10, 0.001, 0.05, 1, False 2.099348781423436 163.4205942771613 6.826259981626808 0.154247607126215 13.50902661933768 0.7409974728897664 
