layers lag time_steps epochs l2 learning_rate mean_mae                         mean_mape mean_mse std mae std_mape std_mse 
[5], 1, 1, 1, 0.001, 0.05, 1, False 3.0108682993540747 211.62444576840494 12.660288714501341 1.1172500401033547 75.02353652137087 8.228754645000613 
[5], 12, 1, 1, 0.001, 0.05, 1, False 2.558927065597123 181.08147813301377 9.301504044643709 1.0926254226032976 73.04331410074052 7.216690030365053 
[5], 1, 15, 5, 0.001, 0.05, 1, False 2.8777856428935027 200.81213772190495 9.552762841541055 0.34643619576582024 22.821581118532627 2.2938529115403288 
[5], 24, 1, 1, 0.001, 0.05, 1, False 1.1560697893868632 76.05816347503144 2.2007313605808805 0.5241605089930602 44.07917851255751 1.76259108538656 
[5], 1, 1, 5, 0.001, 0.05, 1, False 1.810037339935769 130.46495556068353 4.6493907996973585 0.5834063936635165 41.1358885592618 2.8823662784356587 
[10], 1, 1, 1, 0.001, 0.05, 1, False 2.134459081855689 148.22802821599976 7.1352907001756956 1.0417098864373657 78.65340224257616 4.553063077129683 
[5], 12, 1, 5, 0.001, 0.05, 1, False 2.0675021955019073 148.70680689201353 6.316403844461185 0.6110601853703505 42.38769493174865 3.958185367827516 
[5], 36, 1, 1, 0.001, 0.05, 1, False 2.1161261714822444 142.72363265930554 6.166310236618287 0.5338291372255112 35.251646118993186 2.6496112928149373 
[10], 12, 1, 1, 0.001, 0.05, 1, False 1.599547450130167 97.82327141970394 3.438719022176656 0.5693438452853682 36.372986763419796 1.8557685834520952 
[5], 12, 15, 5, 0.001, 0.05, 1, False 3.162898236832202 220.59047870344298 12.36828985363494 0.7965095948216296 52.19965910680518 5.17939739582363 
