lags time_steps dense_nodes lstm_nodes processed scales                        epochs l2 learning_rate mean_mae mean_mape mean_mse                         std mae std_mape std_mse 
[1, 24], [24, 5], [1, 10], [20, 20], [0, 1], 1, 0.001, 1, False, True 1.3974741448036019 36.2045520498365 2.7820062452438328 0.23937793301136284 6.705704843470566 0.6344250138784366 
[1, 24], [24, 5], [1, 10], [30, 30], [0, 1], 1, 0.001, 1, False, True 2.0406298402457552 48.89012371205549 5.475404337119552 0.2844477679225813 5.396246005728856 1.6196433108904118 
[1, 24], [24, 5], [1, 5], [20, 20], [0, 1], 1, 0.001, 1, False, True 2.1627107330744537 61.86380835379554 8.03682955187775 0.5311067176298175 18.09903998377408 3.6394155384059017 
[1, 24], [24, 5], [1, 5], [30, 30], [0, 1], 1, 0.001, 1, False, True 2.146655302131398 47.876034167440274 6.4336904078692685 0.2665251811262099 1.9088548716812086 1.81587933568557 
[1, 24], [24, 10], [1, 5], [20, 20], [0, 1], 1, 0.001, 1, False, True 2.415479362264483 64.6990317927968 9.663974024755563 0.6829032117948792 28.029714228377983 6.05019631853945 
[1, 24], [24, 10], [1, 5], [30, 30], [0, 1], 1, 0.001, 1, False, True 3.7461335787424574 101.91594804141282 23.897327035628038 1.5876058068022285 53.4704484530602 18.066555762386724 
[1, 24], [24, 10], [1, 10], [20, 20], [0, 1], 1, 0.001, 1, False, True 1.7513317929986105 46.893904104264436 4.892906314205029 0.39618592598023006 11.231738002082848 2.4572079509067684 
[1, 24], [24, 15], [1, 5], [30, 30], [0, 1], 1, 0.001, 1, False, True 3.5987001986074674 100.0086330583789 17.180687987993654 0.7570815576198617 19.78437613395532 5.96810939465615 
[1, 24], [24, 15], [1, 10], [30, 30], [0, 1], 1, 0.001, 1, False, True 2.5310626712521533 59.87693868018414 8.801369412846869 0.22802556045666 11.548692747169236 1.9130948241032604 
[1, 24], [24, 15], [1, 10], [20, 20], [0, 1], 1, 0.001, 1, False, True 2.0060678699256473 44.30614537522826 5.541787156733892 0.0673875419777173 1.6103861706411646 0.5099175293612552 
[1, 24], [24, 15], [1, 5], [20, 20], [0, 1], 1, 0.001, 1, False, True 2.7107137005996065 73.83733503061363 11.673108881418672 0.7330403296272398 25.05048550802039 6.093073945743899 
[1, 24], [24, 20], [1, 5], [30, 30], [0, 1], 1, 0.001, 1, False, True 2.3426488352092245 54.878111910638474 7.349411801016686 0.12113833763201229 2.9504353244444763 0.7436364457343694 
[1, 24], [24, 20], [1, 5], [20, 20], [0, 1], 1, 0.001, 1, False, True 2.1908239678561654 56.17317001270347 7.601717271273986 0.4049263468332602 15.699333474861996 2.892219485569329 
[1, 24], [24, 10], [1, 10], [30, 30], [0, 1], 1, 0.001, 1, False, True 2.2214278311447107 63.232143123516806 7.617497545651662 0.49701627871939735 15.952318793781778 4.115108261593241 
[1, 24], [24, 20], [1, 10], [20, 20], [0, 1], 1, 0.001, 1, False, True 1.9149208221232081 49.89636570598703 5.746887062076017 0.3996754554023374 9.445982958837293 2.309788700473998 
[1, 24], [24, 20], [1, 10], [30, 30], [0, 1], 1, 0.001, 1, False, True 2.1941739946211416 51.48096155267868 6.69190129955491 0.4193886372006608 13.749795457027934 2.4308706754263194 
[1, 24], [24, 5], [1, 5], [20, 20], [1], 1, 0.001, 1, False, True 1.4250857018059364 38.28021224176485 3.247696990248436 0.23279992018293896 14.491480415963292 0.7640560057150182 
[1, 24], [24, 5], [1, 10], [30, 30], [1], 1, 0.001, 1, False, True 1.6310226562553674 50.59246552822827 3.5054037923568973 0.048889512241554044 3.1170696853589877 0.24598887049745585 
[1, 24], [24, 10], [1, 10], [20, 20], [1], 1, 0.001, 1, False, True 1.596629761739341 38.43784914200892 3.5714227257708693 0.1170372753777224 1.9489060216135057 0.5176799244442828 
[1, 24], [24, 15], [1, 5], [30, 30], [1], 1, 0.001, 1, False, True 1.908473039117504 50.65479614567943 5.467142920346375 0.268295906024196 9.5907885972111 2.238935382261578 
[1, 24], [24, 20], [1, 5], [20, 20], [1], 1, 0.001, 1, False, True 1.6094367423694134 36.53638855754199 3.9401755039566555 0.31643069441222604 7.574326005282058 1.2926124668000178 
[1, 24], [24, 20], [1, 10], [30, 30], [1], 1, 0.001, 1, False, True 1.3763096523678138 33.6613748397707 2.886497379673189 0.25704884827637947 10.605316195372362 0.5551765349731423 
[1, 24], [24, 5], [1, 5], [30, 30], [1], 1, 0.001, 1, False, True 1.748726071432854 45.552498129788574 4.041280897969749 0.2565507603271261 11.437916632881043 0.6938841065588681 
[1, 24], [24, 10], [1, 10], [30, 30], [1], 1, 0.001, 1, False, True 1.6273645388557476 48.81128069760677 3.8135377855872403 0.2757213568274138 14.394771181696823 1.1437857892751822 
[1, 24], [24, 10], [1, 5], [20, 20], [1], 1, 0.001, 1, False, True 1.7564394357355522 38.04628097710705 4.712703419476335 0.37689610805286405 8.182399715773826 1.4162033325446524 
[1, 24, 48], [24, 5, 5], [1, 10, 10], [20, 20, 20], [1, 2], 1, 0.001, 1, False, True 1.8962418061681092 73.58878099248125 7.843250391918649 0.44562342021195217 32.25209596814999 3.926324448884064 
[1, 24], [24, 15], [1, 10], [20, 20], [1], 1, 0.001, 1, False, True 1.9193961983598358 55.71756510585609 4.607066540635985 0.32797569521324244 11.488610494282508 1.254824875155642 
[1, 24], [24, 20], [1, 5], [30, 30], [1], 1, 0.001, 1, False, True 1.8783644841518259 48.069044119070035 5.448277513452517 0.4342398881567632 13.075179308951924 2.8769164334235766 
[1, 24, 48], [24, 5, 5], [1, 20, 20], [30, 30, 30], [1, 2], 1, 0.001, 1, False, True 2.5977939352406083 92.95163043584603 11.471010998171446 0.31302810427790756 7.888986625215233 1.6864020094817307 
[1, 24, 48], [24, 10, 5], [1, 20, 20], [20, 20, 20], [1, 2], 1, 0.001, 1, False, True 2.271679645938005 82.48456827625911 8.088907184981332 0.5115993740557592 11.06241942924596 2.282555352585584 
[1, 24, 48], [24, 15, 5], [1, 10, 10], [30, 30, 30], [1, 2], 1, 0.001, 1, False, True 2.391278388009717 112.90201313782548 16.298326780979426 0.7897762989903135 37.658556533768234 9.263400129561768 
[1, 24, 48], [24, 20, 20], [1, 10, 10], [20, 20, 20], [0, 1, 2], 1, 0.001, 1, False, True 1.5546670034898584 52.65967776045715 4.358506256192667 0.44670430782266635 4.008742198589766 2.4820002002110693 
[1, 24], [24, 5], [1, 10], [20, 20], [1], 1, 0.001, 1, False, True 1.686231384183177 48.332218447870936 3.7711874796131917 0.18309863279746577 12.815403423715445 0.7893878955247867 
[1, 24, 48], [24, 20, 20], [1, 20, 20], [30, 30, 30], [0, 1, 2], 1, 0.001, 1, False, True 1.2232308225499258 50.47737506339495 2.7357233517167607 0.06040219053699264 4.622464897928893 0.4622694621891565 
[1, 24, 48], [24, 20, 15], [1, 10, 10], [30, 30, 30], [0, 1, 2], 1, 0.001, 1, False, True 1.3986854618553213 58.00087306593816 3.6497386887158236 0.11300313077739482 5.3645131055075845 0.6148320761172174 
[1, 24, 48], [24, 20, 10], [1, 20, 20], [20, 20, 20], [0, 1, 2], 1, 0.001, 1, False, True 3.078964214589171 139.66496628688574 23.69417655608558 0.6451455261927878 29.35913729602335 10.113728236619712 
[1, 24, 48], [24, 5, 5], [1, 10, 10], [20, 20, 20], [0, 1, 2], 1, 0.001, 1, False, True 2.829762875595717 130.92189837344748 21.653091338201563 0.7814230430045949 38.584641793147846 12.007516886577259 
[1, 24], [24, 10], [1, 5], [30, 30], [1], 1, 0.001, 1, False, True 1.9208062633527103 51.752329791684836 5.136864206767009 0.16314116134030512 0.17594178261344856 1.2340463629154241 
[1, 24], [24, 15], [1, 5], [20, 20], [1], 1, 0.001, 1, False, True 1.7627482817995501 38.87250633334279 4.490666726715641 0.07774906242310685 2.5344537289850395 0.26564966287172154 
[1, 24, 48], [24, 20, 5], [1, 20, 20], [30, 30, 30], [0, 1, 2], 1, 0.001, 1, False, True 3.0767998702755133 144.80047011624333 38.93404019421525 2.192673318070455 103.70711127817184 47.48403589393809 
[1, 24], [24, 15], [1, 10], [30, 30], [1], 1, 0.001, 1, False, True 2.021359302279436 58.46436782241716 4.898307228597864 0.23842034462975797 5.822639270861601 1.022315126951429 
[1, 24, 48], [24, 20, 5], [1, 10, 10], [20, 20, 20], [0, 1, 2], 1, 0.001, 1, False, True 1.3170622968977248 58.060138145402284 3.6637385918333014 0.3105749880944495 10.471339260105266 1.3952525646977425 
[1, 24], [24, 20], [1, 10], [20, 20], [1], 1, 0.001, 1, False, True 1.723983794518885 39.364683567536986 4.130795134611259 0.07048238261334727 2.975102010052381 0.3602252417334274 
[1, 24, 48], [24, 5, 5], [1, 20, 20], [30, 30, 30], [0, 1, 2], 1, 0.001, 1, False, True 7.152306934349515 260.7153667781559 86.09254643950133 1.6228585350913158 80.57716590608041 45.30026206201919 
[1, 24, 48], [24, 10, 5], [1, 20, 20], [20, 20, 20], [0, 1, 2], 1, 0.001, 1, False, True 3.3667287625139575 150.47758040231818 26.85993814851506 0.6971664140434176 26.36068135075321 9.633958662553392 
[1, 24, 48], [24, 15, 5], [1, 10, 10], [30, 30, 30], [0, 1, 2], 1, 0.001, 1, False, True 2.449548340620284 82.72325005946422 9.423837989076645 0.6452865168540561 22.21393115031921 3.3202685714597826 
[1, 24, 48], [24, 5, 5], [1, 10, 10], [30, 30, 30], [1, 2], 1, 0.001, 1, False, True 2.7435740368095813 113.20576566998584 14.788713307351657 0.7459850220197906 27.685735799045666 7.574719842888995 
[1, 24, 48], [24, 10, 5], [1, 10, 10], [20, 20, 20], [1, 2], 1, 0.001, 1, False, True 2.0876331542963507 103.01865351583534 12.107741054116834 0.1367413597757366 6.139456550661887 1.5607920613587745 
[1, 24, 48], [24, 15, 5], [1, 20, 20], [20, 20, 20], [1, 2], 1, 0.001, 1, False, True 2.041892977504715 76.64581359763454 7.5492829173782985 0.45425470775516896 19.45180748804297 3.17119537832098 
[1, 24, 48], [24, 10, 5], [1, 20, 20], [30, 30, 30], [1, 2], 1, 0.001, 1, False, True 2.052021286446877 84.34127990289328 9.496635134798446 0.26340098198101586 13.434556340710557 1.206701067812308 
[1, 24, 48], [24, 20, 15], [1, 10, 10], [30, 30, 30], [1, 2], 1, 0.001, 1, False, True 1.4192056714315655 62.37534831109328 5.371012283109825 0.4854537918961388 28.7464482401845 4.266970989616235 
[1, 24, 48], [24, 20, 5], [1, 10, 10], [20, 20, 20], [1, 2], 1, 0.001, 1, False, True 1.6437926143752757 67.67126868774011 5.40693417142262 0.3298676229868765 15.823987982355364 2.375931167051734 
[1, 24, 48], [24, 20, 10], [1, 20, 20], [20, 20, 20], [1, 2], 1, 0.001, 1, False, True 2.1388298721069954 85.84923058522708 8.158754504787154 0.39577556768523664 3.9909116794023625 0.9878933130332612 
[1, 24, 48], [24, 20, 5], [1, 20, 20], [30, 30, 30], [1, 2], 1, 0.001, 1, False, True 2.0807731060604393 88.14170299644415 9.982788992303435 0.5327418337430037 26.34866298096273 6.0550554065637945 
[1, 24, 48], [24, 20, 20], [1, 10, 10], [30, 30, 30], [0, 1, 2], 1, 0.001, 1, False, True 1.2405692291515018 45.78118986122522 2.60917242897697 0.09236349981695109 7.12820121591669 0.41737359936975127 
[1, 24, 48], [24, 20, 15], [1, 20, 20], [20, 20, 20], [0, 1, 2], 1, 0.001, 1, False, True 2.0702768555790603 79.92207182344593 11.430568867342851 1.0947607782717006 57.10844041626891 12.569743682217906 
[1, 24, 48], [24, 5, 5], [1, 10, 10], [20, 20, 20], [2], 1, 0.001, 1, False, True 2.101475552060745 67.49843278945714 6.849397387686801 0.37613489708378234 3.9535119882565466 1.207044628594998 
[1, 24, 48], [24, 5, 5], [1, 20, 20], [30, 30, 30], [2], 1, 0.001, 1, False, True 2.059249866634814 53.671171940898205 5.627867655585415 0.1386362337152553 2.397228842712949 0.7005728191094723 
[1, 24, 48], [24, 20, 20], [1, 10, 10], [20, 20, 20], [2], 1, 0.001, 1, False, True 1.699215215347983 57.347592926904504 4.373432253493159 0.3271785637535502 2.2733323226916395 0.9501333271296891 
[1, 24, 48], [24, 20, 15], [1, 10, 10], [30, 30, 30], [2], 1, 0.001, 1, False, True 2.0992578561435007 74.59455084262775 6.654033520230638 0.0963241738704936 12.887752254206092 1.7720454713846512 
[1, 24, 48], [24, 20, 10], [1, 20, 20], [20, 20, 20], [2], 1, 0.001, 1, False, True 1.8512537524354193 49.897423334029874 4.645780192819454 0.1388922803037134 6.995245860258735 0.6473707391833939 
[1, 24, 48], [24, 5, 5], [1, 10, 10], [30, 30, 30], [0, 1, 2], 1, 0.001, 1, False, True 4.960900875855308 171.4541775390751 57.729213446613294 4.645018927216361 134.6383767188532 72.86170537542773 
[1, 24, 48], [24, 5, 5], [1, 20, 20], [20, 20, 20], [1, 2], 1, 0.001, 1, False, True 2.2754990739053707 80.92412098456668 7.7503490269493795 0.5638702371095523 14.629395770558574 2.826426933859194 
[1, 24, 48], [24, 20, 10], [1, 20, 20], [30, 30, 30], [0, 1, 2], 1, 0.001, 1, False, True 8.340588580632444 229.3211198561211 175.5840025330715 8.877715359521163 226.37944227660077 239.74409530948114 
[1, 24, 48], [24, 10, 5], [1, 10, 10], [30, 30, 30], [1, 2], 1, 0.001, 1, False, True 1.9032312090508643 70.20060255161728 6.002528478044792 0.10583565066085275 13.490659000440175 0.9549067443303414 
[1, 24, 48], [24, 20, 10], [1, 10, 10], [20, 20, 20], [0, 1, 2], 1, 0.001, 1, False, True 3.3107863558025135 113.53589619751835 18.250472430516812 1.2827233463256922 49.649391474986054 9.910467801871352 
[1, 24, 48], [24, 20, 15], [1, 20, 20], [20, 20, 20], [1, 2], 1, 0.001, 1, False, True 2.073729722667054 74.60123521690973 7.012859778278024 0.8585046081109637 19.941269937824618 4.326166396034889 
[1, 24, 48], [24, 20, 5], [1, 10, 10], [30, 30, 30], [0, 1, 2], 1, 0.001, 1, False, True 1.892311535579049 81.20623780919824 7.120183030493855 0.1934227866101324 12.366644674541147 1.7922635347923577 
[1, 24, 48], [24, 20, 10], [1, 10, 10], [20, 20, 20], [1, 2], 1, 0.001, 1, False, True 2.4399141417436856 86.83641509905691 9.109493803556697 0.4679167809739204 6.38274864294544 2.544647218299808 
[1, 24, 48], [24, 15, 5], [1, 20, 20], [30, 30, 30], [1, 2], 1, 0.001, 1, False, True 2.4850520562604763 110.06725019403508 13.643642504046943 0.41671363636437225 8.959960594932452 1.5293280478907134 
[1, 24, 48], [24, 20, 10], [1, 20, 20], [30, 30, 30], [1, 2], 1, 0.001, 1, False, True 2.086295867290486 101.32263544567776 12.859111140139726 0.536354021550841 24.41862804204575 6.54602306378505 
[1, 24, 48], [24, 20, 5], [1, 10, 10], [30, 30, 30], [1, 2], 1, 0.001, 1, False, True 2.132245624782863 103.52963694882389 12.468319510248632 0.2890175823716482 14.450493713739894 3.3877771894703357 
[1, 24, 48], [24, 15, 5], [1, 10, 10], [20, 20, 20], [1, 2], 1, 0.001, 1, False, True 1.6487337455308688 72.59551515510202 5.694089014203247 0.24338973388288254 11.388540670942026 1.7593053639504608 
[1, 24, 48], [24, 10, 5], [1, 10, 10], [20, 20, 20], [0, 1, 2], 1, 0.001, 1, False, True 3.774241136449079 179.43553293999472 40.47847930807283 0.7858931854247654 33.94810725767468 14.867370075946761 
[1, 24, 48], [24, 20, 20], [1, 10, 10], [20, 20, 20], [1, 2], 1, 0.001, 1, False, True 2.0740981858689342 80.81427356412912 7.832938442873657 0.2988305419448602 21.547001792803446 3.8382313757232924 
[1, 24, 48], [24, 20, 20], [1, 20, 20], [30, 30, 30], [1, 2], 1, 0.001, 1, False, True 1.5048418565515294 52.84888340964344 3.4272886246307834 0.16612490277228306 8.199846442019217 0.7100864702435707 
[1, 24, 48], [24, 5, 5], [1, 10, 10], [30, 30, 30], [2], 1, 0.001, 1, False, True 1.9001016404143432 69.84291819352764 5.937645421151807 0.46714844259774 10.302533121378012 1.856424164618287 
[1, 24, 48], [24, 20, 20], [1, 10, 10], [30, 30, 30], [2], 1, 0.001, 1, False, True 1.8935050262121 70.27635564521081 5.861926870250291 0.43325173724081456 15.056293430345555 1.8569667208371796 
[1, 24, 48], [24, 20, 10], [1, 10, 10], [20, 20, 20], [2], 1, 0.001, 1, False, True 1.65320164926902 49.48970704685889 3.8081886382585943 0.2511843076905719 1.225912044518566 0.8784970500310958 
[1, 24, 48], [24, 20, 15], [1, 20, 20], [20, 20, 20], [2], 1, 0.001, 1, False, True 1.588724809586657 49.71832983988771 3.634844086967132 0.22021999137722634 5.904267612887813 0.8544895116699677 
[1, 24, 48], [24, 20, 10], [1, 20, 20], [30, 30, 30], [2], 1, 0.001, 1, False, True 2.3039529136951185 61.191396749290526 7.1607802272529275 0.2886622410464311 3.8501603600251997 1.6835597225753707 
[1, 24, 48], [24, 20, 20], [1, 20, 20], [30, 30, 30], [2], 1, 0.001, 1, False, True 2.42923944001431 79.17886965294936 7.693260948934885 0.1476175500298836 3.943031393949649 0.2763796327578414 
[1, 24, 48], [24, 15, 5], [1, 20, 20], [20, 20, 20], [0, 1, 2], 1, 0.001, 1, False, True 4.044019802328613 177.55550049114424 41.630438358121026 1.558490573186399 67.01133819647472 30.8904240383545 
[1, 24, 48], [24, 10, 5], [1, 20, 20], [30, 30, 30], [0, 1, 2], 1, 0.001, 1, False, True 5.95889430059879 196.57105004562084 64.10841724154234 4.266603132611927 115.17545192669375 66.33539248124791 
[1, 24, 48], [24, 5, 5], [1, 20, 20], [20, 20, 20], [2], 1, 0.001, 1, False, True 1.8672416213046132 50.65431655889997 5.016863156539877 0.21093310528544984 0.7892827421208564 1.0967221227099715 
[1, 24, 48], [24, 20, 20], [1, 20, 20], [20, 20, 20], [0, 1, 2], 1, 0.001, 1, False, True 1.8256287885010585 71.32783449924939 6.228218774158354 0.5731288948255099 21.535719461846117 3.5943392465575585 
[1, 24, 48], [24, 20, 20], [1, 20, 20], [20, 20, 20], [2], 1, 0.001, 1, False, True 2.005281933021076 57.285241015012836 5.525832086496638 0.38871629622628756 11.186892891100037 1.9531903230567333 
[1, 24, 48], [24, 20, 10], [1, 10, 10], [30, 30, 30], [2], 1, 0.001, 1, False, True 1.9049254934751874 70.43631438186884 5.693177245119755 0.21755918762769777 5.545308386540563 0.8724341513144402 
[1, 24, 48], [24, 20, 15], [1, 20, 20], [30, 30, 30], [1, 2], 1, 0.001, 1, False, True 3.0086310086840826 121.87497367354943 20.55740529280452 0.4801680690167924 43.08849455151344 9.42167797286344 
[1, 24, 48], [24, 20, 15], [1, 10, 10], [20, 20, 20], [2], 1, 0.001, 1, False, True 1.3889494380948169 54.595548589748375 3.3839613597782807 0.3097606139454956 3.9783023617930864 0.7673879832717251 
[1, 24, 48], [24, 20, 15], [1, 20, 20], [30, 30, 30], [2], 1, 0.001, 1, False, True 1.9677875236176918 63.245502431239366 5.65005885185255 0.1459023621755716 5.186775959880801 0.13637133685632874 
[1, 24, 48], [24, 20, 5], [1, 20, 20], [20, 20, 20], [1, 2], 1, 0.001, 1, False, True 2.553151030106367 98.57221447248371 11.29919657526139 0.08677117691791952 11.586135305220951 1.8137988075123208 
[1, 24, 48], [24, 20, 15], [1, 10, 10], [20, 20, 20], [1, 2], 1, 0.001, 1, False, True 1.7608375094477433 64.63618195552128 5.9690253383231955 0.2763728094074471 24.156448027399012 1.9819250416962282 
[1, 24, 48], [24, 20, 15], [1, 20, 20], [30, 30, 30], [0, 1, 2], 1, 0.001, 1, False, True 1.8806378138268858 75.24503510887496 6.253715058694893 0.08712113315065705 6.70323422996365 0.8136194272065695 
[1, 24, 48], [24, 20, 10], [1, 10, 10], [30, 30, 30], [1, 2], 1, 0.001, 1, False, True 2.0308819343784346 88.8597716000229 8.254283011710653 0.09391211908365327 4.026894286457723 0.9927204450652425 
[1, 24, 48], [24, 20, 20], [1, 10, 10], [30, 30, 30], [1, 2], 1, 0.001, 1, False, True 1.3429606512499352 48.82383131736984 2.7756384795850657 0.21216691507027777 3.9204015563847032 0.5328412361437089 
[1, 24, 48], [24, 20, 15], [1, 10, 10], [20, 20, 20], [0, 1, 2], 1, 0.001, 1, False, True 1.58283844123491 76.2364351008571 6.525291274528168 0.25429898072534013 16.3590494692909 2.6866190564095422 
[1, 24, 48], [24, 20, 10], [1, 10, 10], [30, 30, 30], [0, 1, 2], 1, 0.001, 1, False, True 2.047906445911913 83.96291351905325 8.217659052023574 0.8881357434710093 30.471630636302244 6.119313050126928 
[1, 24, 48], [24, 5, 5], [1, 20, 20], [20, 20, 20], [0, 1, 2], 1, 0.001, 1, False, True 4.13677045077051 173.24106328280467 34.84090270757937 0.6004894343512704 29.717847953478554 14.13209769807023 
[1, 24, 48], [24, 20, 5], [1, 20, 20], [20, 20, 20], [0, 1, 2], 1, 0.001, 1, False, True 3.6753703286595365 151.65168748188543 27.743113341529916 0.7165369711170357 3.488883088220161 1.314592904180717 
[1, 24, 48], [24, 10, 5], [1, 10, 10], [30, 30, 30], [0, 1, 2], 1, 0.001, 1, False, True 1.9485408123830525 78.39320459648606 8.835239836665648 0.4121235762825901 33.35125612623375 3.829876837636307 
[1, 24, 48], [24, 20, 20], [1, 20, 20], [20, 20, 20], [1, 2], 1, 0.001, 1, False, True 1.9622013071224236 75.92068115636751 7.409002727380767 0.42951364826063865 21.475424193451953 3.7059348284418343 
[1, 24, 48], [24, 15, 5], [1, 10, 10], [20, 20, 20], [0, 1, 2], 1, 0.001, 1, False, True 3.2245610651853327 138.12548420210913 25.241715233653874 1.2603123286376876 57.32941339534931 21.317005142815745 
[1, 24, 48], [24, 15, 5], [1, 20, 20], [30, 30, 30], [0, 1, 2], 1, 0.001, 1, False, True 5.662364280044481 198.03714054515217 59.78942358728239 2.2939906534147556 83.54076521376467 40.400331617126696 
