lags time_steps dense_nodes lstm_nodes processed scales                        epochs l2 learning_rate mean_mae mean_mape mean_mse                         std mae std_mape std_mse 
[1, 24], [24, 10], [1, 10], [20, 20], [0, 1], 1, 0.001, 1, False, True 1.8497006017628503 32.41975461377265 6.7882808282466245 0.13067286906663955 0.667126590753291 0.9653667040950081 
[1, 24], [24, 20], [1, 10], [20, 20], [0, 1], 1, 0.001, 1, False, True 1.7643481842311166 32.274000031058115 6.454197288867996 0.13678916995405255 3.519993088233235 0.4579936335919489 
[1, 24], [24, 15], [1, 10], [20, 20], [0, 1], 1, 0.001, 1, False, True 1.913160102758815 34.0192698276124 7.131304322087925 0.0914132392961298 2.417298532442512 0.29956826101155126 
[1, 24], [24, 5], [1, 10], [20, 20], [0, 1], 1, 0.001, 1, False, True 1.8489917840946604 31.218778184682645 7.43005573324497 0.07680329970091844 1.8563903567613618 0.24342392601822566 
[1, 24], [24, 10], [1, 10], [30, 30], [0, 1], 1, 0.001, 1, False, True 1.8742601440615816 33.53700891172266 7.002297543362254 0.12032726145584033 2.6816708488505427 0.49851738355452485 
[1, 24], [24, 5], [1, 10], [30, 30], [0, 1], 1, 0.001, 1, False, True 1.9913734230368085 36.77569379866824 7.766027487971509 0.13032699530040037 1.8288239383165752 0.6560705966941032 
[1, 24], [24, 20], [1, 10], [30, 30], [0, 1], 1, 0.001, 1, False, True 1.7636888596919125 32.15005122700247 6.237423166520863 0.044510869065883946 1.0539893656049397 0.23986268043482015 
[1, 24], [24, 10], [1, 5], [20, 20], [0, 1], 1, 0.001, 1, False, True 1.753859377986777 30.752369360427718 6.460377046523913 0.059586877333834276 1.0267090668161003 0.3177504556542401 
[1, 24], [24, 20], [1, 5], [20, 20], [0, 1], 1, 0.001, 1, False, True 1.803545336740919 32.063484865631374 6.675572183223783 0.07146163869453812 0.8313542531933665 0.24891845663115764 
[1, 24], [24, 20], [1, 5], [30, 30], [0, 1], 1, 0.001, 1, False, True 1.8568706038752916 33.870911235614805 6.761946188357523 0.09025164162677347 1.0578422098611782 0.5861198079393881 
[1, 24], [24, 10], [1, 5], [30, 30], [0, 1], 1, 0.001, 1, False, True 1.6463976373827016 32.55690818258423 5.441574095411572 0.08966305779670651 4.3567371429637225 0.38867827213057216 
[1, 24], [24, 15], [1, 10], [30, 30], [0, 1], 1, 0.001, 1, False, True 1.7402382495778577 33.28051848901395 5.940906296480157 0.08388590115831222 0.640138596603667 0.7981743806539622 
[1, 24], [24, 15], [1, 5], [30, 30], [0, 1], 1, 0.001, 1, False, True 1.7667006591938577 32.0302132059954 6.547455349339972 0.10843532593671917 3.621033949706207 0.3559672518601602 
[1, 24], [24, 5], [1, 5], [30, 30], [0, 1], 1, 0.001, 1, False, True 1.735019631115547 30.537628835049578 6.5027268340793904 0.05364924558962179 2.214453871740181 0.5336584801508264 
[1, 24, 48], [24, 10, 5], [1, 10, 10], [20, 20, 20], [0, 1, 2], 1, 0.001, 1, False, True 1.7035996267813498 34.61574027138269 5.607556813655537 0.0876557631629051 2.3977325056942607 0.4520495264207073 
[1, 24, 48], [24, 15, 5], [1, 10, 10], [30, 30, 30], [0, 1, 2], 1, 0.001, 1, False, True 2.0922973343852425 44.12945990411808 8.07093549803273 0.3867152919816204 8.582462105891972 1.7498032827642236 
[1, 24, 48], [24, 5, 5], [1, 20, 20], [20, 20, 20], [0, 1, 2], 1, 0.001, 1, False, True 1.694679292080993 36.88423242886498 5.222777768701559 0.13347343698117853 1.3101556575732682 0.5719138922619643 
[1, 24, 48], [24, 5, 5], [1, 10, 10], [20, 20, 20], [0, 1, 2], 1, 0.001, 1, False, True 1.7996859850223972 36.004485015759556 6.411707620305059 0.032242383919930825 2.106356814781197 0.5775869052680759 
[1, 24, 48], [24, 15, 5], [1, 10, 10], [20, 20, 20], [0, 1, 2], 1, 0.001, 1, False, True 1.9396730452258548 40.20945761053192 6.388177832207615 0.2541703487882791 5.561739547785152 1.1686320479734906 
[1, 24, 48], [24, 5, 5], [1, 20, 20], [30, 30, 30], [0, 1, 2], 1, 0.001, 1, False, True 1.9316816718179595 41.25369471948684 6.506267304356343 0.04882694348963205 1.014289545623564 0.4310381758078433 
[1, 24, 48], [24, 5, 5], [1, 10, 10], [30, 30, 30], [0, 1, 2], 1, 0.001, 1, False, True 1.7475820932502824 36.407619358277564 5.891020668920414 0.037984343891889275 3.1368081377690418 0.07624061357728956 
[1, 24, 48], [24, 10, 5], [1, 20, 20], [20, 20, 20], [0, 1, 2], 1, 0.001, 1, False, True 1.6064960213343573 36.506876370230806 4.868076745531023 0.03154396467014197 1.1232194394136645 0.16584685713136002 
[1, 24, 48], [24, 10, 5], [1, 20, 20], [30, 30, 30], [0, 1, 2], 1, 0.001, 1, False, True 1.9739597317228028 42.9219309915487 6.434457368434637 0.13807181935848645 2.5570779451090146 0.5869321252967038 
[1, 24, 48], [24, 10, 5], [1, 10, 10], [30, 30, 30], [0, 1, 2], 1, 0.001, 1, False, True 2.081965377845767 39.83596229274145 8.495337907992175 0.381490994162167 8.128670696935139 2.15063360392628 
[1, 24, 48], [24, 20, 20], [1, 20, 20], [20, 20, 20], [0, 1, 2], 1, 0.001, 1, False, True 1.900493047063894 40.271886465457264 6.791844436091769 0.3502418137705762 6.900525226465973 1.9415932435974528 
[1, 24, 48], [24, 20, 20], [1, 20, 20], [30, 30, 30], [0, 1, 2], 1, 0.001, 1, False, True 1.7626044143318984 35.89310974185587 6.120313397833897 0.1970266158501795 1.575224517513524 1.1558179920665523 
[1, 24, 48], [24, 15, 5], [1, 20, 20], [30, 30, 30], [0, 1, 2], 1, 0.001, 1, False, True 1.8996223616500003 40.94316722123755 6.4114328268070935 0.22925681322060446 4.878346611177842 1.1148096897268784 
[1, 24, 48], [24, 20, 5], [1, 10, 10], [20, 20, 20], [0, 1, 2], 1, 0.001, 1, False, True 1.7702300142298484 35.57333578041053 5.93395245500729 0.16508151610759414 3.416698673887872 0.6348469471465497 
[1, 24, 48], [24, 20, 5], [1, 20, 20], [20, 20, 20], [0, 1, 2], 1, 0.001, 1, False, True 1.6245136966273461 32.59396930238555 5.566072884119415 0.1045863877469279 0.764849548055502 0.7577521263168917 
[1, 24, 48], [24, 15, 5], [1, 20, 20], [20, 20, 20], [0, 1, 2], 1, 0.001, 1, False, True 1.7295454454970443 38.07325479491005 5.524082665942189 0.0913255283069474 2.668610645237308 0.4121843602425445 
[1, 24, 48], [24, 20, 5], [1, 10, 10], [30, 30, 30], [0, 1, 2], 1, 0.001, 1, False, True 1.8706504800287937 34.36025749032642 7.792929780360912 0.07751721640276096 3.118462929293916 0.44953911018377474 
[1, 24, 48], [24, 20, 20], [1, 10, 10], [20, 20, 20], [0, 1, 2], 1, 0.001, 1, False, True 1.6346775589579776 32.71559481087413 5.686472998081034 0.105242304876485 2.9274976100084857 0.9661529277082951 
[1, 24, 48], [24, 20, 20], [1, 10, 10], [30, 30, 30], [0, 1, 2], 1, 0.001, 1, False, True 2.7822137273865306 60.025495040347636 12.76422049226131 0.7699240314922299 20.278358295700006 6.0836670933591 
[1, 24, 48], [24, 20, 15], [1, 20, 20], [30, 30, 30], [0, 1, 2], 1, 0.001, 1, False, True 2.1636654883140216 46.596240192130445 8.696360518679015 0.8427575003995897 18.195585399407108 5.236504948086753 
[1, 24, 48], [24, 20, 15], [1, 20, 20], [20, 20, 20], [0, 1, 2], 1, 0.001, 1, False, True 1.6158949527251358 35.32756272956599 4.989379999194733 0.1306954207507471 2.2629967152890913 0.46541345109886556 
[1, 24, 48], [24, 20, 15], [1, 10, 10], [30, 30, 30], [0, 1, 2], 1, 0.001, 1, False, True 2.046018890425977 39.23513389221074 8.2022060741954 0.1455367242045409 2.9788263192749715 0.9271403166636317 
[1, 24, 48], [24, 20, 15], [1, 10, 10], [20, 20, 20], [0, 1, 2], 1, 0.001, 1, False, True 1.8115873474179311 35.98110004057663 6.386607611642116 0.03867053089427868 0.9539718106390533 0.3558950552051677 
[1, 24, 48], [24, 20, 10], [1, 20, 20], [30, 30, 30], [0, 1, 2], 1, 0.001, 1, False, True 2.0663430763598254 39.81556211654896 7.8624068607841195 0.31702949752748455 6.507102223631338 1.6746536737832636 
[1, 24, 48], [24, 20, 10], [1, 10, 10], [20, 20, 20], [0, 1, 2], 1, 0.001, 1, False, True 1.9494016699993084 39.72171573085515 7.388109992959169 0.2489801952368646 3.419027194370508 1.857916583798722 
[1, 24, 48], [24, 20, 5], [1, 20, 20], [30, 30, 30], [0, 1, 2], 1, 0.001, 1, False, True 2.0776530828499404 44.50018971699797 7.262364188789895 0.1640245160044511 4.83545523553182 1.0687613070009137 
[1, 24, 48], [24, 20, 10], [1, 10, 10], [30, 30, 30], [0, 1, 2], 1, 0.001, 1, False, True 1.7795914446089967 35.66622735347209 6.459279513357473 0.24855305942485179 5.1616547025465636 1.5591625333700325 
[1, 24, 48], [24, 20, 10], [1, 20, 20], [20, 20, 20], [0, 1, 2], 1, 0.001, 1, False, True 1.608171076068861 32.10411783271096 5.224108419092446 0.08072370311846219 3.7422741188590867 0.2830241062769692 
[1, 24, 48], [24, 20, 20], [1, 10, 10], [30, 30, 30], [1, 2], 1, 0.001, 1, False, True 1.794884330270535 37.450133130966954 6.162225076444592 0.1453966193957376 4.016171861034911 1.6578753173484064 
[1, 24, 48], [24, 20, 20], [1, 20, 20], [20, 20, 20], [1, 2], 1, 0.001, 1, False, True 1.5115299597382537 35.35328688667269 4.033183363008258 0.0591842685982123 3.6557708799878834 0.1019744800194729 
[1, 24, 48], [24, 5, 5], [1, 10, 10], [30, 30, 30], [1, 2], 1, 0.001, 1, False, True 1.7118315763530074 38.638827875464415 5.333730698443716 0.18641882355740286 1.223281272379071 1.4616262122128714 
[1, 24, 48], [24, 20, 20], [1, 10, 10], [20, 20, 20], [1, 2], 1, 0.001, 1, False, True 1.7970843757123305 40.008154487835164 5.884991817167823 0.1013544177494136 9.07986468163658 0.612848324950178 
[1, 24, 48], [24, 5, 5], [1, 10, 10], [20, 20, 20], [1, 2], 1, 0.001, 1, False, True 1.7224633463761865 38.52707340060294 5.71167606936718 0.07279706067267652 8.616043995447908 1.075798103114719 
[1, 24, 48], [24, 20, 15], [1, 20, 20], [20, 20, 20], [1, 2], 1, 0.001, 1, False, True 1.576286396860248 36.158267763809455 4.540579531665803 0.09224368729961574 0.9619836854606323 0.6299542162101391 
[1, 24, 48], [24, 5, 5], [1, 20, 20], [20, 20, 20], [1, 2], 1, 0.001, 1, False, True 1.5037021220402986 36.78173793872791 4.222549370460423 0.0789656462289016 2.7389879515976445 0.3471170806454819 
[1, 24, 48], [24, 20, 15], [1, 20, 20], [30, 30, 30], [1, 2], 1, 0.001, 1, False, True 1.6424918704666194 35.86738388217375 4.956262326415609 0.1394368762402994 1.3922357773898826 0.6129419766973516 
[1, 24, 48], [24, 5, 5], [1, 20, 20], [30, 30, 30], [1, 2], 1, 0.001, 1, False, True 1.527278959213031 34.84475531380331 4.727532671146832 0.018434193655552777 0.6334178460400651 0.16077174614564796 
[1, 24, 48], [24, 15, 5], [1, 20, 20], [20, 20, 20], [1, 2], 1, 0.001, 1, False, True 1.6034595175715223 37.55925825166605 4.701041499507014 0.104946600271076 2.7020228006448193 0.5034203963080565 
[1, 24, 48], [24, 10, 5], [1, 10, 10], [20, 20, 20], [1, 2], 1, 0.001, 1, False, True 1.7096326764535021 35.64450116813965 5.391975621245842 0.020073773244770384 1.9750808540139766 0.3290801112984359 
[1, 24, 48], [24, 15, 5], [1, 10, 10], [20, 20, 20], [1, 2], 1, 0.001, 1, False, True 1.6313760505161348 36.90573721419522 4.925854856923195 0.05342978655163082 1.872825822304098 0.10964821916039755 
[1, 24, 48], [24, 10, 5], [1, 20, 20], [30, 30, 30], [1, 2], 1, 0.001, 1, False, True 1.558028414741986 34.12463954213583 4.65687853770682 0.006808886357716322 1.842518875846501 0.2533047706909266 
[1, 24, 48], [24, 10, 5], [1, 20, 20], [20, 20, 20], [1, 2], 1, 0.001, 1, False, True 1.6521364271968457 34.69745690073079 5.160225018324908 0.03930928891117428 1.708277924516584 0.37415395298123943 
[1, 24, 48], [24, 10, 5], [1, 10, 10], [30, 30, 30], [1, 2], 1, 0.001, 1, False, True 1.86676335974286 39.17058197025156 6.410811554280564 0.39863525291601787 4.4827339696431565 2.4504040741065327 
[1, 24, 48], [24, 20, 5], [1, 10, 10], [30, 30, 30], [1, 2], 1, 0.001, 1, False, True 1.615255181439634 33.62290045867463 5.3169073064184404 0.10219806359782937 0.4180074698516965 0.6826933811559166 
[1, 24, 48], [24, 15, 5], [1, 10, 10], [30, 30, 30], [1, 2], 1, 0.001, 1, False, True 1.7464355439637542 38.59371909366374 5.559723889376419 0.08151655043344337 2.098218241306475 0.9593238133803793 
[1, 24, 48], [24, 20, 5], [1, 20, 20], [20, 20, 20], [1, 2], 1, 0.001, 1, False, True 1.5743088736526525 35.66604558367121 4.6669663343436625 0.03649213578928724 3.1183605787240145 0.6282798017516928 
[1, 24, 48], [24, 20, 5], [1, 10, 10], [20, 20, 20], [1, 2], 1, 0.001, 1, False, True 1.5128930994516436 37.30575977490604 3.9783778356394244 0.07915616660919265 2.307155498175511 0.22392679095445325 
[1, 24, 48], [24, 15, 5], [1, 20, 20], [30, 30, 30], [1, 2], 1, 0.001, 1, False, True 1.6231442513246155 35.48044130481867 4.672661413861319 0.09326216457878517 1.1273857852425482 0.4211856276732461 
[1, 24, 48], [24, 20, 15], [1, 10, 10], [30, 30, 30], [1, 2], 1, 0.001, 1, False, True 1.9530974819221427 36.47476265150553 7.478800783054846 0.0969638750512945 1.332395100237933 0.5458212929265787 
[1, 24, 48], [24, 20, 5], [1, 20, 20], [30, 30, 30], [1, 2], 1, 0.001, 1, False, True 1.6752387934743809 35.4862963275373 5.411700376392587 0.09208070532216876 1.9336667571034238 0.7475941707383259 
[1, 24, 48], [24, 20, 10], [1, 10, 10], [30, 30, 30], [1, 2], 1, 0.001, 1, False, True 1.721353989584302 35.34767110736177 5.772191787883879 0.08986505327695768 1.6311862560533332 0.8229300257983452 
[1, 24, 48], [24, 20, 10], [1, 20, 20], [20, 20, 20], [1, 2], 1, 0.001, 1, False, True 1.7123705443667447 37.111400660785215 5.176284279058916 0.2598644152964377 2.952270647525711 1.5215374694057708 
[1, 24, 48], [24, 20, 15], [1, 10, 10], [20, 20, 20], [1, 2], 1, 0.001, 1, False, True 1.5805641723244825 35.06799050864564 4.966651070735541 0.08824927995242957 2.3609151339801517 0.8742470186923127 
[1, 24, 48], [24, 20, 10], [1, 20, 20], [30, 30, 30], [1, 2], 1, 0.001, 1, False, True 1.662435538475229 37.21706392261516 4.935879461376911 0.1295012533481393 3.4852998508858257 0.8705971061145595 
[1, 24, 48], [24, 20, 10], [1, 10, 10], [20, 20, 20], [1, 2], 1, 0.001, 1, False, True 1.7152268168206006 38.41657261154401 5.252432824279798 0.09201055798220821 4.698539655082417 1.0240580557753223 
[1, 24, 48], [24, 5, 5], [1, 20, 20], [20, 20, 20], [2], 1, 0.001, 1, False, True 1.4715806369152327 35.40294936240007 4.015945866156954 0.04414155459395003 2.12261375677773 0.40700248487388285 
[1, 24, 48], [24, 5, 5], [1, 10, 10], [30, 30, 30], [2], 1, 0.001, 1, False, True 1.5752371154725548 33.69293031117525 4.920863308171199 0.04917410586897131 0.49618391431610515 0.5140257263708309 
[1, 24, 48], [24, 5, 5], [1, 10, 10], [20, 20, 20], [2], 1, 0.001, 1, False, True 1.5920966807959804 37.59090617477092 4.372964933331896 0.10392697515648044 2.6210443306953053 0.3586524798769685 
[1, 24, 48], [24, 5, 5], [1, 20, 20], [30, 30, 30], [2], 1, 0.001, 1, False, True 1.5510572524016926 35.43160924657467 4.49792439586075 0.07107770720180029 2.6928212249642884 0.28803131646873664 
[1, 24, 48], [24, 20, 10], [1, 20, 20], [20, 20, 20], [2], 1, 0.001, 1, False, True 1.6146028142146485 38.54676761567287 4.182542580321024 0.11255083380117119 2.722807908121782 0.40999706851162 
[1, 24, 48], [24, 20, 10], [1, 10, 10], [20, 20, 20], [2], 1, 0.001, 1, False, True 1.5413466184951907 37.78979550661705 4.2462141509316105 0.04887602623603822 2.371513203415626 0.5802902272607198 
[1, 24, 48], [24, 20, 10], [1, 10, 10], [30, 30, 30], [2], 1, 0.001, 1, False, True 1.5750274736434218 37.33119563817244 4.588815936886616 0.038405907358186206 2.1397599084223025 0.04530502085926 
[1, 24, 48], [24, 20, 15], [1, 10, 10], [20, 20, 20], [2], 1, 0.001, 1, False, True 1.496116777891465 30.363421271752447 4.515817658510016 0.05242588174755273 1.3856456536395525 0.5094814679311624 
[1, 24, 48], [24, 20, 15], [1, 20, 20], [30, 30, 30], [2], 1, 0.001, 1, False, True 1.576435306754515 34.52050064787573 4.75916495088265 0.11412951175155141 4.934578806395591 0.5679442664561413 
[1, 24, 48], [24, 20, 15], [1, 20, 20], [20, 20, 20], [2], 1, 0.001, 1, False, True 1.47633770921233 32.11838071030416 4.108837881893394 0.056656895544075415 2.2019204938705386 0.17168430149110467 
[1, 24, 48], [24, 20, 15], [1, 10, 10], [30, 30, 30], [2], 1, 0.001, 1, False, True 1.6805869101236255 39.72426869074122 4.655364874460549 0.20688146797613585 1.7011268218305207 0.7579632142231592 
[1, 24, 48], [24, 20, 20], [1, 10, 10], [20, 20, 20], [2], 1, 0.001, 1, False, True 1.599373563765375 34.20986713724539 5.045991260495264 0.07493031897162 2.4802341481180314 0.494865819611717 
[1, 24], [24, 5], [1, 10], [20, 20], [1], 1, 0.001, 1, False, True 1.6714164776451605 33.18798290026695 5.7976416639916115 0.0842851747417923 2.583826255564515 0.2531435906955954 
[1, 24], [24, 5], [1, 5], [20, 20], [1], 1, 0.001, 1, False, True 1.5238419772712168 29.949102472231598 5.114065270874175 0.08621233935200961 0.8323033964460357 0.584932902914772 
[1, 24], [24, 5], [1, 5], [30, 30], [1], 1, 0.001, 1, False, True 1.7565844968530449 32.323558645922624 6.750469673283502 0.019423719789589435 1.3198305611246217 0.13123735078895013 
[1, 24], [24, 5], [1, 10], [30, 30], [1], 1, 0.001, 1, False, True 1.8399380841878825 33.46671840720065 6.8664771674503555 0.08939793726029999 2.7076702103411794 0.18597651262215947 
[1, 24], [24, 10], [1, 10], [30, 30], [1], 1, 0.001, 1, False, True 1.800548307597637 33.162840809165765 6.388206933833228 0.08290874646661216 1.9454014051816308 0.5671628837156204 
[1, 24, 48], [24, 20, 10], [1, 20, 20], [30, 30, 30], [2], 1, 0.001, 1, False, True 1.685295257448321 37.6461591790943 5.012566557002089 0.08187100462068281 2.1462874723693086 0.9313756078061043 
[1, 24, 48], [24, 20, 20], [1, 20, 20], [30, 30, 30], [1, 2], 1, 0.001, 1, False, True 1.6952946118665508 37.873236569280024 5.224641521430134 0.060621935363740394 1.6374178690466763 0.3676590402072534 
[1, 24, 48], [24, 20, 20], [1, 20, 20], [30, 30, 30], [2], 1, 0.001, 1, False, True 1.7087388281813922 36.05668527938246 5.3009369296662 0.10807918341316865 1.3987814708052773 1.023411005995601 
[1, 24, 48], [24, 20, 20], [1, 20, 20], [20, 20, 20], [2], 1, 0.001, 1, False, True 1.5434267901022114 33.24778658017789 4.273880263435157 0.13182656044465169 0.6427443759144452 0.6835972101491247 
[1, 24], [24, 10], [1, 5], [30, 30], [1], 1, 0.001, 1, False, True 1.647897903648791 30.073958275545234 5.809367199252935 0.04722687266743763 1.1267099248677126 0.2443706508071434 
[1, 24, 48], [24, 20, 20], [1, 10, 10], [30, 30, 30], [2], 1, 0.001, 1, False, True 1.7116691624004108 33.22272550576604 5.946012969857343 0.17237502556654186 3.1066970929933944 1.533047754625562 
[1, 24], [24, 20], [1, 5], [30, 30], [1], 1, 0.001, 1, False, True 1.739393044190688 30.779932465912115 6.248470321410477 0.06889782938744886 2.941044646808814 0.2522687449991565 
[1, 24], [24, 10], [1, 5], [20, 20], [1], 1, 0.001, 1, False, True 1.6352972575980749 31.039925294244465 5.7301041130226595 0.09696610310479888 1.5280883319168148 0.45559275676703276 
[1, 24], [24, 10], [1, 10], [20, 20], [1], 1, 0.001, 1, False, True 1.6879072791448344 32.882667852019345 5.657431891743465 0.04927523586120122 0.29292856350156393 0.22577960853822296 
[1, 24], [24, 20], [1, 5], [20, 20], [1], 1, 0.001, 1, False, True 1.6697313191058722 30.55685747158772 6.040598670704135 0.10025005833392994 1.7567208400751129 0.5878128061279001 
[1, 24], [24, 20], [1, 10], [20, 20], [1], 1, 0.001, 1, False, True 1.710451097824369 33.93597211486275 5.534192409730497 0.12772289547949697 2.8961094402373315 0.542943360013368 
[1, 24], [24, 20], [1, 10], [30, 30], [1], 1, 0.001, 1, False, True 1.8328408279732147 34.07528367936293 6.639760933910382 0.06658761585510674 1.3413805540945456 0.31089157534336886 
[1, 24], [24, 15], [1, 5], [20, 20], [1], 1, 0.001, 1, False, True 1.5877119255562622 28.620236080499186 5.649383256226311 0.03886208173250371 3.1410896732739597 0.36289041037136605 
[1, 24], [24, 15], [1, 10], [20, 20], [1], 1, 0.001, 1, False, True 1.7871337026357648 32.56028402918067 6.479541137423477 0.12584025541883823 2.427582954787393 0.3051331598682055 
[1, 24], [24, 15], [1, 5], [30, 30], [1], 1, 0.001, 1, False, True 1.7791075738414222 32.67321682372825 6.153494307408171 0.1513613312239896 1.1939229826584208 0.7331975745277209 
[1, 24], [24, 15], [1, 10], [30, 30], [1], 1, 0.001, 1, False, True 1.8295401291024902 31.85281350588603 6.905398535430685 0.054550786315209446 1.587360337789946 0.44581760659900743 
[1, 24], [24, 5], [1, 5], [30, 30], [0, 1], 2, 0.001, 1, False, False 1.9448744148498882 33.886188524775385 7.949659905298463 0.35437896407725433 7.132306127277078 1.7554504785075538 
[1, 24], [24, 5], [1, 10], [20, 20], [0, 1], 2, 0.001, 1, False, False 1.9284014270226983 37.201526389612354 6.91881800761315 0.12496675730793962 1.9941273240891941 0.6391489376497638 
[1, 24], [24, 5], [1, 5], [20, 20], [0, 1], 2, 0.001, 1, False, False 1.7859034731570207 32.64637061866431 6.758566504395546 0.11654806190834005 3.6251328879101328 0.2607462663476314 
[1, 24], [24, 10], [1, 5], [20, 20], [0, 1], 2, 0.001, 1, False, False 1.7713024861274145 32.851931706746676 6.669469800893139 0.07422324765864116 1.0576837320225738 0.5930777772130346 
[1, 24], [24, 5], [1, 10], [30, 30], [0, 1], 2, 0.001, 1, False, False 2.1333018704214024 41.83584758983116 7.966117166032897 0.16429389155983207 3.098980478003834 0.7706868753742933 
[1, 24], [24, 15], [1, 10], [20, 20], [0, 1], 2, 0.001, 1, False, False 1.7418459418678172 34.016946784855826 5.987056280791907 0.12149837200914988 1.478571904094305 1.1790638017621629 
[1, 24], [24, 10], [1, 10], [20, 20], [0, 1], 2, 0.001, 1, False, False 1.9070142493065854 34.59952412155436 7.221401314534116 0.05265723372175358 1.8494866727572736 0.13040704752530677 
[1, 24], [24, 10], [1, 5], [30, 30], [0, 1], 2, 0.001, 1, False, False 1.9217122862477682 34.149273923429604 7.563851981796603 0.088203329135045 2.223108470481324 0.2413127691698908 
[1, 24], [24, 15], [1, 5], [20, 20], [0, 1], 2, 0.001, 1, False, False 1.8128619906164836 33.085416473144356 6.655281828819629 0.10272972993530205 2.1958441042764822 0.22233939919406226 
[1, 24], [24, 10], [1, 10], [30, 30], [0, 1], 2, 0.001, 1, False, False 1.9566484878167376 34.47139140780943 7.88151897346019 0.1681188640728313 3.929341192663982 0.7518562571023332 
[1, 24], [24, 15], [1, 5], [30, 30], [0, 1], 2, 0.001, 1, False, False 2.098694124233185 38.785060807507115 8.144909361613083 0.228386314901708 3.258521047219564 1.2999295719951762 
[1, 24], [24, 15], [1, 10], [30, 30], [0, 1], 2, 0.001, 1, False, False 2.0533521263704944 38.09985951356534 7.861628569990621 0.20043494496498504 2.8289187816179853 1.2433667953616612 
[1, 24], [24, 5], [1, 10], [20, 20], [1], 2, 0.001, 1, False, False 1.5765243754963632 34.941339196417765 4.846089657888944 0.04819631337951435 1.8158319735986364 0.5580109026149837 
[1, 24], [24, 5], [1, 5], [30, 30], [1], 2, 0.001, 1, False, False 1.7636048854708113 32.748888549797826 6.9160416881914015 0.05072822377943338 2.420664707965781 0.8961288278497651 
[1, 24], [24, 5], [1, 5], [20, 20], [1], 2, 0.001, 1, False, False 1.5212096460025621 34.914460126705436 4.461905836514649 0.017450496883212725 1.6496741661778214 0.34516213048542016 
[1, 24], [24, 20], [1, 5], [20, 20], [0, 1], 2, 0.001, 1, False, False 1.846079427067673 33.21524301765789 7.017940901710905 0.08427869806276697 0.5995116940646226 0.6409009608162436 
[1, 24], [24, 20], [1, 10], [20, 20], [0, 1], 2, 0.001, 1, False, False 1.8264427172813429 37.69599298990528 5.772143037544016 0.14605311176906896 3.277287578245202 0.8135081645269859 
[1, 24], [24, 5], [1, 10], [30, 30], [1], 2, 0.001, 1, False, False 1.5717338031192343 39.366280563328104 4.774775958513055 0.03822506568627867 1.7808100996498932 0.2180306867962258 
[1, 24], [24, 10], [1, 5], [20, 20], [1], 2, 0.001, 1, False, False 1.6411783849234107 36.05893837381749 5.37424650657348 0.05371224772724975 1.2012424436207696 0.3612058943211416 
[1, 24], [24, 20], [1, 5], [30, 30], [0, 1], 2, 0.001, 1, False, False 1.9377834608528282 34.532967631985485 7.961074540202535 0.20925198131418427 2.7383007822902283 1.0314819481782151 
[1, 24], [24, 10], [1, 5], [30, 30], [1], 2, 0.001, 1, False, False 1.581957083540382 35.92019159514705 4.808048627089288 0.07564596395874036 1.837750495026609 0.5537754128580076 
[1, 24], [24, 10], [1, 10], [20, 20], [1], 2, 0.001, 1, False, False 1.5727791827585962 38.62579324514424 4.55645088593286 0.028356240012747957 1.2460930481272763 0.2931959775714877 
[1, 24], [24, 10], [1, 10], [30, 30], [1], 2, 0.001, 1, False, False 1.547401134286904 36.45126875824052 4.793334313515949 0.1050083217851705 3.2957047768086203 0.2572569365795325 
[1, 24], [24, 20], [1, 10], [30, 30], [0, 1], 2, 0.001, 1, False, False 2.400434004444698 45.09371344661053 9.341046607248982 0.17891571374450319 3.443272641784299 1.0193212098343438 
[1, 24], [24, 15], [1, 5], [20, 20], [1], 2, 0.001, 1, False, False 1.5003434040756136 33.82514033021733 4.473813819115272 0.028340369556917287 1.787861087264138 0.1630140626189571 
[1, 24], [24, 15], [1, 5], [30, 30], [1], 2, 0.001, 1, False, False 1.5396974469569544 33.92807099368159 4.715278899470817 0.08185749009347768 1.4495606552387221 0.5718225736272592 
[1, 24], [24, 15], [1, 10], [30, 30], [1], 2, 0.001, 1, False, False 1.653219101001957 33.48915222959027 5.560661479963737 0.04371816519312207 0.4514962489332332 0.550812146130856 
[1, 24], [24, 15], [1, 10], [20, 20], [1], 2, 0.001, 1, False, False 1.5790856887034517 34.93664852518325 4.762264351544828 0.11231137940733522 2.475612906266101 0.8225637637811224 
[1, 24], [24, 20], [1, 10], [20, 20], [1], 2, 0.001, 1, False, False 1.6653265534831139 36.013039530692964 4.967978460963618 0.052241732299412466 2.0088947249746756 0.488871596847031 
[1, 24], [24, 20], [1, 5], [20, 20], [1], 2, 0.001, 1, False, False 1.6209345154947155 32.971623678172456 5.378831280249504 0.053338032817219064 3.293717774726452 0.43422496832947594 
[1, 24], [24, 20], [1, 5], [30, 30], [1], 2, 0.001, 1, False, False 1.7008910126535701 36.981830685236325 5.613771113925373 0.1906949764506336 1.4783645400341738 1.038547753515156 
[1, 24], [24, 20], [1, 10], [30, 30], [1], 2, 0.001, 1, False, False 1.6364732584191692 36.05051599263688 5.288887053377595 0.14536875193328888 2.510464171687521 0.6350267117764349 
[1, 24, 48], [24, 5, 5], [1, 20, 20], [20, 20, 20], [1, 2], 2, 0.001, 1, False, False 1.3953607836910695 37.92119366677711 3.3242776388978323 0.07403796605219158 1.3279602173037772 0.20765010944557785 
[1, 24, 48], [24, 5, 5], [1, 10, 10], [30, 30, 30], [1, 2], 2, 0.001, 1, False, False 1.618377909643783 39.808517927253206 3.993703718746572 0.09472741014329314 2.0679744547514343 0.3135319360798211 
[1, 24, 48], [24, 10, 5], [1, 10, 10], [20, 20, 20], [0, 1, 2], 2, 0.001, 1, False, False 1.6409484537921983 39.66447692549843 4.429468090063946 0.04693887274550531 0.4559598565870547 0.10724059049405828 
[1, 24, 48], [24, 5, 5], [1, 20, 20], [30, 30, 30], [1, 2], 2, 0.001, 1, False, False 1.558362731789412 37.930916136685894 4.015561955737934 0.09709248000154352 1.6902143140512218 0.34316074263838525 
[1, 24, 48], [24, 10, 5], [1, 10, 10], [20, 20, 20], [1, 2], 2, 0.001, 1, False, False 1.531182121306106 35.86179462217325 4.4310358444888305 0.07086034389225185 0.31040135211763503 0.7864520547243853 
[1, 24, 48], [24, 10, 5], [1, 10, 10], [30, 30, 30], [1, 2], 2, 0.001, 1, False, False 1.6201511471532288 38.843121680525 4.4394532240661375 0.05503156686844469 1.1975654183091167 0.4566418876837366 
[1, 24, 48], [24, 5, 5], [1, 10, 10], [20, 20, 20], [0, 1, 2], 2, 0.001, 1, False, False 1.528188831335002 37.28627389760918 4.298237185886401 0.09864663749872683 4.358776575052977 0.8829217744257459 
[1, 24, 48], [24, 20, 20], [1, 10, 10], [20, 20, 20], [0, 1, 2], 2, 0.001, 1, False, False 1.4903399354571272 36.759441663839006 3.8168011670175894 0.05001986633400405 2.8970761872438873 0.20335807021930985 
[1, 24, 48], [24, 5, 5], [1, 20, 20], [20, 20, 20], [0, 1, 2], 2, 0.001, 1, False, False 1.6459647449371582 42.586344251127734 4.220804820738654 0.035733344774514134 0.37091950267931645 0.08185520781861973 
[1, 24, 48], [24, 20, 15], [1, 20, 20], [20, 20, 20], [0, 1, 2], 2, 0.001, 1, False, False 1.634872570721847 39.014227038866444 4.3475519224777806 0.11650446968187055 1.2824610129231262 0.35471633147460896 
[1, 24, 48], [24, 5, 5], [1, 10, 10], [20, 20, 20], [1, 2], 2, 0.001, 1, False, False 1.4826088180834498 39.57112013978554 3.688304077535747 0.10947541433528393 1.6610736891508056 0.4423972521839323 
[1, 24, 48], [24, 5, 5], [1, 20, 20], [30, 30, 30], [0, 1, 2], 2, 0.001, 1, False, False 1.55512452316298 37.53035963397128 4.122566927327583 0.014137474163334074 1.4349788463012332 0.1486842034722365 
[1, 24, 48], [24, 20, 15], [1, 10, 10], [30, 30, 30], [0, 1, 2], 2, 0.001, 1, False, False 1.7240528803060033 40.004050198474495 5.27600231996353 0.09449167699648905 2.3126972377932207 0.7472532370316703 
[1, 24, 48], [24, 20, 15], [1, 10, 10], [20, 20, 20], [0, 1, 2], 2, 0.001, 1, False, False 1.4964375756180808 38.72125884117158 3.691577492393529 0.1421928437726617 1.9649740979473398 0.46602958559691676 
[1, 24, 48], [24, 5, 5], [1, 10, 10], [30, 30, 30], [0, 1, 2], 2, 0.001, 1, False, False 1.6904821008254116 40.00598856701789 4.713569201848674 0.17508733078985778 2.30505806092866 0.8260171049435084 
[1, 24, 48], [24, 20, 15], [1, 20, 20], [30, 30, 30], [0, 1, 2], 2, 0.001, 1, False, False 1.5884368394872312 39.8988959261229 4.252598279557332 0.06035544359309568 0.7950487448540516 0.38767921001215455 
[1, 24, 48], [24, 20, 10], [1, 20, 20], [30, 30, 30], [0, 1, 2], 2, 0.001, 1, False, False 1.6064501113844694 39.14931623048772 4.326137532971523 0.08028292166107374 0.8100382238192149 0.3666105975638956 
[1, 24, 48], [24, 20, 10], [1, 20, 20], [20, 20, 20], [0, 1, 2], 2, 0.001, 1, False, False 1.4452972661617591 35.916668603276655 3.8023926987438905 0.012634857277682175 0.6401414728713568 0.09314818609934444 
[1, 24, 48], [24, 20, 10], [1, 10, 10], [30, 30, 30], [0, 1, 2], 2, 0.001, 1, False, False 1.649673566097152 40.587889023696725 4.431125353323826 0.1617307362207543 2.0546718862547264 0.7020861598543449 
[1, 24, 48], [24, 15, 5], [1, 10, 10], [20, 20, 20], [1, 2], 2, 0.001, 1, False, False 1.4831221044753438 39.255476601660305 3.5689729093688007 0.04375246038464087 1.025826651817808 0.06381318928363874 
[1, 24, 48], [24, 10, 5], [1, 20, 20], [20, 20, 20], [1, 2], 2, 0.001, 1, False, False 1.4377307841312834 36.11250042082703 3.6303815603287153 0.029540557194132355 1.0204829931223562 0.35724548181179194 
[1, 24, 48], [24, 10, 5], [1, 20, 20], [30, 30, 30], [1, 2], 2, 0.001, 1, False, False 1.500440930347476 39.48734876924821 3.686391827854576 0.042255949129124434 1.5384307162154267 0.21336642052641483 
[1, 24, 48], [24, 15, 5], [1, 10, 10], [30, 30, 30], [1, 2], 2, 0.001, 1, False, False 1.513359502727097 36.237479731712945 4.108294005128548 0.11290444697978305 2.6609674056843144 0.36987970916692403 
[1, 24, 48], [24, 15, 5], [1, 20, 20], [20, 20, 20], [1, 2], 2, 0.001, 1, False, False 1.5089365126599594 37.8860253541344 3.893331162074778 0.07742447506405316 2.94178026667535 0.2331249484975515 
[1, 24, 48], [24, 15, 5], [1, 10, 10], [30, 30, 30], [0, 1, 2], 2, 0.001, 1, False, False 1.6416807017547799 34.23665255639813 5.797200484350735 0.19260091551005898 0.6455183227592461 1.8697903147177222 
[1, 24, 48], [24, 10, 5], [1, 20, 20], [20, 20, 20], [0, 1, 2], 2, 0.001, 1, False, False 1.4846942716605824 39.16264002242328 3.633195476453048 0.07546700975917264 3.5204682481071163 0.06487506525723638 
[1, 24, 48], [24, 20, 20], [1, 10, 10], [30, 30, 30], [0, 1, 2], 2, 0.001, 1, False, False 1.7455668387270566 40.89069909953965 4.898004153250362 0.19783617138791276 3.863058499710363 0.5036109103280902 
[1, 24, 48], [24, 15, 5], [1, 20, 20], [30, 30, 30], [0, 1, 2], 2, 0.001, 1, False, False 1.6433043552148676 41.40007556912693 4.274075752893224 0.09292025128500474 0.9129724755035705 0.47230965990893514 
[1, 24, 48], [24, 15, 5], [1, 20, 20], [20, 20, 20], [0, 1, 2], 2, 0.001, 1, False, False 1.6231505625337987 41.165555005136525 3.9922060055835087 0.03718534270733028 1.021605977422297 0.24170633316813794 
[1, 24, 48], [24, 10, 5], [1, 10, 10], [30, 30, 30], [0, 1, 2], 2, 0.001, 1, False, False 1.4724130773295954 38.207754238161634 3.5090634060110397 0.07301751298599338 1.233301230890304 0.2946983154465608 
[1, 24, 48], [24, 10, 5], [1, 20, 20], [30, 30, 30], [0, 1, 2], 2, 0.001, 1, False, False 1.5451477352840204 37.602509803364974 3.9734740190353617 0.14069967199870634 1.6182840394628655 0.49472240076055995 
[1, 24, 48], [24, 20, 20], [1, 20, 20], [20, 20, 20], [0, 1, 2], 2, 0.001, 1, False, False 1.5153890974681685 35.97725170395338 3.9102972482517857 0.07602689810206054 1.3552785588034535 0.2378252425108209 
[1, 24, 48], [24, 20, 20], [1, 20, 20], [30, 30, 30], [0, 1, 2], 2, 0.001, 1, False, False 1.6915448994893165 40.07851540166731 4.624714016701357 0.08856145430314993 1.3310780532290818 0.27580111638750726 
[1, 24, 48], [24, 5, 5], [1, 10, 10], [20, 20, 20], [2], 2, 0.001, 1, False, False 1.3467870979328393 38.29237196446413 3.222754630440478 0.03550406861670311 3.3164309364736297 0.3656280169499284 
[1, 24, 48], [24, 5, 5], [1, 10, 10], [30, 30, 30], [2], 2, 0.001, 1, False, False 1.5264962975280707 36.66210552858758 4.108446069209808 0.19572664328562792 3.075282404131734 0.7281115782488007 
[1, 24, 48], [24, 20, 5], [1, 10, 10], [20, 20, 20], [0, 1, 2], 2, 0.001, 1, False, False 1.613521495289859 38.720720974575926 4.217954481102211 0.20364983976425857 2.6998757705972127 0.7342055557129719 
[1, 24, 48], [24, 20, 5], [1, 10, 10], [30, 30, 30], [0, 1, 2], 2, 0.001, 1, False, False 1.6898968153253744 42.38645735399649 4.4795900632259995 0.22406320155484205 0.8664020669772617 1.108996913529722 
[1, 24, 48], [24, 20, 5], [1, 20, 20], [30, 30, 30], [0, 1, 2], 2, 0.001, 1, False, False 1.594607384439075 39.45165879377504 4.20653216551253 0.12948963038816172 1.747306253284356 0.6574238307960125 
[1, 24, 48], [24, 20, 10], [1, 10, 10], [20, 20, 20], [0, 1, 2], 2, 0.001, 1, False, False 1.5347487826797146 39.231954984216 3.8071800150829755 0.06352282928445555 2.085495424658998 0.2119252853575497 
[1, 24, 48], [24, 20, 15], [1, 20, 20], [20, 20, 20], [2], 2, 0.001, 1, False, False 1.4225077562723996 36.32100414372571 3.542213693439449 0.07176378229038455 2.5967043456553527 0.5042873611211043 
[1, 24, 48], [24, 20, 10], [1, 10, 10], [20, 20, 20], [2], 2, 0.001, 1, False, False 1.553505547365381 37.7467698789176 4.298068351318784 0.10233192983909126 3.2527868628315173 0.29516759383457264 
[1, 24, 48], [24, 20, 5], [1, 20, 20], [20, 20, 20], [0, 1, 2], 2, 0.001, 1, False, False 1.4784155971732815 38.422804947856775 3.684861739801015 0.05028913700615387 2.1164580000550086 0.07576666651674444 
[1, 24, 48], [24, 20, 15], [1, 20, 20], [30, 30, 30], [2], 2, 0.001, 1, False, False 1.4635397869886624 40.05553966267944 3.484284004205964 0.04796273328894657 1.7293794689301094 0.19749544207357767 
[1, 24, 48], [24, 20, 20], [1, 20, 20], [20, 20, 20], [2], 2, 0.001, 1, False, False 1.5517987415435968 39.594526975306685 3.6844518443185983 0.18575599085354208 1.1318626562867666 0.6682108621733075 
[1, 24, 48], [24, 20, 15], [1, 10, 10], [30, 30, 30], [2], 2, 0.001, 1, False, False 1.5354576149713939 39.55061337342023 3.7795896521265653 0.04305372790761651 0.3033373773965551 0.24994417043533768 
[1, 24, 48], [24, 20, 20], [1, 10, 10], [20, 20, 20], [2], 2, 0.001, 1, False, False 1.4692458445758179 37.147173479055276 3.5716920779888457 0.03838640061093155 4.823941349405927 0.27248690538026066 
[1, 24, 48], [24, 20, 10], [1, 20, 20], [30, 30, 30], [2], 2, 0.001, 1, False, False 1.454705492569203 35.228894086752824 3.7434096835589057 0.05619175961402814 1.0285495970509426 0.2856184326626923 
[1, 24, 48], [24, 20, 20], [1, 10, 10], [30, 30, 30], [2], 2, 0.001, 1, False, False 1.3941375408114662 37.95366701194104 3.2505207282271082 0.060544051275163456 0.395820735973929 0.3867393588990222 
[1, 24, 48], [24, 20, 20], [1, 20, 20], [30, 30, 30], [2], 2, 0.001, 1, False, False 1.530505384118469 39.463276880735116 3.6843137514126165 0.02926748608187615 0.03671436112219564 0.21080064686194067 
[1, 24, 48], [24, 5, 5], [1, 20, 20], [20, 20, 20], [2], 2, 0.001, 1, False, False 1.5204987628143973 39.71821466591927 3.7352055761499483 0.12225284747874049 1.2863610243429833 0.6525840041500115 
[1, 24, 48], [24, 5, 5], [1, 20, 20], [30, 30, 30], [2], 2, 0.001, 1, False, False 1.5666698145714628 39.18403273027644 3.9226021749777704 0.03050159660670102 1.836810367655781 0.16016407319178994 
[1, 24, 48], [24, 15, 5], [1, 20, 20], [30, 30, 30], [1, 2], 2, 0.001, 1, False, False 1.4910046734467703 38.76786817434908 3.6999856185306617 0.08996617583161756 1.735584682511934 0.37767587437635436 
[1, 24, 48], [24, 20, 5], [1, 10, 10], [20, 20, 20], [1, 2], 2, 0.001, 1, False, False 1.4792181742067136 37.113014110695495 3.705332493738826 0.06780670081404896 0.8539614161100398 0.3437598065049335 
[1, 24, 48], [24, 20, 10], [1, 20, 20], [20, 20, 20], [2], 2, 0.001, 1, False, False 1.528464243209197 37.6032558103718 3.7526053977205653 0.008454465775341053 1.689622401706825 0.028273914279991687 
[1, 24, 48], [24, 20, 10], [1, 10, 10], [20, 20, 20], [1, 2], 2, 0.001, 1, False, False 1.561190727917064 38.407299492728875 3.9214209996200324 0.050617458959609965 2.1971931872203916 0.2338587516692353 
[1, 24, 48], [24, 20, 5], [1, 20, 20], [30, 30, 30], [1, 2], 2, 0.001, 1, False, False 1.5229560997854508 39.06415790666418 3.6027827188582298 0.06157728592195022 1.6433895378843488 0.15496297115354618 
[1, 24, 48], [24, 20, 10], [1, 10, 10], [30, 30, 30], [2], 2, 0.001, 1, False, False 1.4542601088889768 39.3083718847768 3.565202602643854 0.06942781355831987 0.9005901761803247 0.3002960531373672 
[1, 24, 48], [24, 20, 15], [1, 10, 10], [20, 20, 20], [2], 2, 0.001, 1, False, False 1.3734093071202986 38.66013471581032 3.041447421538846 0.07353418193071928 0.37989804304790875 0.23671217172230985 
[1, 24, 48], [24, 20, 5], [1, 10, 10], [30, 30, 30], [1, 2], 2, 0.001, 1, False, False 1.768982514707993 38.75591319275204 5.04518577208365 0.11040949351333096 2.435898992893911 0.6277526706163221 
[1, 24, 48], [24, 20, 5], [1, 20, 20], [20, 20, 20], [1, 2], 2, 0.001, 1, False, False 1.5446424327652766 37.70391697370939 3.858456513200478 0.08239035052666568 0.8902877725347127 0.45784112348260264 
[1, 24, 48], [24, 20, 20], [1, 10, 10], [30, 30, 30], [1, 2], 2, 0.001, 1, False, False 1.4480458997810874 38.220992426794346 3.562025008794271 0.03783625372885499 1.1162723568784196 0.21702326935018706 
[1, 24, 48], [24, 20, 20], [1, 20, 20], [20, 20, 20], [1, 2], 2, 0.001, 1, False, False 1.4880050296481286 37.56091799542325 3.6573599852199963 0.014621465793984163 0.521085923267258 0.20987435505221252 
[1, 24, 48], [24, 20, 20], [1, 20, 20], [30, 30, 30], [1, 2], 2, 0.001, 1, False, False 1.5944419377035022 37.45361104298269 4.140455905082076 0.07080493784678941 3.2720164303600097 0.5004144277780221 
[1, 24, 48], [24, 20, 20], [1, 10, 10], [20, 20, 20], [1, 2], 2, 0.001, 1, False, False 1.4881750342884548 38.17404308811462 3.7664370761102117 0.041502438988193974 1.2568695198877264 0.096326676172061 
[1, 24, 48], [24, 20, 10], [1, 10, 10], [30, 30, 30], [1, 2], 2, 0.001, 1, False, False 1.525188579834584 39.355969304675824 3.7259251922419736 0.1072348216979421 0.9526248675476605 0.44700067068578236 
[1, 24, 48], [24, 20, 15], [1, 20, 20], [20, 20, 20], [1, 2], 2, 0.001, 1, False, False 1.4741293728558553 39.29733282047652 3.497129954983007 0.03625883760981789 1.3118628773349759 0.2268744608013306 
[1, 24, 48], [24, 20, 15], [1, 10, 10], [20, 20, 20], [1, 2], 2, 0.001, 1, False, False 1.4003725645477294 39.3802980022515 3.212310398437611 0.02380080515680221 1.2671059937372773 0.13775561054827645 
[1, 24, 48], [24, 20, 10], [1, 20, 20], [20, 20, 20], [1, 2], 2, 0.001, 1, False, False 1.5408985093270464 40.434746349320214 3.5250372686962894 0.032873696772609845 0.645106304154631 0.09680478618161005 
[1, 24, 48], [24, 20, 15], [1, 10, 10], [30, 30, 30], [1, 2], 2, 0.001, 1, False, False 1.6575690591039505 38.21722418784744 4.9541527373095535 0.10101162086239406 2.040284738032142 1.0816884240922886 
[1, 24, 48], [24, 20, 15], [1, 20, 20], [30, 30, 30], [1, 2], 2, 0.001, 1, False, False 1.4801120289187464 36.1211778872144 3.7844396212899305 0.1562543389769858 1.3464930515313245 0.6915502155577702 
[1, 24, 48], [24, 20, 10], [1, 20, 20], [30, 30, 30], [1, 2], 2, 0.001, 1, False, False 1.4998865716469787 37.63276235993596 3.68631504282745 0.0708418278141305 1.9464447117802268 0.2259495163812795 
[1, 24, 48], [24, 15, 5], [1, 10, 10], [20, 20, 20], [0, 1, 2], 2, 0.001, 1, False, False 1.6291210484535743 39.748917727532934 4.190243909605746 0.18358898452110248 0.759028758999692 0.7830156258655794 
[1, 24], [24, 5], [1, 10], [10, 10], [0, 1], 1, 0.001, 1, False, False 2.0264679156795684 71.02310900351021 5.455085620834951 0.04408640070701266 2.4845262403889508 0.09459400712182305 
[1, 24], [24, 1], [1, 5], [10, 10], [0, 1], 1, 0.001, 1, False, False 2.092166075441572 82.91343808801203 6.2315594999019455 0.009977086481635165 0.7947715188839318 0.05197128886101486 
[1, 24], [24, 1], [1, 10], [20, 20], [0, 1], 1, 0.001, 1, False, False 2.08289631952842 76.63241392411322 5.977322287725166 0.007266282769675901 0.9298343634558587 0.06680935783217276 
[1, 24], [24, 15], [1, 5], [10, 10], [0, 1], 1, 0.001, 1, False, False 2.1168622565214275 75.66785242466757 5.908692655692245 0.02915449806220799 5.300238223395378 0.17198908139829674 
[1, 24], [24, 10], [1, 5], [20, 20], [0, 1], 1, 0.001, 1, False, False 2.075755316764116 74.86965099551564 5.956258211947993 0.060935626447492376 3.05792800829417 0.1407934884299566 
[1, 24], [24, 15], [1, 10], [20, 20], [0, 1], 1, 0.001, 1, False, False 2.1140068670665766 72.35074224388545 5.789382323307102 0.0838415265263979 3.3290221411007384 0.6048614095284613 
[1, 24], [24, 5], [1, 5], [10, 10], [1], 1, 0.001, 1, False, False 2.115985589474439 81.87327483662948 6.280324531467289 0.011684255153487947 3.831966310429664 0.19367753410910357 
[1, 24], [24, 5], [1, 10], [10, 10], [0, 1], 5, 0.001, 1, False, False 1.4684828158330037 39.714675100216425 3.8572294677417704 0.06807557340138974 2.493801428934724 0.21715458026874665 
[1, 24], [24, 1], [1, 10], [10, 10], [0, 1], 5, 0.001, 1, False, False 1.6044714388610035 44.71851654907247 4.793743122284911 0.03098691972520819 6.070512196056578 0.6515742835864891 
[1, 24], [24, 10], [1, 5], [10, 10], [0, 1], 5, 0.001, 1, False, False 1.6016384624910571 43.1730273335078 4.229311021058746 0.18145645006705394 8.756033582883402 0.667806169940974 
[1, 24], [24, 5], [1, 5], [20, 20], [0, 1], 5, 0.001, 1, False, False 1.544241928019457 37.87287260075832 4.181450988225579 0.08263709163487597 5.9620055484967045 0.34591741073941745 
[1, 24], [24, 1], [1, 5], [10, 10], [0, 1], 5, 0.001, 1, False, False 1.664849614821098 53.29724806916135 4.577860140450089 0.08532961857731125 5.11045486491991 0.25102084103985445 
[1, 24], [24, 10], [1, 10], [20, 20], [0, 1], 5, 0.001, 1, False, False 1.4196185430994737 32.62488144553032 3.8257823257797408 0.0663976106850056 4.504242805050735 0.5104632309250936 
[1, 24], [24, 5], [1, 10], [20, 20], [1], 1, 0.001, 1, False, False 2.143099738643676 69.18943494658036 6.375815901343631 0.09455552879503493 8.770434171281385 0.8920600564595053 
[1, 24], [24, 5], [1, 5], [10, 10], [1], 5, 0.001, 1, False, False 1.4999280733504783 40.99532882611604 4.80396736760422 0.05151100600618035 1.8471074040159319 0.5796890180286485 
[1, 24], [24, 1], [1, 10], [20, 20], [0, 1], 5, 0.001, 1, False, False 1.5898375778424516 39.69519023475244 4.751347790809533 0.06277286464167843 2.1405793674000377 0.6586489762177964 
[1, 24], [24, 15], [1, 5], [10, 10], [0, 1], 5, 0.001, 1, False, False 1.5041714315889052 44.146994313828856 3.7076092655649977 0.1104924939939706 7.26782733230864 0.183461321755319 
[1, 24], [24, 10], [1, 5], [20, 20], [0, 1], 5, 0.001, 1, False, False 1.4936273865056806 40.37992864804587 3.9492186248663406 0.0671866906862742 1.7323898956490122 0.2914410352516454 
[1, 24], [24, 10], [1, 10], [10, 10], [1], 1, 0.001, 1, False, False 1.9268437928899562 75.77344955030189 5.5172065628258515 0.14312324857710076 6.590033407471263 0.6886987859883216 
[1, 24], [24, 15], [1, 10], [10, 10], [0, 1], 5, 0.001, 1, False, False 1.418648335144475 35.71756751782191 3.634011323802507 0.06362419145127027 3.7006338564769092 0.29163163180140156 
[1, 24], [24, 5], [1, 10], [10, 10], [1], 5, 0.001, 1, False, False 1.5411098305825834 40.93653031223107 4.263168628750159 0.06183860432218365 4.459617420288883 0.44282763440371603 
[1, 24], [24, 15], [1, 10], [20, 20], [0, 1], 5, 0.001, 1, False, False 1.472352216468641 33.68189841156959 4.1724403754030925 0.0657695333229451 3.2293689561543553 0.7899450033818091 
[1, 24], [24, 5], [1, 10], [20, 20], [1], 5, 0.001, 1, False, False 1.5455936389526832 35.896286887897205 4.818428148010295 0.02748207322804382 2.9198088990490128 0.3934482749342725 
[1, 24], [24, 15], [1, 5], [20, 20], [1], 1, 0.001, 1, False, False 2.087701466817546 77.81577148596669 6.118052479199263 0.10585228303568567 5.075436544867704 0.5635905169608312 
[1, 24], [24, 1], [1, 5], [20, 20], [0, 1], 10, 0.001, 1, False, False 1.5515691532373985 37.39389560899673 5.140996232775261 0.01663068293621574 1.9730274188542396 0.23911339129898937 
[1, 24], [24, 5], [1, 5], [20, 20], [1], 10, 0.001, 1, False, False 1.4413020664964007 40.43994316562887 3.905424972494193 0.1117164958581229 5.0973979147455655 0.8898588045128077 
[1, 24], [24, 5], [1, 10], [20, 20], [0, 1], 10, 0.001, 1, False, False 1.5233014407326226 38.104036071634 4.617950526302143 0.08351706921840842 1.579962016776659 0.39598886358561175 
[1, 24], [24, 15], [1, 5], [20, 20], [0, 1], 10, 0.001, 1, False, False 1.4746026956993665 30.3788675054884 4.647948226876041 0.01071275329142391 0.9339190564509187 0.373314629931552 
[1, 24], [24, 10], [1, 10], [10, 10], [0, 1], 10, 0.001, 1, False, False 1.4144751228392127 33.361264813334316 3.9187535048699673 0.05321726957903276 1.0920208651418501 0.4338913386203571 
[1, 24], [24, 5], [1, 5], [10, 10], [1], 20, 0.001, 1, False, False 1.426950905989442 38.40447029519729 3.5970138189072167 0.05163781035746818 3.537200849299486 0.41163065395740395 
[1, 24], [24, 10], [1, 5], [20, 20], [1], 5, 0.001, 1, False, False 1.4479602906990923 44.683461691998154 3.173961572249992 0.08075342265580453 1.7799030003334142 0.42720321865163136 
[1, 24], [24, 5], [1, 5], [20, 20], [1], 1, 0.001, 1, False, False 2.0883897133171554 79.17491730522892 6.014251958532071 0.04156923792680446 1.623552828292475 0.18887869408817656 
[1, 24], [24, 15], [1, 5], [10, 10], [1], 5, 0.001, 1, False, False 1.4596398694923634 43.686897993648635 3.6164103530432854 0.015440162526871701 2.8872624135098968 0.08070182656055508 
[1, 24], [24, 5], [1, 10], [10, 10], [0, 1], 10, 0.001, 1, False, False 1.432128323587003 34.00047654829809 4.151127048484894 0.07911758135912203 2.642116656890712 0.5808106295058102 
[1, 24], [24, 10], [1, 10], [10, 10], [1], 5, 0.001, 1, False, False 1.4635714618006244 38.09810706463474 3.9157648574393513 0.02367450220982177 2.390241184780624 0.11383871740563148 
[1, 24], [24, 5], [1, 5], [10, 10], [0, 1], 10, 0.001, 1, False, False 1.4260820417699438 34.2017802704851 3.841081218338935 0.0736677694736382 2.043922351513314 0.41801333430729587 
[1, 24], [24, 1], [1, 10], [20, 20], [1], 1, 0.001, 1, False, False 2.008898962399473 71.24417015662563 5.71103172348202 0.05518869233739763 2.1135949976841113 0.4553956350109546 
[1, 24], [24, 1], [1, 5], [10, 10], [1], 1, 0.001, 1, False, False 2.114618648395494 89.37258488716729 6.588640345599711 0.0770257590696355 4.479066937857335 0.46248936528952617 
[1, 24], [24, 15], [1, 5], [20, 20], [1], 5, 0.001, 1, False, False 1.5670515810173962 44.33769634452815 4.346314367455206 0.14962308386707232 12.393052104461814 0.7081598884541128 
[1, 24], [24, 10], [1, 5], [10, 10], [1], 10, 0.001, 1, False, False 1.4762975491997272 37.8617864833171 4.137382951775411 0.07711993737417311 3.3841849800604296 1.1084380777162295 
[1, 24], [24, 5], [1, 5], [20, 20], [1], 5, 0.001, 1, False, False 1.5508231436764748 50.42934440944978 3.9799585581848445 0.02048306012478875 7.978260064686341 0.28156792504033024 
[1, 24], [24, 5], [1, 5], [10, 10], [1], 10, 0.001, 1, False, False 1.5038639512257996 37.21855349345839 4.303625464835095 0.06296943474193069 5.897516107758409 0.5713673178708136 
[1, 24, 48], [24, 1, 1], [1, 10, 10], [10, 10, 10], [0, 1, 2], 1, 0.001, 1, False, False 1.927506651494789 67.60960148260882 5.22646482874119 0.1544201780793785 6.010162750362137 0.592519865000766 
[1, 24, 48], [24, 1, 1], [1, 5, 5], [20, 20, 20], [0, 1, 2], 1, 0.001, 1, False, False 2.146754842251539 78.05612874925951 6.292993793213502 0.018366099901491576 1.1781346870319835 0.09861660504246578 
[1, 24, 48], [24, 5, 1], [1, 5, 5], [10, 10, 10], [0, 1, 2], 1, 0.001, 1, False, False 2.1304566680833137 78.31000726334855 6.193828897860494 0.01041182442058849 0.4506856239534306 0.1177312541497008 
[1, 24], [24, 10], [1, 10], [20, 20], [1], 10, 0.001, 1, False, False 1.4174579330616532 36.83176068593895 3.6268000076303424 0.036712910783849105 2.0550707590500834 0.13472604615625186 
[1, 24], [24, 1], [1, 10], [10, 10], [1], 5, 0.001, 1, False, False 1.6287562373887612 49.94152846303848 4.460160253034768 0.04394755943888389 6.9146008875435 0.3249546515773485 
[1, 24], [24, 15], [1, 10], [20, 20], [1], 5, 0.001, 1, False, False 1.450346238690394 34.74950347443012 3.8392913840339005 0.03962597106337328 3.3312064021158982 0.39793031832677594 
[1, 24], [24, 1], [1, 5], [10, 10], [1], 5, 0.001, 1, False, False 1.706181527274074 56.74541049137367 4.5362647128776175 0.12454272308129118 7.631059525484561 0.4334846297049856 
[1, 24], [24, 1], [1, 10], [20, 20], [1], 5, 0.001, 1, False, False 1.5077644412302316 43.49730033801265 4.179510267504375 0.06767613943058771 5.816730185411819 0.1718371660893029 
[1, 24], [24, 1], [1, 10], [10, 10], [0, 1], 10, 0.001, 1, False, False 1.4434078501951368 33.18657032295819 4.500080655976596 0.04347921603831265 0.5689554446578371 0.5080746455648529 
[1, 24], [24, 5], [1, 10], [10, 10], [1], 10, 0.001, 1, False, False 1.4607700657306448 36.02124534545934 3.9083534584908044 0.021322870488184455 1.2430848625929363 0.21550483800675485 
[1, 24], [24, 15], [1, 10], [10, 10], [1], 10, 0.001, 1, False, False 1.4251536479219797 36.1795332838092 3.4609202698494563 0.02446633548286125 2.134036381608917 0.33560082409813496 
[1, 24], [24, 15], [1, 10], [10, 10], [0, 1], 10, 0.001, 1, False, False 1.4154674702013532 32.80102320530709 3.8303154192455167 0.03403904715447111 1.0858811066144087 0.12119208241338549 
[1, 24], [24, 10], [1, 10], [20, 20], [0, 1], 10, 0.001, 1, False, False 1.4780168933173021 32.08666190922501 4.433588525891125 0.03128547736847966 2.1058825946198105 0.08447440955755645 
[1, 24], [24, 1], [1, 5], [10, 10], [0, 1], 10, 0.001, 1, False, False 1.4807509505983305 35.822560618834856 4.488852124928186 0.010399955624285218 0.7326777793495343 0.21492622309404236 
[1, 24], [24, 5], [1, 10], [20, 20], [1], 10, 0.001, 1, False, False 1.4273642121710717 37.48305364371072 4.176793616329144 0.03720724426629495 1.666125824862587 0.25067415924552616 
[1, 24], [24, 1], [1, 5], [20, 20], [1], 10, 0.001, 1, False, False 1.4870087101434668 36.40242555110996 4.523703098251876 0.050138712446314376 4.473408323560862 0.6675482950004579 
[1, 24, 48], [24, 15, 1], [1, 10, 10], [10, 10, 10], [0, 1, 2], 1, 0.001, 1, False, False 1.943846517842676 64.96371232903628 5.003550871684172 0.05300773701194639 3.196784049839715 0.10029254631727474 
[1, 24, 48], [24, 10, 1], [1, 10, 10], [20, 20, 20], [0, 1, 2], 1, 0.001, 1, False, False 1.7189322866775358 58.43300800725493 4.2307792808007365 0.09137512089522976 4.177462546614252 0.37807195881122646 
[1, 24], [24, 15], [1, 10], [20, 20], [0, 1], 10, 0.001, 1, False, False 1.3979141138907936 33.86025365403586 3.6476448681998868 0.02715141405486716 2.7702664927942697 0.1399430078473102 
[1, 24], [24, 15], [1, 5], [10, 10], [1], 10, 0.001, 1, False, False 1.4991115409466955 33.92347993468774 4.50423909581598 0.19751756942415377 2.068528679142096 1.5632255932089372 
[1, 24], [24, 10], [1, 5], [20, 20], [1], 10, 0.001, 1, False, False 1.4220102858971115 32.252582566221975 3.874993945947173 0.08262314099140547 1.6641411870281848 0.6600602726255382 
[1, 24], [24, 15], [1, 5], [10, 10], [0, 1], 10, 0.001, 1, False, False 1.4192435389522597 31.899813293516164 4.0201574624958125 0.05091353153860961 2.813645886047851 0.4423054586032878 
[1, 24], [24, 10], [1, 5], [20, 20], [0, 1], 10, 0.001, 1, False, False 1.3759665279269768 34.07593490742908 3.627618384711407 0.05872845843542201 1.3899018240443488 0.39345318823270387 
[1, 24], [24, 15], [1, 5], [20, 20], [1], 10, 0.001, 1, False, False 1.465097038337478 35.82908676261901 3.995935057667552 0.04685138641555985 4.246882687276053 0.5371740291348486 
[1, 24], [24, 10], [1, 5], [10, 10], [0, 1], 10, 0.001, 1, False, False 1.4270985379263206 36.51146140149285 3.7014239932041026 0.025214362915877826 3.2600348364359193 0.31989058295083755 
[1, 24], [24, 1], [1, 10], [10, 10], [1], 10, 0.001, 1, False, False 1.5446659256600672 37.003714071978266 4.890607433821674 0.11360512873271271 4.476350700432778 1.3771113008575455 
[1, 24], [24, 5], [1, 10], [20, 20], [1], 20, 0.001, 1, False, False 1.3994930137224773 36.68039136074959 3.99768790092241 0.02384831139848815 3.9218713723355783 0.11786890748934763 
[1, 24], [24, 10], [1, 10], [10, 10], [1], 10, 0.001, 1, False, False 1.5046943824048398 35.57681102297932 4.633342235006549 0.041542513292349766 2.6071312177443757 0.15156024159980408 
[1, 24], [24, 1], [1, 5], [10, 10], [0, 1], 20, 0.001, 1, False, False 1.4605629092772254 35.81329296501883 4.432425658998038 0.1056744039706239 1.7335410263751214 1.0759986363168483 
[1, 24, 48], [24, 1, 1], [1, 5, 5], [10, 10, 10], [0, 1, 2], 5, 0.001, 1, False, False 1.5949562803393713 43.18399710134482 4.8497047368850845 0.05558080957189667 10.307502063466838 0.39256614286798014 
[1, 24], [24, 1], [1, 5], [10, 10], [1], 10, 0.001, 1, False, False 1.5463227628488785 42.60021256745615 4.240779559889588 0.08006471058559281 6.232010024113273 0.544229668134302 
[1, 24], [24, 1], [1, 10], [20, 20], [1], 10, 0.001, 1, False, False 1.5979885719440603 42.220271174500944 4.964867732668307 0.06891813865545211 4.584783822035139 0.5856130865512277 
[1, 24], [24, 15], [1, 5], [20, 20], [1], 20, 0.001, 1, False, False 1.3863153402693573 33.81948091765338 3.8922378904517 0.11470416809402587 1.1739398300125221 0.7232875854027763 
[1, 24], [24, 10], [1, 5], [10, 10], [1], 1, 0.001, 1, False, False 2.106713578518893 78.88370644507837 6.160870613000058 0.038852226285465474 1.3475509001755206 0.20743668318492367 
[1, 24], [24, 5], [1, 5], [20, 20], [0, 1], 10, 0.001, 1, False, False 1.4401614024338347 32.62970943624256 4.23977145041553 0.17338170832199756 0.20893312635860456 0.9208279143063689 
[1, 24], [24, 15], [1, 10], [20, 20], [1], 10, 0.001, 1, False, False 1.3489467541031814 36.44039201210166 3.5050146712153882 0.061873989573379036 0.36257061624034037 0.6120498015495248 
[1, 24], [24, 1], [1, 5], [20, 20], [0, 1], 1, 0.001, 1, False, False 2.1017269608323215 77.59747820044898 6.030496490969765 0.015068290494351986 1.7787817065321092 0.2258575669114696 
[1, 24], [24, 10], [1, 10], [10, 10], [1], 20, 0.001, 1, False, False 1.4420146261341873 29.985348953128156 4.395269365576129 0.05045672103054462 1.5126517963879382 0.2598366549318321 
[1, 24], [24, 15], [1, 10], [20, 20], [0, 1], 20, 0.001, 1, False, False 1.4384375378696455 32.19893412199925 4.3565245082450765 0.06366581332014075 0.38787925776865145 0.46600407078824746 
[1, 24], [24, 15], [1, 10], [10, 10], [1], 1, 0.001, 1, False, False 2.0035802936940272 80.22692787251309 6.001234036943354 0.12033804547926918 5.21878893493382 0.5635681211619822 
[1, 24, 48], [24, 1, 1], [1, 5, 5], [20, 20, 20], [0, 1, 2], 5, 0.001, 1, False, False 1.4668084155147276 40.5351489702172 4.166550861739321 0.07782640082148146 4.9763564698204945 0.3949008283796771 
[1, 24, 48], [24, 1, 1], [1, 10, 10], [10, 10, 10], [0, 1, 2], 5, 0.001, 1, False, False 1.5582524766800583 36.72910356865348 4.557429910065157 0.01665949293857107 0.936955035525362 0.14221452370916832 
[1, 24], [24, 1], [1, 5], [10, 10], [1], 20, 0.001, 1, False, False 1.6015813742315883 38.561093193230626 5.029686504041089 0.048050868099456336 2.73505380043707 0.37323393770529983 
[1, 24], [24, 1], [1, 10], [20, 20], [1], 20, 0.001, 1, False, False 1.533588298120433 35.34706432482517 5.1321644941343285 0.02915193946307729 1.0697258697458767 0.24265716799185044 
[1, 24], [24, 10], [1, 10], [20, 20], [1], 1, 0.001, 1, False, False 1.971475292687062 70.73262427029245 5.7738273047322295 0.16653182389932616 13.27425494542824 0.6299323400817488 
[1, 24], [24, 1], [1, 5], [20, 20], [1], 1, 0.001, 1, False, False 2.0300581520630243 82.56773608490413 6.046169759231169 0.023949494942635607 0.519164336518035 0.04990685656878621 
[1, 24], [24, 1], [1, 10], [20, 20], [0, 1], 10, 0.001, 1, False, False 1.4830742195386584 37.562830359602934 4.430731833698483 0.05371575782760356 1.5483381705024315 0.6033257551193769 
[1, 24], [24, 10], [1, 5], [20, 20], [0, 1], 20, 0.001, 1, False, False 1.4046523158817932 33.148637109208 3.835684317682054 0.016758570625673087 1.746437467618152 0.2335252071317383 
[1, 24, 48], [24, 5, 1], [1, 10, 10], [20, 20, 20], [0, 1, 2], 5, 0.001, 1, False, False 1.5533603693807019 35.8130647029194 4.786916207526446 0.0545798373317319 4.147078134403789 0.2639696330521287 
[1, 24], [24, 15], [1, 5], [10, 10], [0, 1], 20, 0.001, 1, False, False 1.4479896846606775 35.2285426467147 4.225695143623615 0.13553157409847216 3.5101276399637973 0.702745910983704 
[1, 24, 48], [24, 10, 1], [1, 10, 10], [10, 10, 10], [0, 1, 2], 5, 0.001, 1, False, False 1.5018251028394811 35.55598967241098 4.468745984207556 0.07982913257552501 3.4635151532139434 0.36166451411341 
[1, 24], [24, 5], [1, 10], [10, 10], [0, 1], 20, 0.001, 1, False, False 1.4543183853090917 35.01309787650289 4.153860221687275 0.057889535073597585 2.7185789026228884 0.4220044673399463 
[1, 24], [24, 10], [1, 10], [10, 10], [0, 1], 1, 0.001, 1, False, False 2.107585466211592 72.28907328800183 5.913876384374778 0.09458935004041044 2.2985320527065505 0.37156221119760935 
[1, 24], [24, 1], [1, 5], [20, 20], [1], 5, 0.001, 1, False, False 1.750443232432007 48.00656671901533 5.006845855915565 0.08557988466357559 6.140389024590889 0.48620677979851257 
[1, 24, 48], [24, 10, 1], [1, 5, 5], [20, 20, 20], [0, 1, 2], 5, 0.001, 1, False, False 1.4078848711525398 33.269744143524626 4.146092867596836 0.03201781325945289 3.605924449435148 0.4348652570703543 
[1, 24], [24, 5], [1, 5], [20, 20], [1], 20, 0.001, 1, False, False 1.4874866581280475 34.504327420533805 4.635926406672222 0.04399879156074319 0.9217600798828715 0.4739081551096241 
[1, 24], [24, 15], [1, 10], [10, 10], [1], 5, 0.001, 1, False, False 1.4409537309021865 38.67142938409742 3.6822424930862 0.08386294177233937 3.585585630770906 0.36868422964747033 
[1, 24], [24, 15], [1, 5], [20, 20], [0, 1], 1, 0.001, 1, False, False 2.1485637625058485 76.68307995048265 6.19612600613391 0.02836353126739324 1.4842787749437563 0.14758245266637698 
[1, 24, 48], [24, 5, 1], [1, 5, 5], [10, 10, 10], [0, 1, 2], 5, 0.001, 1, False, False 1.4725496724178948 35.6752350671696 4.188519676462012 0.04514817794394114 4.1596802532156785 0.5826087137898349 
[1, 24], [24, 10], [1, 5], [10, 10], [1], 5, 0.001, 1, False, False 1.5093090219216212 50.860615403841884 3.546522764855059 0.10064392334957079 6.757904939608244 0.508674427083244 
[1, 24], [24, 1], [1, 5], [20, 20], [1], 20, 0.001, 1, False, False 1.5398730122656736 37.89740988185398 5.084052975662178 0.04693916587895388 1.2245648554731419 0.24974297019053793 
[1, 24, 48], [24, 1, 1], [1, 10, 10], [20, 20, 20], [0, 1, 2], 10, 0.001, 1, False, False 1.493142158613989 34.77201675122252 4.8491160269236016 0.13983539720761035 1.3258390471125339 0.7089051895191867 
[1, 24], [24, 5], [1, 10], [20, 20], [0, 1], 1, 0.001, 1, False, False 2.0719632506370536 72.35649940367648 5.897851411444511 0.06336023794033133 3.8712361122720216 0.2736952795194636 
[1, 24], [24, 5], [1, 10], [10, 10], [1], 1, 0.001, 1, False, False 2.0253510140986344 75.91266415528459 5.8425266931943325 0.08540524749651944 2.525206257950156 0.21578002353388745 
[1, 24], [24, 15], [1, 10], [10, 10], [1], 20, 0.001, 1, False, False 1.3520156295659644 34.46435992116182 3.480506442909616 0.0759844548447203 1.3121552642812153 0.7691222798387259 
[1, 24, 48], [24, 15, 1], [1, 10, 10], [10, 10, 10], [0, 1, 2], 5, 0.001, 1, False, False 1.4965336581899065 38.086185413579635 4.206139738243924 0.05580722306204447 3.713241031140069 0.18634817503204765 
[1, 24], [24, 10], [1, 10], [20, 20], [1], 20, 0.001, 1, False, False 1.4760698128767589 37.812676810832535 4.219374304195578 0.06613856556912513 4.438422223967938 0.3270304998933492 
[1, 24], [24, 1], [1, 10], [10, 10], [1], 1, 0.001, 1, False, False 2.0954511753386913 79.65004455369142 6.198159018413713 0.029306918885944905 5.432317060786979 0.19249394878208292 
[1, 24], [24, 1], [1, 10], [20, 20], [0, 1], 20, 0.001, 1, False, False 1.5407322789645856 35.15803392008029 5.212249558362571 0.06248859492850602 4.745740152266275 0.2848168013098239 
[1, 24], [24, 15], [1, 10], [20, 20], [1], 1, 0.001, 1, False, False 1.8359059219559024 64.20849623599263 4.836345157815763 0.22333654882473947 12.937310219696128 1.0640677234749845 
[1, 24], [24, 10], [1, 10], [20, 20], [1], 5, 0.001, 1, False, False 1.3224668126967212 36.952025687303944 3.100060809753776 0.06143376876528804 0.7906831832497477 0.38111192478098377 
[1, 24], [24, 1], [1, 5], [20, 20], [0, 1], 5, 0.001, 1, False, False 1.8532438357947045 55.28831780289509 5.328770089107214 0.1522500752496435 8.375086027501265 0.3482705431095983 
[1, 24], [24, 15], [1, 5], [10, 10], [1], 1, 0.001, 1, False, False 1.9510951920791901 72.40551331356569 5.49821470697366 0.08241082486779833 5.21747124258264 0.3354099793257895 
[1, 24, 48], [24, 10, 1], [1, 10, 10], [20, 20, 20], [0, 1, 2], 5, 0.001, 1, False, False 1.443833570582447 34.370231791914165 3.957949147028593 0.05326265719785475 1.704052988692211 0.3944990213839862 
[1, 24], [24, 1], [1, 10], [10, 10], [1], 20, 0.001, 1, False, False 1.51561654229407 35.407021995238445 5.134044567863692 0.024889259688119142 1.5840220113796226 0.3957429147341906 
[1, 24], [24, 5], [1, 5], [10, 10], [0, 1], 1, 0.001, 1, False, False 2.080784868890488 74.81572137062979 5.85343202414903 0.04985727192603487 1.6537121454487314 0.16212479450108405 
[1, 24], [24, 15], [1, 5], [10, 10], [1], 20, 0.001, 1, False, False 1.438818393730455 32.74165143343816 4.129555136781033 0.05528025320204547 2.672871580312515 0.6222177722245718 
[1, 24], [24, 15], [1, 10], [20, 20], [1], 20, 0.001, 1, False, False 1.4165108695936703 31.940437554420374 4.264517644602514 0.010188167677186966 1.4196951426996283 0.33161062398978924 
[1, 24], [24, 10], [1, 5], [10, 10], [1], 20, 0.001, 1, False, False 1.4170995211297717 37.67150652433887 3.46586116156592 0.05101177192713458 2.6344875021640797 0.583268837965524 
[1, 24], [24, 1], [1, 5], [20, 20], [0, 1], 20, 0.001, 1, False, False 1.4991173524202572 33.87065597445757 5.017744607802075 0.031171975334864363 1.6599737859966397 0.4230453660356234 
[1, 24, 48], [24, 1, 1], [1, 5, 5], [10, 10, 10], [0, 1, 2], 10, 0.001, 1, False, False 1.4595238096391165 35.38670229071039 4.3594132992077705 0.09489004079431472 2.1740692224153935 0.6547823567772635 
[1, 24], [24, 10], [1, 10], [10, 10], [0, 1], 5, 0.001, 1, False, False 1.465573649867265 39.55633294230924 3.6633299403473742 0.057373647947067945 2.3733270484785787 0.09536158819641186 
[1, 24], [24, 10], [1, 5], [20, 20], [1], 1, 0.001, 1, False, False 2.0563793368637557 75.61624980862935 5.875470083920942 0.05707837660302294 0.7317682938061627 0.29117189704853386 
[1, 24, 48], [24, 15, 1], [1, 5, 5], [20, 20, 20], [0, 1, 2], 1, 0.001, 1, False, False 2.0176546959827335 74.64347440352829 5.780220555837484 0.19148677685148474 7.094398045038045 0.7509818757522422 
[1, 24, 48], [24, 15, 1], [1, 5, 5], [10, 10, 10], [0, 1, 2], 5, 0.001, 1, False, False 1.5201872458267547 35.793326859536435 4.44738257821268 0.07417264470122284 0.8068656921421077 0.5134054153492675 
[1, 24, 48], [24, 5, 1], [1, 5, 5], [20, 20, 20], [0, 1, 2], 10, 0.001, 1, False, False 1.5019794738679018 33.42463299868848 4.750486995981524 0.06751320096813992 3.017376766367376 0.3858558508802685 
[1, 24, 48], [24, 15, 1], [1, 5, 5], [10, 10, 10], [0, 1, 2], 1, 0.001, 1, False, False 1.9912228816913229 71.98139019569481 5.698757045426053 0.028382305974025062 3.983783388763726 0.20719833610077706 
[1, 24], [24, 15], [1, 5], [20, 20], [0, 1], 5, 0.001, 1, False, False 1.5170088874107153 40.40590003217134 4.17248814490965 0.1135309958966751 2.1867123324573425 0.7479116204718005 
[1, 24], [24, 1], [1, 10], [10, 10], [0, 1], 1, 0.001, 1, False, False 2.0355869044032353 76.33319352811111 5.895114757944943 0.0239849587169895 0.6592922226793969 0.07895761439232105 
[1, 24], [24, 5], [1, 10], [10, 10], [1], 20, 0.001, 1, False, False 1.4181720251493435 35.75341197885857 4.035920530295251 0.10077417114654144 3.9542761901361887 0.6527788209453862 
[1, 24], [24, 10], [1, 5], [20, 20], [1], 20, 0.001, 1, False, False 1.4822757011072507 33.362189238170465 4.563482959025603 0.016627396221865348 1.322837205179105 0.11482258686391439 
[1, 24, 48], [24, 1, 1], [1, 5, 5], [10, 10, 10], [1, 2], 1, 0.001, 1, False, False 2.050176887821267 79.10453372342833 6.063342733240353 0.12429814253243995 4.039856599658291 0.6045218144464358 
[1, 24, 48], [24, 10, 1], [1, 5, 5], [10, 10, 10], [0, 1, 2], 10, 0.001, 1, False, False 1.3958451054852319 33.35257337776247 3.9241389026929956 0.045312227048168466 3.4717126826503564 0.5890822406235077 
[1, 24, 48], [24, 5, 1], [1, 5, 5], [20, 20, 20], [1, 2], 1, 0.001, 1, False, False 2.051162651429573 73.7547206893373 5.7570110836781225 0.09302814515316622 3.4238794858805237 0.36061025244684697 
[1, 24, 48], [24, 15, 10], [1, 5, 5], [10, 10, 10], [1, 2], 1, 0.001, 1, False, False 2.041241199909536 77.96950115695567 5.936663063901377 0.07819731977379486 4.691344401980751 0.48642227897181584 
[1, 24], [24, 5], [1, 10], [20, 20], [0, 1], 5, 0.001, 1, False, False 1.47700813004954 34.15751063171126 4.5062790279948475 0.04778081991457247 0.579379623253075 0.3111692814255245 
[1, 24, 48], [24, 5, 1], [1, 10, 10], [10, 10, 10], [0, 1, 2], 10, 0.001, 1, False, False 1.4831425123744546 35.05164826537967 4.4040362852230475 0.06921246542861152 3.3653409245859662 0.19552836465628182 
[1, 24], [24, 10], [1, 10], [10, 10], [0, 1], 20, 0.001, 1, False, False 1.442356418311182 34.360868066319995 4.0873853356344965 0.021561864559565158 2.459546875830492 0.21506773125462422 
[1, 24, 48], [24, 15, 15], [1, 5, 5], [20, 20, 20], [0, 1, 2], 1, 0.001, 1, False, False 2.083864423135916 73.1473029437185 5.949629695293502 0.0768283066680688 3.8213104076445767 0.20163947361298715 
[1, 24, 48], [24, 15, 15], [1, 10, 10], [10, 10, 10], [0, 1, 2], 1, 0.001, 1, False, False 1.902042751510937 71.02615981429697 5.183019097362508 0.11558067299040559 5.734150440904449 0.5471969985042452 
[1, 24, 48], [24, 15, 5], [1, 10, 10], [20, 20, 20], [0, 1, 2], 1, 0.001, 1, False, False 2.012945432657444 68.87724920940299 5.478670837602958 0.13960350410400932 4.483371522460047 0.48143382382415584 
[1, 24], [24, 15], [1, 5], [20, 20], [0, 1], 20, 0.001, 1, False, False 1.4433757944929377 31.777461193316828 4.111261003365 0.0343992840381895 1.905084610262417 0.2178150013574582 
[1, 24, 48], [24, 1, 1], [1, 5, 5], [20, 20, 20], [0, 1, 2], 10, 0.001, 1, False, False 1.4159161928972164 35.17503440104948 3.9930997649573907 0.08022768729930904 2.225158070394257 0.30662308612735467 
[1, 24], [24, 10], [1, 10], [20, 20], [0, 1], 1, 0.001, 1, False, False 1.99183584190905 69.59455386862969 5.437667319393743 0.051095559840093854 2.63731681224054 0.3596349328006243 
[1, 24, 48], [24, 1, 1], [1, 10, 10], [10, 10, 10], [0, 1, 2], 10, 0.001, 1, False, False 1.4990355832053834 35.511754161779955 4.636781204905635 0.021741347513658592 4.592869323099802 0.4960703688423854 
[1, 24], [24, 1], [1, 10], [10, 10], [0, 1], 20, 0.001, 1, False, False 1.4484610007868877 34.9170607940788 4.385048578411454 0.03816022680633032 1.899086924042859 0.0953915677407318 
[1, 24], [24, 5], [1, 5], [10, 10], [0, 1], 5, 0.001, 1, False, False 1.6000207157460624 48.272985173679835 4.178070988540067 0.05638308166181034 2.2347547362602356 0.37170603135193364 
[1, 24], [24, 15], [1, 10], [10, 10], [0, 1], 1, 0.001, 1, False, False 2.038239905431314 76.3954236564921 5.8891745300986855 0.09765083869598462 5.379130275756973 0.5957872380229345 
[1, 24], [24, 15], [1, 10], [10, 10], [0, 1], 20, 0.001, 1, False, False 1.3994374948243298 33.06556630061746 3.7790111736674397 0.09769784421967337 1.3321736111782323 0.7734497088497354 
[1, 24, 48], [24, 15, 1], [1, 10, 10], [20, 20, 20], [0, 1, 2], 5, 0.001, 1, False, False 1.4571843955665826 33.188624576062644 4.2935811568450015 0.036184232618673685 0.2966601224508016 0.3121269513813448 
[1, 24], [24, 10], [1, 10], [20, 20], [0, 1], 20, 0.001, 1, False, False 1.4234132652446903 31.782253481240826 4.338540379060395 0.04449496240930467 0.8559837972212031 0.21396379550450928 
[1, 24, 48], [24, 10, 1], [1, 10, 10], [10, 10, 10], [0, 1, 2], 10, 0.001, 1, False, False 1.4451611853515114 34.16208355104131 3.9572401734780036 0.04313788539851062 3.896811671114034 0.18395373152285577 
[1, 24, 48], [24, 15, 1], [1, 5, 5], [10, 10, 10], [0, 1, 2], 5, 0.001, 1, False, False 1.3977221007838294 36.74985993128395 3.3926936200638464 0.030748415722689586 1.3603417871426013 0.27992103225253406 
[1, 24], [24, 5], [1, 10], [20, 20], [0, 1], 20, 0.001, 1, False, False 1.448931685503986 32.87470764082638 4.489888765470131 0.014644257531335816 0.0817357245230823 0.030846277192826052 
[1, 24, 48], [24, 5, 1], [1, 5, 5], [10, 10, 10], [1, 2], 5, 0.001, 1, False, False 1.5449340639842883 38.29314565062515 4.350415138222911 0.05989463232771805 4.727011261010517 0.34976082227906197 
[1, 24, 48], [24, 10, 1], [1, 5, 5], [20, 20, 20], [1, 2], 5, 0.001, 1, False, False 1.543095435326298 38.95989772270167 4.383197334568342 0.05998845827002477 3.436806559463518 0.2124453333850523 
[1, 24, 48], [24, 15, 10], [1, 5, 5], [20, 20, 20], [1, 2], 10, 0.001, 1, False, False 1.476210995184051 35.9768203089123 4.166709011307041 0.049469773244219466 0.7042618894470164 0.39738794390716126 
[1, 24, 48], [24, 15, 1], [1, 10, 10], [20, 20, 20], [0, 1, 2], 10, 0.001, 1, False, False 1.437550375224264 32.79945553577886 4.342512930522327 0.1018493500266098 1.326702177963165 0.5453933877775007 
[1, 24, 48], [24, 15, 10], [1, 5, 5], [10, 10, 10], [1, 2], 5, 0.001, 1, False, False 1.3754595523286195 34.424242384041605 3.3878132084292965 0.08136359179064476 4.6666667524389505 0.5261861767843401 
[1, 24, 48], [24, 10, 1], [1, 5, 5], [20, 20, 20], [0, 1, 2], 10, 0.001, 1, False, False 1.470910666131035 36.45078324194401 4.412021086192478 0.07320046154044532 2.38809247144756 0.48539112000519974 
[1, 24], [24, 10], [1, 5], [10, 10], [0, 1], 1, 0.001, 1, False, False 2.1099309270028708 79.38522699402391 6.2112141683360385 0.030033459581695173 1.0093542149267345 0.13137854197114257 
[1, 24, 48], [24, 15, 1], [1, 5, 5], [20, 20, 20], [0, 1, 2], 5, 0.001, 1, False, False 1.5992546021524399 45.94085154413603 4.3192143650440915 0.1589622885954356 7.1138369144747315 1.1196058614907018 
[1, 24], [24, 5], [1, 5], [10, 10], [0, 1], 20, 0.001, 1, False, False 1.4606048415208026 30.373169146562223 4.767001053455366 0.03179124112265102 0.7886703356131114 0.24308251226082392 
[1, 24, 48], [24, 1, 1], [1, 5, 5], [10, 10, 10], [1, 2], 5, 0.001, 1, False, False 1.677200601408603 39.25730782588467 5.148403636724178 0.09487941207991718 3.6149592990949566 1.0787444263372405 
[1, 24, 48], [24, 5, 1], [1, 5, 5], [20, 20, 20], [1, 2], 5, 0.001, 1, False, False 1.6039755728371716 42.20128754379916 4.79878843204542 0.12739007195492566 3.9908278722232513 0.2533665668404506 
[1, 24, 48], [24, 15, 1], [1, 10, 10], [10, 10, 10], [0, 1, 2], 10, 0.001, 1, False, False 1.5137923950260437 34.62556799572925 4.579982260548456 0.020139722397909583 1.3620163247388064 0.3166904934236009 
[1, 24, 48], [24, 1, 1], [1, 10, 10], [10, 10, 10], [0, 1, 2], 20, 0.001, 1, False, False 1.478622833715269 35.5895011448497 4.68881589946789 0.09701538596071099 2.0565225171694026 0.48016417503578657 
[1, 24], [24, 5], [1, 5], [20, 20], [0, 1], 1, 0.001, 1, False, False 2.0975007303059097 75.67533493252328 5.967443036217143 0.047215814409598905 1.1392253388612836 0.3058797661890165 
[1, 24, 48], [24, 5, 1], [1, 5, 5], [10, 10, 10], [0, 1, 2], 20, 0.001, 1, False, False 1.4148157918273851 34.901638712266475 4.214186864296302 0.10919645279747492 2.8726359324493593 0.7660894933877542 
[1, 24, 48], [24, 10, 1], [1, 10, 10], [20, 20, 20], [0, 1, 2], 10, 0.001, 1, False, False 1.4048347341241663 33.85328592356375 4.093021551861823 0.06465732236013265 3.2160985392937147 0.3165281937489861 
[1, 24, 48], [24, 15, 15], [1, 5, 5], [10, 10, 10], [0, 1, 2], 5, 0.001, 1, False, False 1.5177478904111517 46.10860101872169 3.769934602598713 0.17694167011909304 11.522339645892552 0.6785735732966478 
[1, 24, 48], [24, 1, 1], [1, 5, 5], [20, 20, 20], [0, 1, 2], 20, 0.001, 1, False, False 1.5138317687850862 34.577780898472774 4.945277824800111 0.05802663711395247 2.987798643937189 0.5862304975961907 
[1, 24, 48], [24, 5, 1], [1, 10, 10], [20, 20, 20], [0, 1, 2], 10, 0.001, 1, False, False 1.447973694259094 33.77911108390336 4.431606242196744 0.03652721136082837 1.9436008003582312 0.2901911545616413 
[1, 24, 48], [24, 15, 5], [1, 10, 10], [10, 10, 10], [0, 1, 2], 5, 0.001, 1, False, False 1.4670588166556426 37.24845058803484 3.9350655634019653 0.052174222341534536 4.1368341584992745 0.08466096994506957 
[1, 24, 48], [24, 15, 5], [1, 5, 5], [20, 20, 20], [0, 1, 2], 5, 0.001, 1, False, False 1.5049231708118764 38.49213023402888 4.01058221322199 0.09746236309600527 3.5320481736834104 0.5751554948358393 
[1, 24, 48], [24, 15, 1], [1, 10, 10], [10, 10, 10], [0, 1, 2], 10, 0.001, 1, False, False 1.4891257625073198 36.40483560827533 4.376631519375892 0.017303394345087677 1.2798248552239126 0.09191596491040271 
[1, 24], [24, 10], [1, 5], [10, 10], [0, 1], 20, 0.001, 1, False, False 1.4382269730998407 30.737657337155696 4.201419329662506 0.05304034197453445 2.102418050859604 0.681987047941348 
[1, 24, 48], [24, 5, 1], [1, 5, 5], [20, 20, 20], [0, 1, 2], 1, 0.001, 1, False, False 1.9975749930987747 68.78226442813522 5.420786803272012 0.1336411939283457 8.987453262739036 0.8321621806628581 
[1, 24, 48], [24, 1, 1], [1, 10, 10], [20, 20, 20], [0, 1, 2], 1, 0.001, 1, False, False 1.9710676661520081 71.51386356793329 5.512582067038543 0.0023269477458841823 1.0990569435658417 0.13339561643095676 
[1, 24, 48], [24, 5, 1], [1, 5, 5], [10, 10, 10], [0, 1, 2], 10, 0.001, 1, False, False 1.4220576316325204 35.3005798595774 3.914974539488812 0.031516033395496336 0.6660470896987024 0.258160865287625 
[1, 24, 48], [24, 1, 1], [1, 5, 5], [20, 20, 20], [1, 2], 10, 0.001, 1, False, False 1.5195899073310475 36.43291217096405 4.854815818461989 0.039466715040962316 3.9747375176615063 0.5861019564286288 
[1, 24, 48], [24, 15, 15], [1, 5, 5], [20, 20, 20], [0, 1, 2], 5, 0.001, 1, False, False 1.3855450053112923 32.34982967426456 3.699690961587066 0.05811965490303888 2.022647980587379 0.24476271575668412 
[1, 24, 48], [24, 15, 15], [1, 10, 10], [10, 10, 10], [0, 1, 2], 5, 0.001, 1, False, False 1.418241985597544 35.130463247440524 3.691067956266093 0.02805824901929112 0.869931355075163 0.1601082260917081 
[1, 24, 48], [24, 5, 1], [1, 10, 10], [10, 10, 10], [0, 1, 2], 1, 0.001, 1, False, False 2.0709698238030616 71.32866221312128 5.915509855182655 0.06452723328432244 3.5642896093589513 0.20174014105421081 
[1, 24, 48], [24, 15, 1], [1, 10, 10], [10, 10, 10], [0, 1, 2], 20, 0.001, 1, False, False 1.40106996425462 33.69154127993188 3.866310542955276 0.046216375043959056 1.2939072830486946 0.4382011013098491 
[1, 24, 48], [24, 10, 1], [1, 5, 5], [10, 10, 10], [1, 2], 10, 0.001, 1, False, False 1.49832317677361 37.71258198966216 4.1456009754090735 0.058155306422697575 2.5467697312446536 0.24261321896994284 
[1, 24, 48], [24, 15, 5], [1, 10, 10], [20, 20, 20], [0, 1, 2], 5, 0.001, 1, False, False 1.3986151783347684 34.40705677923767 3.8843854043866073 0.09804307046610193 1.3369769102512103 0.4375647988615563 
[1, 24, 48], [24, 10, 1], [1, 10, 10], [20, 20, 20], [0, 1, 2], 20, 0.001, 1, False, False 1.4457687902436769 34.254736355392616 4.060600165730908 0.027686039607692794 1.6016481475517859 0.1464668399162748 
[1, 24, 48], [24, 15, 1], [1, 10, 10], [20, 20, 20], [0, 1, 2], 1, 0.001, 1, False, False 2.124834953414068 74.16464013661925 6.327550815761313 0.16811144612124654 4.098779806070354 0.9381018341203332 
[1, 24], [24, 5], [1, 5], [20, 20], [0, 1], 20, 0.001, 1, False, False 1.459017509967089 34.1719206465548 4.4834244772657526 0.022784640081147577 0.6266353021140925 0.056757111816453175 
[1, 24, 48], [24, 10, 1], [1, 5, 5], [10, 10, 10], [0, 1, 2], 1, 0.001, 1, False, False 2.043204397018308 73.42655789247068 5.675472823723662 0.09994984538488608 3.0352665143506448 0.4979067261192281 
[1, 24, 48], [24, 15, 1], [1, 5, 5], [10, 10, 10], [0, 1, 2], 10, 0.001, 1, False, False 1.4365732049569493 35.61955141255111 4.0038413941869075 0.05238228289022324 1.2045133031657818 0.40556362012467617 
[1, 24, 48], [24, 15, 1], [1, 10, 10], [20, 20, 20], [0, 1, 2], 10, 0.001, 1, False, False 1.4540549001484007 33.205281368381655 4.330531032400643 0.05479250305998133 1.36458875211592 0.09131284250173712 
[1, 24, 48], [24, 5, 1], [1, 5, 5], [20, 20, 20], [0, 1, 2], 5, 0.001, 1, False, False 1.579586750820831 39.98183169756705 4.804243028448605 0.06123769864392348 6.666732563862328 0.4874611405881168 
[1, 24, 48], [24, 15, 1], [1, 5, 5], [10, 10, 10], [0, 1, 2], 10, 0.001, 1, False, False 1.428907776230739 34.637487873581456 4.0136961083586655 0.12801924216050373 5.581315405120181 0.6816606214760165 
[1, 24, 48], [24, 15, 10], [1, 5, 5], [10, 10, 10], [1, 2], 10, 0.001, 1, False, False 1.388872669250877 33.060214685144295 3.8768225019746168 0.10444968600372384 1.585468072015103 0.5124498279607705 
[1, 24, 48], [24, 5, 1], [1, 5, 5], [10, 10, 10], [1, 2], 10, 0.001, 1, False, False 1.535139902556936 38.95009115933564 4.538552858643026 0.09197349383584986 5.738772436698521 0.38154712555834164 
[1, 24, 48], [24, 15, 15], [1, 10, 10], [20, 20, 20], [0, 1, 2], 10, 0.001, 1, False, False 1.4521771746446135 35.1501859711519 4.086369127836112 0.018174755951104037 2.8860845182086607 0.16834770755847384 
[1, 24, 48], [24, 15, 1], [1, 10, 10], [20, 20, 20], [0, 1, 2], 5, 0.001, 1, False, False 1.4510495491049913 33.97298729042489 4.337917539612124 0.04240185555689012 4.479882634227988 0.49936753901423236 
[1, 24, 48], [24, 15, 1], [1, 5, 5], [20, 20, 20], [0, 1, 2], 10, 0.001, 1, False, False 1.5008331758763498 34.07761009522291 4.574444997763869 0.01365605831028959 2.2330534671786855 0.18445286221210352 
[1, 24, 48], [24, 10, 1], [1, 5, 5], [20, 20, 20], [1, 2], 10, 0.001, 1, False, False 1.5148264045447666 36.18652189977336 4.612065746399945 0.03844112056778802 1.3165291876851262 0.24961418591713597 
[1, 24, 48], [24, 15, 5], [1, 5, 5], [10, 10, 10], [0, 1, 2], 10, 0.001, 1, False, False 1.408345069660357 34.47106135879732 3.807299892982513 0.09326756782104781 0.40550526382876556 0.5789938649157955 
[1, 24, 48], [24, 1, 1], [1, 5, 5], [10, 10, 10], [1, 2], 10, 0.001, 1, False, False 1.5472912916361736 34.55926058410364 4.954626335976032 0.046681687330003115 1.4218121313831367 0.37417834201592876 
[1, 24, 48], [24, 10, 1], [1, 5, 5], [10, 10, 10], [0, 1, 2], 5, 0.001, 1, False, False 1.476510595571664 36.894327652624405 3.9783906220467817 0.07028714977718076 4.096797265715299 0.058828939166780704 
[1, 24, 48], [24, 15, 1], [1, 5, 5], [20, 20, 20], [0, 1, 2], 10, 0.001, 1, False, False 1.4816522388477569 33.01650169911051 4.530585209232428 0.04239167943394353 0.4624481607727245 0.3635023738095557 
[1, 24, 48], [24, 15, 10], [1, 5, 5], [20, 20, 20], [1, 2], 20, 0.001, 1, False, False 1.4228813610212123 34.90136382161031 3.888939645961566 0.05117966611158176 1.9336070046441873 0.44635108411181673 
[1, 24, 48], [24, 15, 10], [1, 5, 5], [10, 10, 10], [1, 2], 20, 0.001, 1, False, False 1.4419134827882605 36.93417224270366 4.028556713606474 0.018768701810904707 2.2435162005184557 0.34882811506971156 
[1, 24, 48], [24, 5, 1], [1, 5, 5], [20, 20, 20], [1, 2], 10, 0.001, 1, False, False 1.4893000275862438 35.601003043587085 4.392321170705188 0.04302009461274145 1.1516514786673884 0.19718950790760173 
[1, 24, 48], [24, 1, 1], [1, 10, 10], [20, 20, 20], [0, 1, 2], 5, 0.001, 1, False, False 1.4299032581970097 35.084118590923545 4.417829444930966 0.0300444301979585 0.2149102756917286 0.28606231860444037 
[1, 24, 48], [24, 15, 1], [1, 5, 5], [10, 10, 10], [1, 2], 1, 0.001, 1, False, False 1.960476009106194 78.52477741933335 5.749959937213206 0.05158254798268202 0.5942835229053537 0.08009830882812652 
[1, 24, 48], [24, 1, 1], [1, 5, 5], [10, 10, 10], [1, 2], 20, 0.001, 1, False, False 1.6377868243734595 38.70646566358621 5.507243410189825 0.02252191104473054 5.684861007114397 0.22969929360776278 
[1, 24, 48], [24, 10, 1], [1, 5, 5], [10, 10, 10], [0, 1, 2], 20, 0.001, 1, False, False 1.3972363729995712 32.55182400407435 3.8610101102154757 0.05495598463433742 1.532787617926215 0.37835346319449115 
[1, 24, 48], [24, 15, 10], [1, 5, 5], [20, 20, 20], [1, 2], 1, 0.001, 1, False, False 2.0962918549776073 72.4708853381445 5.825131835527837 0.016193172985675665 2.2737119911667487 0.13372519216684078 
[1, 24, 48], [24, 5, 1], [1, 10, 10], [10, 10, 10], [0, 1, 2], 5, 0.001, 1, False, False 1.5092195140818754 36.28017933579053 4.187135832208347 0.004179317095847819 5.339175753656292 0.7326448418677393 
[1, 24, 48], [24, 5, 1], [1, 5, 5], [20, 20, 20], [0, 1, 2], 20, 0.001, 1, False, False 1.4842125701200632 34.09777193717198 4.88895364762006 0.04977277552304316 3.0218145705751547 0.2397919096039483 
[1, 24, 48], [24, 1, 1], [1, 5, 5], [20, 20, 20], [1, 2], 1, 0.001, 1, False, False 1.9749154501767066 74.52400256025082 5.6514490574686285 0.10007802344234942 8.44823375035597 0.6302541894934727 
[1, 24, 48], [24, 10, 1], [1, 5, 5], [20, 20, 20], [0, 1, 2], 1, 0.001, 1, False, False 2.125903498381376 75.96213956696924 6.113235597468626 0.035739565188327 3.463145748413612 0.3391052935206435 
[1, 24, 48], [24, 10, 1], [1, 10, 10], [10, 10, 10], [0, 1, 2], 1, 0.001, 1, False, False 1.943266790125656 69.08193918988717 5.2579414402136235 0.04431343920839179 1.3576336177115365 0.18400700882047344 
[1, 24, 48], [24, 5, 1], [1, 5, 5], [20, 20, 20], [1, 2], 20, 0.001, 1, False, False 1.5461830654905901 35.292985755288385 4.96520350352377 0.037655359420209915 1.387455274092192 0.12256800626408502 
[1, 24, 48], [24, 10, 1], [1, 5, 5], [10, 10, 10], [1, 2], 1, 0.001, 1, False, False 2.0398379399820605 79.65710727550687 6.007006008783147 0.04133359245186837 1.8601417737830457 0.22535505629977504 
[1, 24, 48], [24, 15, 1], [1, 5, 5], [20, 20, 20], [0, 1, 2], 20, 0.001, 1, False, False 1.486428873406516 32.256411849989824 4.676088153461219 0.019195012272256746 1.172633007220947 0.14213172296295654 
[1, 24, 48], [24, 10, 1], [1, 10, 10], [10, 10, 10], [0, 1, 2], 20, 0.001, 1, False, False 1.4514296904620199 35.9000141770865 4.446524087467425 0.09567072491148697 4.216659775227659 0.7648058186647488 
[1, 24, 48], [24, 15, 15], [1, 5, 5], [10, 10, 10], [0, 1, 2], 10, 0.001, 1, False, False 1.4677070465387294 35.29193409455763 4.147210192879455 0.07031482015256553 3.035266781980422 0.6605842929931017 
[1, 24, 48], [24, 15, 10], [1, 5, 5], [20, 20, 20], [1, 2], 5, 0.001, 1, False, False 1.3622741344143392 32.17801491677931 3.6246564257683898 0.09333539651541048 4.536747426916485 0.5957681932076645 
[1, 24, 48], [24, 15, 1], [1, 10, 10], [10, 10, 10], [0, 1, 2], 1, 0.001, 1, False, False 1.9275696576745416 65.72333902932012 5.168754970220131 0.17622343391372872 12.206705560891285 0.9757226550804855 
[1, 24, 48], [24, 1, 1], [1, 10, 10], [20, 20, 20], [0, 1, 2], 20, 0.001, 1, False, False 1.5082293141840237 36.581202946990636 4.672829885544399 0.027331404877732262 1.607778919972637 0.11968158044741713 
[1, 24, 48], [24, 1, 1], [1, 5, 5], [20, 20, 20], [1, 2], 5, 0.001, 1, False, False 1.6615606033622665 40.501361428342896 5.551514717477255 0.08422649884899899 5.133620401227522 0.4656908618591773 
[1, 24, 48], [24, 15, 5], [1, 10, 10], [10, 10, 10], [0, 1, 2], 10, 0.001, 1, False, False 1.5105554419397207 36.78834082103964 4.384730835072146 0.10909586635591666 4.474107653023196 0.34864235021813816 
[1, 24, 48], [24, 15, 5], [1, 5, 5], [20, 20, 20], [0, 1, 2], 10, 0.001, 1, False, False 1.354082533330829 31.74788021239219 3.7013593996562992 0.13648880235093752 1.4284873525829496 0.8462962502988364 
[1, 24, 48], [24, 15, 15], [1, 5, 5], [20, 20, 20], [0, 1, 2], 10, 0.001, 1, False, False 1.4395888303303062 35.707951678959496 3.806255087378369 0.03819664285797781 1.3417623689933376 0.29705985570255716 
[1, 24, 48], [24, 1, 1], [1, 5, 5], [10, 10, 10], [0, 1, 2], 1, 0.001, 1, False, False 2.0147684892570523 76.84653451380728 5.854256610138467 0.03185806443718166 2.299646968629571 0.15770003140616154 
[1, 24, 48], [24, 15, 15], [1, 10, 10], [10, 10, 10], [0, 1, 2], 10, 0.001, 1, False, False 1.4938016240726466 36.59806364549183 4.253716335294432 0.13030529909056657 1.466329424829982 0.7814135544479346 
[1, 24, 48], [24, 10, 1], [1, 5, 5], [20, 20, 20], [0, 1, 2], 20, 0.001, 1, False, False 1.4061304823253993 33.02984500839831 3.983993927320672 0.040939027574209516 1.1517092091441172 0.3295159355441363 
[1, 24, 48], [24, 10, 1], [1, 5, 5], [10, 10, 10], [1, 2], 5, 0.001, 1, False, False 1.5810245560689102 47.87641903908442 4.053843504035169 0.13887061908701456 9.895522286238881 0.246445150721325 
[1, 24, 48], [24, 15, 5], [1, 10, 10], [20, 20, 20], [0, 1, 2], 10, 0.001, 1, False, False 1.3295520033273436 33.125990803252904 3.444244543441549 0.0585512131855633 1.7092374370524928 0.44411845612303313 
[1, 24, 48], [24, 1, 1], [1, 5, 5], [20, 20, 20], [1, 2], 20, 0.001, 1, False, False 1.501655501637746 36.234761168299755 4.693020738600617 0.03495675005684425 1.7463274739962287 0.335734866747035 
[1, 24, 48], [24, 5, 1], [1, 5, 5], [10, 10, 10], [1, 2], 1, 0.001, 1, False, False 1.9462559701943831 75.12019388967322 5.584714231017897 0.05797851034654745 3.880521211661491 0.2845757595458981 
[1, 24, 48], [24, 5, 1], [1, 10, 10], [10, 10, 10], [0, 1, 2], 20, 0.001, 1, False, False 1.3939920438936466 38.38597186209372 3.6509292037775265 0.09742059753561952 1.3479545727039293 0.28956870470028473 
[1, 24, 48], [24, 15, 15], [1, 5, 5], [20, 20, 20], [0, 1, 2], 20, 0.001, 1, False, False 1.3794242727949664 32.23258434350196 3.8557289022693877 0.06408094827580724 3.101363777235755 0.28271821947482767 
[1, 24, 48], [24, 1, 1], [1, 5, 5], [10, 10, 10], [0, 1, 2], 20, 0.001, 1, False, False 1.485997166394912 33.777004294479376 4.575710023596638 0.05374286053373919 1.1474118820499812 0.20527920376975373 
[1, 24, 48], [24, 15, 15], [1, 10, 10], [10, 10, 10], [0, 1, 2], 20, 0.001, 1, False, False 1.434256027425053 35.56901284739063 3.882589423551691 0.05260210635212269 2.906662914505636 0.4521495866018502 
[1, 24, 48], [24, 10, 1], [1, 5, 5], [10, 10, 10], [1, 2], 20, 0.001, 1, False, False 1.460471875917305 36.67565714416324 4.175672198093157 0.06719107503702824 4.445256059265488 0.24497567154127928 
[1, 24, 48], [24, 15, 1], [1, 5, 5], [10, 10, 10], [0, 1, 2], 20, 0.001, 1, False, False 1.440630936284584 32.97132272756588 4.113607822553213 0.07005199284487183 3.433178824005154 0.4132402650714378 
[1, 24, 48], [24, 15, 5], [1, 10, 10], [20, 20, 20], [0, 1, 2], 20, 0.001, 1, False, False 1.4736387869964045 32.79358767612501 4.393472906144226 0.0149874292270425 0.8332681259997524 0.21786318397515844 
[1, 24, 48], [24, 15, 1], [1, 10, 10], [10, 10, 10], [0, 1, 2], 20, 0.001, 1, False, False 1.3921757766080127 34.023011060195785 4.155391435695912 0.04963658542968467 1.7694225941118586 0.44938274031015146 
[1, 24, 48], [24, 5, 1], [1, 10, 10], [20, 20, 20], [0, 1, 2], 1, 0.001, 1, False, False 1.847709275547552 57.827804397840616 4.991929654553811 0.1331596753637964 6.362954500835328 0.40202969093442187 
[1, 24, 48], [24, 10, 1], [1, 5, 5], [20, 20, 20], [1, 2], 1, 0.001, 1, False, False 2.022150978446006 71.28707653454644 5.644179411454663 0.10258449370464702 7.548298442171169 0.6463358202340226 
[1, 24, 48], [24, 15, 15], [1, 10, 10], [20, 20, 20], [0, 1, 2], 1, 0.001, 1, False, False 1.9970751781154548 66.6131606827929 5.2293891637347265 0.18386590854796728 7.700788798879472 0.8083495406218997 
[1, 24, 48], [24, 15, 1], [1, 5, 5], [20, 20, 20], [0, 1, 2], 1, 0.001, 1, False, False 2.1116323148210836 75.648083641754 6.012319858744422 0.06971925532159444 2.96472139635559 0.40552322363196397 
[1, 24, 48], [24, 15, 5], [1, 5, 5], [10, 10, 10], [0, 1, 2], 1, 0.001, 1, False, False 2.071169186825001 75.49972798675998 5.899034317971652 0.03809809365956105 4.773402995430677 0.27002010450738323 
[1, 24, 48], [24, 15, 1], [1, 10, 10], [10, 10, 10], [0, 1, 2], 5, 0.001, 1, False, False 1.4446094969632453 32.382980887740864 3.997521890670034 0.06700415129144913 1.118106599714774 0.4430775921553101 
[1, 24, 48], [24, 15, 1], [1, 10, 10], [20, 20, 20], [0, 1, 2], 20, 0.001, 1, False, False 1.4725597182840664 35.20280428353089 4.2043928575350025 0.025039715298241966 1.3405333794063796 0.15479716261163098 
[1, 24, 48], [24, 15, 1], [1, 10, 10], [20, 20, 20], [0, 1, 2], 1, 0.001, 1, False, False 1.9690096564590922 70.36271736494054 5.268921347977681 0.06991085577422068 1.4523563240480137 0.16593896272829156 
[1, 24, 48], [24, 5, 1], [1, 5, 5], [10, 10, 10], [1, 2], 20, 0.001, 1, False, False 1.4358790886346944 34.513267992308144 4.348838147316203 0.04897122565235949 0.9131081991788316 0.17501175014900724 
[1, 24, 48], [24, 15, 1], [1, 5, 5], [10, 10, 10], [0, 1, 2], 1, 0.001, 1, False, False 2.0030048117041583 74.94604187208557 5.698100139833229 0.06590610337081101 3.801488947460375 0.12749296903001409 
[1, 24, 48], [24, 10, 1], [1, 5, 5], [20, 20, 20], [1, 2], 20, 0.001, 1, False, False 1.488721823630234 35.552047850459594 4.680119877035177 0.059774341480784816 2.4416228595040055 0.4280302663634107 
[1, 24, 48], [24, 15, 1], [1, 10, 10], [20, 20, 20], [0, 1, 2], 20, 0.001, 1, False, False 1.4547618049990252 35.59608953844562 4.20135793578617 0.011097873147532626 0.5160406418705519 0.1875748547551173 
[1, 24, 48], [24, 15, 15], [1, 10, 10], [20, 20, 20], [0, 1, 2], 5, 0.001, 1, False, False 1.3650405900276918 32.19269759537844 3.607874034959495 0.04806343761229737 1.1169185448974297 0.5745351656301219 
[1, 24, 48], [24, 15, 1], [1, 5, 5], [20, 20, 20], [0, 1, 2], 5, 0.001, 1, False, False 1.4988804748557782 35.07568427533253 4.361781331805165 0.00896840794102035 3.7144592831195617 0.0747985306740003 
[1, 24, 48], [24, 15, 5], [1, 5, 5], [10, 10, 10], [0, 1, 2], 5, 0.001, 1, False, False 1.3833889796502061 35.2380667199076 3.4097991789869364 0.02336458729330538 3.2305821215966692 0.5505446022886894 
[1, 24, 48], [24, 5, 1], [1, 10, 10], [20, 20, 20], [0, 1, 2], 20, 0.001, 1, False, False 1.5104592888443564 35.86675208631976 4.596448239028969 0.09735225828397814 2.7535518268504493 0.7450496235267737 
[1, 24, 48], [24, 15, 15], [1, 10, 10], [20, 20, 20], [0, 1, 2], 20, 0.001, 1, False, False 1.4005869866762726 34.086887433641984 3.874686763671138 0.022571099676719625 2.5699863472176734 0.17773663984053567 
[1, 24, 48], [24, 15, 1], [1, 5, 5], [20, 20, 20], [0, 1, 2], 20, 0.001, 1, False, False 1.4446134259303411 35.112458382195776 4.122469710456682 0.03408871533433949 0.17064360387973138 0.20207636772111942 
[1, 24, 48], [24, 15, 5], [1, 5, 5], [10, 10, 10], [0, 1, 2], 20, 0.001, 1, False, False 1.4455498599550791 33.00753224549853 4.236900716093797 0.051858731187028356 0.554929557542973 0.4121080563695254 
[1, 24, 48], [24, 15, 15], [1, 5, 5], [10, 10, 10], [0, 1, 2], 1, 0.001, 1, False, False 1.977008190006017 71.15563351605215 5.662178337038352 0.1590864439902917 7.952527053665308 0.39847397226463865 
[1, 24, 48], [24, 15, 5], [1, 10, 10], [10, 10, 10], [0, 1, 2], 1, 0.001, 1, False, False 1.9033561957379173 69.43360630348349 5.069408058618362 0.0931068072815928 2.5419919282019348 0.5205974729984418 
[1, 24, 48], [24, 15, 5], [1, 5, 5], [20, 20, 20], [0, 1, 2], 1, 0.001, 1, False, False 2.0611402889092756 72.95235806806672 5.6688331701795605 0.07050312903737094 3.0884646161280744 0.45428735380177193 
[1, 24, 48], [24, 15, 1], [1, 5, 5], [10, 10, 10], [0, 1, 2], 20, 0.001, 1, False, False 1.5026364743847545 35.515182057984966 4.390495945167018 0.052298943287639295 3.0101342542319562 0.19682754039106548 
[1, 24, 48], [24, 15, 15], [1, 5, 5], [10, 10, 10], [0, 1, 2], 20, 0.001, 1, False, False 1.4080111821906438 32.989308438889374 3.855539567187234 0.04283422200977128 1.476675032369024 0.2621928427612882 
[1, 24, 48], [24, 15, 5], [1, 5, 5], [20, 20, 20], [0, 1, 2], 20, 0.001, 1, False, False 1.462129037575451 30.072292607040264 4.596564583740174 0.05340990925131585 2.4918376528886705 0.26252767754822387 
[1, 24, 48], [24, 15, 5], [1, 10, 10], [10, 10, 10], [0, 1, 2], 20, 0.001, 1, False, False 1.4773799806315873 32.29091627965145 4.008957464825956 0.025560982447327726 1.2329961110942835 0.08303091193486538 
