lags time_steps dense_nodes lstm_nodes processed scales                        epochs l2 learning_rate mean_mae mean_mape mean_mse                         std mae std_mape std_mse 
[1, 24], [24, 5], [1, 5], [20, 20], [0, 1], 1, 0.001, 1, False, False 2.148202912261088 80.62295417527136 6.342491758230257 0.008690166451482649 0.3003035508924919 0.08328075927304365 
[1, 24], [24, 1], [1, 5], [10, 10], [0, 1], 1, 0.001, 1, False, False 2.098532124691539 82.36639175829542 6.323002136421486 0.005257039980805475 0.3480633847461808 0.01174732378332376 
[1, 24], [24, 5], [1, 10], [10, 10], [0, 1], 5, 0.001, 1, False, False 1.7739187336216362 63.22553415509508 4.746569204186758 0.10149561252002372 5.2701271650255705 0.3068192844935881 
[1, 24], [24, 1], [1, 5], [20, 20], [0, 1], 5, 0.001, 1, False, False 2.010126082847515 72.375938215105 5.614726158180701 0.05041397062015095 1.9156718300643718 0.1944606423410206 
[1, 24], [24, 15], [1, 10], [20, 20], [0, 1], 1, 0.001, 1, False, False 2.1397593369086576 78.96415244308203 6.2740744776689015 0.009921375686158309 1.2845760647418294 0.1516948528526665 
[1, 24], [24, 10], [1, 10], [10, 10], [0, 1], 1, 0.001, 1, False, False 2.1052718162536617 79.04169334409217 6.171949255338537 0.03970690518349002 1.2607696706453437 0.1597888233660315 
[1, 24], [24, 1], [1, 5], [10, 10], [0, 1], 5, 0.001, 1, False, False 2.011814935257037 77.66097638081237 5.883011865608352 0.05480630346294123 5.485860000742948 0.373601306689961 
[1, 24], [24, 5], [1, 5], [20, 20], [0, 1], 5, 0.001, 1, False, False 1.7011315262014106 51.62285228940268 4.521560293187416 0.12509659839448228 5.4398376065069876 0.4074028239312067 
[1, 24], [24, 5], [1, 5], [10, 10], [1], 1, 0.001, 1, False, False 2.054441230385391 81.78959963143437 6.144275967155306 0.044979231966151015 3.225474241887918 0.33553794241288654 
[1, 24], [24, 10], [1, 5], [20, 20], [1], 1, 0.001, 1, False, False 2.1180412989247723 80.19198380972185 6.279713442067123 0.029362153796512077 2.3324379820068915 0.15734180856838878 
[1, 24], [24, 1], [1, 10], [10, 10], [0, 1], 10, 0.001, 1, False, False 1.4802388252483476 36.358411036710606 4.302591410616028 0.05306190868789493 2.4960340120112257 0.2628142401358853 
[1, 24], [24, 5], [1, 5], [20, 20], [1], 5, 0.001, 1, False, False 1.836033775077925 66.57277116518596 5.22450499744822 0.23428872630473194 13.545617427764453 0.9281338489943814 
[1, 24], [24, 5], [1, 5], [10, 10], [1], 5, 0.001, 1, False, False 1.8254482125242542 69.72374642680035 5.0147227902472835 0.03635991099063694 1.9270680080279077 0.276978892594174 
[1, 24], [24, 10], [1, 5], [20, 20], [1], 5, 0.001, 1, False, False 1.614430741620836 56.40525510147731 4.293746606048988 0.12069445069805694 8.274130591816455 0.29710435036848143 
[1, 24], [24, 10], [1, 10], [20, 20], [0, 1], 5, 0.001, 1, False, False 1.5538824988046176 49.68416290028231 4.272085449475756 0.03530477909544277 2.7267349868609525 0.37841888805162577 
[1, 24], [24, 15], [1, 10], [10, 10], [1], 1, 0.001, 1, False, False 2.0638589212188005 80.5092937157506 6.071054775453464 0.004064434848944479 2.828330331802504 0.10506496643153863 
[1, 24], [24, 10], [1, 10], [10, 10], [1], 5, 0.001, 1, False, False 1.5307049241330883 47.5571203556644 3.695968737737919 0.03114833414400902 4.885676482799297 0.23754987199114158 
[1, 24], [24, 5], [1, 10], [10, 10], [1], 10, 0.001, 1, False, False 1.5348162037906825 36.96381287547973 4.316906818101344 0.09171456843848722 3.970441872396874 0.4031695163277647 
[1, 24], [24, 15], [1, 10], [20, 20], [0, 1], 5, 0.001, 1, False, False 1.6412414862739813 53.8372500661564 4.411241922420056 0.27299026185929626 14.080478685657946 0.7545189685855291 
[1, 24], [24, 10], [1, 10], [10, 10], [0, 1], 5, 0.001, 1, False, False 1.7173015023961105 59.58928812932789 4.5122644524437385 0.03886276126875272 4.605203854927629 0.20897647685807258 
[1, 24], [24, 5], [1, 10], [20, 20], [0, 1], 10, 0.001, 1, False, False 1.53212641692134 35.876571840588475 4.671911266098434 0.05546423425880766 3.5520497743486175 0.36271947517409153 
[1, 24], [24, 10], [1, 10], [20, 20], [1], 10, 0.001, 1, False, False 1.4893817075700673 36.35511482936835 3.9696785927479517 0.05215705877276353 2.4795435203507545 0.19910036620318347 
[1, 24], [24, 15], [1, 10], [20, 20], [1], 5, 0.001, 1, False, False 1.4629085612448824 42.36242145202926 3.85957023863913 0.030624298587256727 5.509795174794466 0.09652296906317163 
[1, 24], [24, 5], [1, 5], [20, 20], [1], 10, 0.001, 1, False, False 1.5670177815413036 35.159498451828135 4.73833755120302 0.11585990738218399 3.0276747351324866 0.9788933046667302 
[1, 24], [24, 5], [1, 10], [10, 10], [0, 1], 10, 0.001, 1, False, False 1.537351811042539 37.159779629672585 4.783053639194922 0.05376166435986432 2.9871418644607757 0.5096744970208816 
[1, 24], [24, 1], [1, 5], [20, 20], [0, 1], 10, 0.001, 1, False, False 1.5557075609211575 36.53837660947943 4.700846986231 0.08131692994614294 3.0826185355317897 0.24794765043184544 
[1, 24], [24, 15], [1, 10], [10, 10], [1], 5, 0.001, 1, False, False 1.5808016763241195 53.714883332814715 3.889201751367544 0.1251204512102325 7.101140258704867 0.46784553042978855 
[1, 24], [24, 1], [1, 5], [10, 10], [0, 1], 10, 0.001, 1, False, False 1.5971015876504004 44.05770870831967 4.567008262226165 0.028519376229743154 4.568416476810267 0.5867960126188474 
[1, 24], [24, 5], [1, 5], [10, 10], [1], 10, 0.001, 1, False, False 1.532751858813895 42.05720710408647 4.10325125803451 0.07658136878596994 4.142604683684478 0.32068044019385183 
[1, 24], [24, 10], [1, 5], [20, 20], [1], 10, 0.001, 1, False, False 1.4295081470092692 35.45182905115593 3.7665105395770286 0.017406799605134058 2.799714802179821 0.2765391334126343 
[1, 24], [24, 5], [1, 5], [20, 20], [0, 1], 10, 0.001, 1, False, False 1.5565027369876157 34.93132062284527 5.064984867610629 0.051045609783020085 1.717716000349195 0.4326199849827002 
[1, 24], [24, 1], [1, 10], [20, 20], [1], 1, 0.001, 1, False, False 2.058424023235285 80.01144116570386 6.066678081948269 0.0016107289884124939 1.4252117671825622 0.07885020659595231 
[1, 24], [24, 5], [1, 10], [20, 20], [1], 20, 0.001, 1, False, False 1.4724206534248816 33.42205515952608 4.591149821208567 0.03597181782396771 2.0467795567282963 0.0748494105317491 
[1, 24], [24, 10], [1, 10], [10, 10], [1], 10, 0.001, 1, False, False 1.4579444522107092 35.50037353657496 3.838528798273645 0.032488157211784344 0.8126274175419025 0.11283088617089557 
[1, 24], [24, 1], [1, 5], [10, 10], [1], 10, 0.001, 1, False, False 1.6945977265360186 44.90618249055141 4.6724172657484955 0.1028457385201448 3.94457518712282 0.2695920625767302 
[1, 24], [24, 10], [1, 5], [10, 10], [1], 1, 0.001, 1, False, False 2.060887530694405 81.28375249965478 6.0771045130192745 0.03255353114342039 2.6843321728671086 0.26805765803717746 
[1, 24], [24, 1], [1, 10], [20, 20], [0, 1], 20, 0.001, 1, False, False 1.480036661518669 33.793724412057365 4.67102696188359 0.009336019834951186 0.196487769015395 0.1723095691314631 
[1, 24], [24, 1], [1, 10], [20, 20], [1], 5, 0.001, 1, False, False 1.832716519951268 65.2823031630809 5.080054078701955 0.10551452022553358 10.184562141357521 0.4909832239258086 
[1, 24, 48], [24, 1, 1], [1, 10, 10], [10, 10, 10], [0, 1, 2], 1, 0.001, 1, False, False 2.0891274148115397 81.1372011381082 6.238670065455803 0.016525224968839024 0.7753306657512186 0.09271662490357462 
[1, 24], [24, 15], [1, 5], [10, 10], [0, 1], 10, 0.001, 1, False, False 1.5096711281273103 41.34832336222357 4.066584703104224 0.08018287278893547 5.352644171633458 0.39656455246750033 
[1, 24], [24, 5], [1, 5], [10, 10], [0, 1], 1, 0.001, 1, False, False 2.1190856260006066 83.2898751539721 6.448372715164628 0.015228769829070616 1.7036343586599758 0.0585651946352879 
[1, 24], [24, 10], [1, 5], [10, 10], [1], 5, 0.001, 1, False, False 1.9065084839308695 74.44335621789173 5.262943388346542 0.08351975884549044 5.008398973213181 0.5787243888734922 
[1, 24], [24, 1], [1, 10], [20, 20], [1], 10, 0.001, 1, False, False 1.6183763038436025 42.6361470023314 4.728820994104123 0.04482390263504163 6.88708242913867 0.44444626027492173 
[1, 24], [24, 1], [1, 5], [20, 20], [1], 20, 0.001, 1, False, False 1.5432899037307062 36.622968352213825 4.864355799114974 0.04647657016935747 2.812069432927038 0.30209291815750156 
[1, 24, 48], [24, 10, 1], [1, 5, 5], [10, 10, 10], [0, 1, 2], 1, 0.001, 1, False, False 2.0900918494496072 81.57227810092404 6.234432562025322 0.022233050069919665 0.8117073469906084 0.07832207304234251 
[1, 24, 48], [24, 5, 1], [1, 10, 10], [20, 20, 20], [0, 1, 2], 1, 0.001, 1, False, False 2.098786154141028 78.049209139291 6.089830491812052 0.042360807742749064 2.7866703737862744 0.280984126522833 
[1, 24, 48], [24, 15, 1], [1, 5, 5], [20, 20, 20], [0, 1, 2], 1, 0.001, 1, False, False 2.139097892989714 80.48074848969786 6.35510769460176 0.008779500273022703 0.24524569658854442 0.052274945281810266 
[1, 24, 48], [24, 15, 5], [1, 10, 10], [10, 10, 10], [0, 1, 2], 1, 0.001, 1, False, False 2.1242350597072526 80.73140626957222 6.316670601273709 0.04238621175916251 1.0523029223910179 0.16160265288122727 
[1, 24], [24, 1], [1, 10], [10, 10], [1], 1, 0.001, 1, False, False 2.0496731563850683 82.4088157844637 6.117516272027743 0.03733379948386055 3.715024420535523 0.26280836074022107 
[1, 24], [24, 5], [1, 10], [10, 10], [1], 20, 0.001, 1, False, False 1.5367122093698498 39.68787249276381 4.19464054986985 0.07712917825186301 1.3962959428314738 0.5766414653542299 
[1, 24], [24, 15], [1, 10], [20, 20], [1], 10, 0.001, 1, False, False 1.4649836748424505 38.755874987274886 3.8352502698018065 0.046981463636514106 0.35445724192305017 0.3506869773245368 
[1, 24], [24, 5], [1, 10], [20, 20], [1], 1, 0.001, 1, False, False 2.106103528870476 83.29894008844093 6.36941818890221 0.006376932242380826 0.6509288137733893 0.04543551415372785 
[1, 24], [24, 15], [1, 10], [10, 10], [1], 10, 0.001, 1, False, False 1.433680560274257 34.990451761317985 3.8563594154235314 0.012827851793833805 3.416547156818015 0.3399108886358283 
[1, 24], [24, 10], [1, 5], [10, 10], [0, 1], 20, 0.001, 1, False, False 1.6530516611481154 40.777183736451875 4.843355267667657 0.3440442058859272 16.127969209165887 0.8425741110016808 
[1, 24], [24, 1], [1, 10], [10, 10], [1], 5, 0.001, 1, False, False 1.8382765232964788 70.02917813126079 5.054807943317222 0.07123214051343871 5.6467882030993435 0.3586589710732961 
[1, 24], [24, 1], [1, 5], [10, 10], [1], 20, 0.001, 1, False, False 1.5454779392591236 39.035365455585264 4.403942412104847 0.0455180508989801 1.0313490725118448 0.1703321976593722 
[1, 24], [24, 5], [1, 5], [10, 10], [0, 1], 5, 0.001, 1, False, False 1.8740821226189526 68.392440118934 5.157441813107532 0.1836049864499978 9.938604609341608 0.7189509002624637 
[1, 24], [24, 10], [1, 10], [20, 20], [1], 20, 0.001, 1, False, False 1.4051038979311237 37.27111649937351 3.839157719843954 0.028659284167267218 1.1951520284159745 0.2003216198069066 
[1, 24, 48], [24, 1, 1], [1, 10, 10], [20, 20, 20], [0, 1, 2], 5, 0.001, 1, False, False 1.5229543702125001 37.769183445249325 4.513821187461003 0.04416033031821534 2.6238014678589647 0.33263160322133534 
[1, 24], [24, 1], [1, 5], [20, 20], [1], 1, 0.001, 1, False, False 2.0771066744018474 81.27213702374728 6.224389941416875 0.0019655090461366343 1.1795118986976612 0.038584368551095136 
[1, 24], [24, 10], [1, 5], [20, 20], [0, 1], 1, 0.001, 1, False, False 2.1250861080432375 80.9034925810489 6.331761565864632 0.007774903368998638 0.7954185869275273 0.0506070341938409 
[1, 24], [24, 15], [1, 5], [10, 10], [1], 1, 0.001, 1, False, False 2.1081278717352276 84.24883088693012 6.434582704589815 0.022579736170275512 0.3352414609266832 0.05027195948349577 
[1, 24], [24, 10], [1, 10], [20, 20], [0, 1], 10, 0.001, 1, False, False 1.472781169290344 35.06905822664614 4.060922602943056 0.05285264859497522 0.940318618933905 0.14309464573228414 
[1, 24], [24, 15], [1, 5], [10, 10], [1], 20, 0.001, 1, False, False 1.5167225901106445 36.198198189281584 4.274143434693113 0.027783972072796953 1.1130899439882052 0.3317022639862583 
[1, 24], [24, 5], [1, 5], [20, 20], [1], 20, 0.001, 1, False, False 1.5155443594066638 38.007267499840566 4.517931159766033 0.10012405610934333 3.2259486558887285 0.6480804482356539 
[1, 24, 48], [24, 15, 15], [1, 10, 10], [20, 20, 20], [0, 1, 2], 1, 0.001, 1, False, False 2.091105102250973 75.74084117193888 5.906236473506737 0.03510433819099362 3.650518566542887 0.2660672843109276 
[1, 24], [24, 15], [1, 5], [20, 20], [1], 1, 0.001, 1, False, False 2.1207956310499587 83.33873213832318 6.382619533310247 0.03191357787239556 2.5534575040755505 0.09047012772226257 
[1, 24], [24, 5], [1, 10], [20, 20], [1], 5, 0.001, 1, False, False 1.7066133429054855 57.40094737397116 4.5048477245408405 0.08302766655487911 4.851921939676348 0.3086631692421463 
[1, 24], [24, 5], [1, 10], [10, 10], [1], 1, 0.001, 1, False, False 2.068435430913059 83.25429720633902 6.251298338288361 0.04122270185803622 3.051443746387787 0.2321419563022336 
[1, 24], [24, 10], [1, 5], [10, 10], [1], 10, 0.001, 1, False, False 1.5527731280221984 46.743209641884626 4.099965129470722 0.11323786459214742 10.281470901868857 0.5202865374272876 
[1, 24], [24, 5], [1, 5], [10, 10], [1], 20, 0.001, 1, False, False 1.536374978245133 35.81811670288439 4.528291093220651 0.006340429198513812 0.606147335151609 0.07720353755059972 
[1, 24, 48], [24, 1, 1], [1, 10, 10], [10, 10, 10], [0, 1, 2], 5, 0.001, 1, False, False 1.5713913934098354 39.903609464671895 4.709702680363773 0.05297124726376094 0.5168364041632341 0.4873940341008129 
[1, 24], [24, 1], [1, 5], [20, 20], [1], 5, 0.001, 1, False, False 1.7374733149729387 58.52896088360038 4.721784454003672 0.08617682267885557 3.5772918840354744 0.264869644167799 
[1, 24], [24, 1], [1, 10], [10, 10], [1], 10, 0.001, 1, False, False 1.525869296918865 38.35632128890861 4.257278317534445 0.05583131899537473 2.1859464508059627 0.3303111412708371 
[1, 24], [24, 10], [1, 10], [10, 10], [1], 20, 0.001, 1, False, False 1.4932294817779352 35.64145789550155 4.247941335458494 0.036785672141181947 4.1792434464631185 0.054256714645769484 
[1, 24], [24, 5], [1, 5], [20, 20], [1], 1, 0.001, 1, False, False 2.1101473310479406 82.56801575492845 6.354225117468023 0.011961956067991364 0.7172236766160333 0.05390744694274498 
[1, 24], [24, 15], [1, 10], [20, 20], [0, 1], 10, 0.001, 1, False, False 1.4005080615342769 34.98088388461665 3.8712557063965605 0.04901451935892625 1.176828252417237 0.21616460028878756 
[1, 24], [24, 10], [1, 10], [10, 10], [0, 1], 10, 0.001, 1, False, False 1.4701022566744582 35.965131532799944 4.123258233817531 0.02033317944024286 2.6674700753679317 0.20661120906007052 
[1, 24], [24, 1], [1, 10], [20, 20], [1], 20, 0.001, 1, False, False 1.513521640285574 33.95718405259015 4.973982333407971 0.033100229825448066 0.4873540066013521 0.14513902510324392 
[1, 24], [24, 10], [1, 10], [20, 20], [1], 1, 0.001, 1, False, False 2.0941866384336234 80.6816524537557 6.138710818644122 0.036118411301072545 0.9979359183548775 0.15658772329153278 
[1, 24], [24, 15], [1, 5], [10, 10], [1], 5, 0.001, 1, False, False 1.9264098396455793 75.97163052962081 5.532811093907946 0.14748935220593967 7.44862151777526 0.7294674545795363 
[1, 24], [24, 10], [1, 5], [20, 20], [1], 20, 0.001, 1, False, False 1.481203919966464 36.859088075497915 4.09072654078073 0.08186817330693615 1.3703310139104161 0.661885785554613 
[1, 24], [24, 10], [1, 10], [10, 10], [1], 1, 0.001, 1, False, False 2.0918737668682024 83.09669728343128 6.361034780297473 0.017070131295653677 0.9329261671707864 0.08285075253719214 
[1, 24], [24, 1], [1, 10], [10, 10], [0, 1], 20, 0.001, 1, False, False 1.5304581633320566 36.13265007437201 4.84172195334212 0.10936908913184365 3.656792240916421 0.46348502275581965 
[1, 24], [24, 5], [1, 10], [10, 10], [1], 5, 0.001, 1, False, False 1.6251064676101556 58.531953103793164 4.335567231819234 0.18438491892727402 7.891515069631018 0.6651959100936399 
[1, 24], [24, 15], [1, 5], [20, 20], [1], 5, 0.001, 1, False, False 1.6215247399415125 54.22110983813539 4.139726999438049 0.09299339490970868 9.419429342690806 0.26702374101754695 
[1, 24], [24, 1], [1, 10], [20, 20], [0, 1], 1, 0.001, 1, False, False 2.1125756394807933 80.97868867651955 6.265503843611199 0.013085843658589466 0.6656715409895299 0.13705809490746487 
[1, 24, 48], [24, 15, 1], [1, 10, 10], [10, 10, 10], [0, 1, 2], 5, 0.001, 1, False, False 1.4834147985886645 42.79695584528312 3.8031209740849836 0.06963920197893583 1.856837881659871 0.5003351390230686 
[1, 24, 48], [24, 15, 5], [1, 10, 10], [20, 20, 20], [0, 1, 2], 5, 0.001, 1, False, False 1.4955659812937183 37.15213606142779 4.021687925607684 0.011242159113452495 0.7725638409980438 0.02405389973671923 
[1, 24], [24, 1], [1, 5], [20, 20], [1], 10, 0.001, 1, False, False 1.6445977244388177 47.85550613805784 4.970126104265734 0.07617289900665418 4.238956162028775 0.44623940180149313 
[1, 24], [24, 15], [1, 5], [20, 20], [0, 1], 20, 0.001, 1, False, False 1.4275699713991747 31.793747678600308 4.127478945897588 0.07846470263919239 1.4902605924157155 0.45700133590286646 
[1, 24, 48], [24, 10, 1], [1, 5, 5], [20, 20, 20], [0, 1, 2], 5, 0.001, 1, False, False 1.6529851730154068 53.73950854068593 4.590341180343663 0.3268158644970027 19.91713796200135 1.2358692902913477 
[1, 24], [24, 10], [1, 10], [20, 20], [1], 5, 0.001, 1, False, False 1.6326288263416948 50.00663550716188 4.179240314421702 0.22307732746974626 15.525041433814643 0.6728994477295313 
[1, 24, 48], [24, 5, 1], [1, 5, 5], [10, 10, 10], [0, 1, 2], 5, 0.001, 1, False, False 1.727418925185446 60.65854170405993 4.950722220401434 0.13433365339385606 9.540360946527972 0.21563114057277058 
[1, 24], [24, 10], [1, 5], [20, 20], [0, 1], 5, 0.001, 1, False, False 1.6731040343918175 56.91925593493756 4.375417773386144 0.0909455522428904 6.922875321164398 0.29767799847416504 
[1, 24], [24, 15], [1, 10], [10, 10], [0, 1], 1, 0.001, 1, False, False 2.0626889197362783 80.19584312459232 6.056393219477211 0.007980635968155122 0.9593489062567692 0.06965020460679436 
[1, 24], [24, 5], [1, 10], [20, 20], [1], 10, 0.001, 1, False, False 1.5579285192268868 38.74351476918279 4.479913909191632 0.060132891299963756 1.954610503495219 0.48242811366644617 
[1, 24, 48], [24, 15, 15], [1, 5, 5], [10, 10, 10], [0, 1, 2], 5, 0.001, 1, False, False 1.4486696549311828 43.269794432925664 3.7728139095117363 0.002809914867010672 4.173909849326451 0.30099783396308694 
[1, 24, 48], [24, 10, 1], [1, 5, 5], [10, 10, 10], [0, 1, 2], 5, 0.001, 1, False, False 1.4960664645872186 39.13751127794754 4.170713970224587 0.04350767995313612 2.6883737812857547 0.21517526406748047 
[1, 24, 48], [24, 15, 1], [1, 5, 5], [20, 20, 20], [0, 1, 2], 5, 0.001, 1, False, False 1.660588046935973 50.76484883589335 4.641973682303623 0.22843000602733687 15.527334876821254 0.6915007298502059 
[1, 24, 48], [24, 5, 1], [1, 10, 10], [20, 20, 20], [0, 1, 2], 5, 0.001, 1, False, False 1.5786419651850512 37.00951898066911 4.920797269836828 0.030081586831887122 1.0262745742613824 0.18897437715016827 
[1, 24], [24, 15], [1, 5], [10, 10], [1], 10, 0.001, 1, False, False 1.4284949825179798 40.88349053733134 3.4802877993574115 0.0647430029216126 10.618373967982796 0.16135645673009363 
[1, 24, 48], [24, 15, 5], [1, 10, 10], [10, 10, 10], [0, 1, 2], 5, 0.001, 1, False, False 1.4208611018058876 36.210936467876685 3.6399142539006584 0.02992173335251419 1.3747200786772227 0.22735253586166038 
[1, 24, 48], [24, 1, 1], [1, 5, 5], [10, 10, 10], [0, 1, 2], 10, 0.001, 1, False, False 1.58415583682557 35.43304854153427 5.067919578367961 0.04944895279819642 0.427526407557507 0.2525106807377416 
[1, 24], [24, 1], [1, 10], [10, 10], [1], 20, 0.001, 1, False, False 1.533954272736554 38.46224215799459 4.54532557964315 0.06194953873119478 1.009641277334248 0.3121691798244641 
[1, 24, 48], [24, 1, 1], [1, 5, 5], [10, 10, 10], [1, 2], 1, 0.001, 1, False, False 2.0759486244508505 80.77326287045072 6.1631982919925195 0.014878975724466264 3.0522527972747375 0.18343268289149106 
[1, 24, 48], [24, 10, 1], [1, 5, 5], [20, 20, 20], [1, 2], 1, 0.001, 1, False, False 2.110437309990326 79.51824657533678 6.2101800309288775 0.01499455732518482 0.6720591090213172 0.0815709269653057 
[1, 24, 48], [24, 15, 5], [1, 5, 5], [10, 10, 10], [0, 1, 2], 10, 0.001, 1, False, False 1.4917912760542504 36.725749051072306 3.950883500328951 0.10622555954331878 3.1189762071183766 0.6026959265495176 
[1, 24], [24, 5], [1, 5], [10, 10], [0, 1], 10, 0.001, 1, False, False 1.7043576368165232 53.155685572057415 4.786365479594178 0.19620027754488795 13.559719506751808 0.5177404567155508 
[1, 24], [24, 5], [1, 10], [10, 10], [0, 1], 20, 0.001, 1, False, False 1.5150348607657689 38.19164674753765 4.074723334230337 0.01439970167953868 2.359929697527884 0.03963795422877199 
[1, 24], [24, 1], [1, 10], [20, 20], [0, 1], 5, 0.001, 1, False, False 1.6813883103016343 56.629045643802186 4.605804147760202 0.16979513166202553 7.880660320409859 0.3301597597025554 
[1, 24, 48], [24, 15, 15], [1, 10, 10], [20, 20, 20], [0, 1, 2], 5, 0.001, 1, False, False 1.483403909827272 39.50707460660407 3.7155788560857093 0.036106593358676546 2.7394730764536255 0.13553100414452085 
[1, 24], [24, 1], [1, 5], [20, 20], [0, 1], 20, 0.001, 1, False, False 1.4949909908421066 33.18206051431885 4.962134826199008 0.030038306765680017 2.4567967311408223 0.3230533387740238 
[1, 24], [24, 5], [1, 10], [20, 20], [0, 1], 1, 0.001, 1, False, False 2.102598125735918 78.43346218202042 6.113428624606868 0.004194481481180625 0.7062067459814295 0.0852228191335819 
[1, 24], [24, 1], [1, 5], [10, 10], [0, 1], 20, 0.001, 1, False, False 1.5799500350736915 37.405766941753676 5.063516055752125 0.04542060455623887 2.0709249777479695 0.19494485864571362 
[1, 24], [24, 15], [1, 5], [20, 20], [1], 10, 0.001, 1, False, False 1.447899844262887 38.270031365216774 3.804619540811892 0.012407797455573676 2.3174267932281456 0.11294723495235202 
[1, 24], [24, 1], [1, 10], [10, 10], [0, 1], 1, 0.001, 1, False, False 2.0952588668851937 82.59476806625793 6.331839239545314 0.01807213554835033 0.7159769114738729 0.09217573009913393 
[1, 24], [24, 5], [1, 5], [20, 20], [0, 1], 20, 0.001, 1, False, False 1.4876909119870376 31.791922687380193 4.816860911348159 0.08624883484271463 2.972135089862819 0.3266787865498288 
[1, 24], [24, 15], [1, 10], [20, 20], [1], 20, 0.001, 1, False, False 1.4846711216080521 34.848198962453615 4.25539259982338 0.044548348586204774 5.098167082464396 0.08315994074339098 
[1, 24], [24, 1], [1, 5], [20, 20], [0, 1], 1, 0.001, 1, False, False 2.116933932596886 81.31350347028648 6.322647894023873 0.020564726773822685 1.4548315971195587 0.1131678082450449 
[1, 24, 48], [24, 15, 10], [1, 5, 5], [10, 10, 10], [1, 2], 5, 0.001, 1, False, False 1.4693908555709099 42.60627458579219 3.658020932805025 0.032461394120213906 3.2243925902170836 0.22899850036410863 
[1, 24, 48], [24, 1, 1], [1, 5, 5], [20, 20, 20], [1, 2], 5, 0.001, 1, False, False 1.7842400730553043 57.14719784303165 5.024277465605397 0.16607153438680203 16.8872614427049 0.2982433136818485 
[1, 24], [24, 1], [1, 5], [10, 10], [1], 1, 0.001, 1, False, False 2.0981696133812267 85.20578427378918 6.447649920005765 0.02396753837632113 1.609833094377274 0.14672596519118256 
[1, 24], [24, 15], [1, 10], [10, 10], [1], 20, 0.001, 1, False, False 1.497820349413626 35.2468218794678 4.2281766821271995 0.017122690500989232 3.0365937340088376 0.23654156764566558 
[1, 24, 48], [24, 10, 1], [1, 5, 5], [20, 20, 20], [1, 2], 5, 0.001, 1, False, False 1.4990420301548306 41.42672789468123 4.013249703044394 0.05931975926576269 5.225390409645272 0.5277150814685478 
[1, 24], [24, 5], [1, 10], [10, 10], [0, 1], 1, 0.001, 1, False, False 2.082165977689954 81.86952325136976 6.257982859915401 0.04124273906499755 0.55926126484285 0.16444544648230577 
[1, 24], [24, 5], [1, 10], [20, 20], [0, 1], 20, 0.001, 1, False, False 1.5071539920582266 33.31533622722322 4.7077449613681415 0.05831191976265648 1.1427981932130251 0.5177394392655835 
[1, 24, 48], [24, 15, 5], [1, 5, 5], [10, 10, 10], [1, 2], 1, 0.001, 1, False, False 2.0910517852339474 82.32295554890682 6.2927654022185875 0.023774137697183704 2.2738715481330627 0.21601220293668755 
[1, 24, 48], [24, 1, 1], [1, 5, 5], [10, 10, 10], [1, 2], 5, 0.001, 1, False, False 1.6427426805650747 54.8594195874114 4.455235420044247 0.06534875109251392 3.134312130190542 0.29528133005053225 
[1, 24], [24, 15], [1, 10], [20, 20], [1], 1, 0.001, 1, False, False 2.137505384920923 82.3965629413115 6.389381519243444 0.03738933922766586 2.0818675493908825 0.06714349771335183 
[1, 24], [24, 15], [1, 10], [10, 10], [0, 1], 5, 0.001, 1, False, False 1.6025759791748388 54.92882832558223 4.048453758357778 0.20007841619127062 12.15240348230728 0.8242564634667408 
[1, 24], [24, 10], [1, 5], [10, 10], [1], 20, 0.001, 1, False, False 1.5164498434091611 39.16019997314802 4.1031151184445465 0.04987587670245727 2.6986248955827503 0.33207925981513003 
[1, 24, 48], [24, 15, 1], [1, 10, 10], [20, 20, 20], [0, 1, 2], 10, 0.001, 1, False, False 1.4220977394427694 32.66976655470096 4.029616664534195 0.0812821928063268 2.9741771143713898 0.22903158615004168 
[1, 24], [24, 10], [1, 5], [10, 10], [0, 1], 1, 0.001, 1, False, False 2.1041293718748615 82.09730641674611 6.333710536253462 0.002764940706101481 0.8836493477046827 0.033265480808655656 
[1, 24, 48], [24, 15, 1], [1, 10, 10], [10, 10, 10], [0, 1, 2], 10, 0.001, 1, False, False 1.461996786172192 36.22138820528399 4.023504098645547 0.07996637274420977 2.251691585062756 0.38209463395215926 
[1, 24, 48], [24, 5, 1], [1, 5, 5], [20, 20, 20], [0, 1, 2], 10, 0.001, 1, False, False 1.5414310032018914 36.69624743126486 4.636192018796627 0.10231014542034515 1.9723830142103482 0.20964165938211135 
[1, 24], [24, 1], [1, 5], [10, 10], [1], 5, 0.001, 1, False, False 1.9571046655100799 76.03930915785168 5.567970989117089 0.05801207192140575 3.5283791010528636 0.40011990911700396 
[1, 24, 48], [24, 5, 1], [1, 5, 5], [10, 10, 10], [2], 1, 0.001, 1, False, False 2.0894070600469905 85.5868587976038 6.421997047979686 0.0037727208588328167 0.3490931963824936 0.007759694318520086 
[1, 24, 48], [24, 1, 1], [1, 10, 10], [20, 20, 20], [0, 1, 2], 10, 0.001, 1, False, False 1.5941934112804361 37.2366851521098 4.9893755940667575 0.022106078493617724 1.7288140859286665 0.11846000809749617 
[1, 24, 48], [24, 20, 5], [1, 5, 5], [20, 20, 20], [2], 1, 0.001, 1, False, False 2.091929166653641 82.25626780065791 6.236330582449494 0.03168178892808633 2.304036804138758 0.24353871744682504 
[1, 24, 48], [24, 20, 15], [1, 10, 10], [20, 20, 20], [2], 1, 0.001, 1, False, False 2.1180011708979247 80.96881682218276 6.275334921845025 0.01614493511640598 0.5925058187911214 0.08437769474140125 
[1, 24, 48], [24, 20, 10], [1, 10, 10], [10, 10, 10], [2], 1, 0.001, 1, False, False 2.0899291032442338 82.55686640278118 6.287687198379124 0.009217026763146724 2.101191520552032 0.14584864337786269 
[1, 24], [24, 5], [1, 10], [20, 20], [0, 1], 5, 0.001, 1, False, False 1.6604016264555623 56.99243686389375 4.31956081118046 0.20675074262076937 10.735433453841006 0.7106916546018381 
[1, 24, 48], [24, 1, 1], [1, 5, 5], [20, 20, 20], [0, 1, 2], 20, 0.001, 1, False, False 1.5438377952341131 32.41893973275287 5.221186808177855 0.026510645021906466 3.828188201645106 0.5715096369185981 
[1, 24], [24, 1], [1, 10], [10, 10], [0, 1], 5, 0.001, 1, False, False 1.9801078383569355 75.15218224753805 5.614207495300715 0.06521618639648613 5.066162375929047 0.46939926966928497 
[1, 24, 48], [24, 5, 1], [1, 5, 5], [10, 10, 10], [1, 2], 10, 0.001, 1, False, False 1.571697752874483 38.97176920606904 4.505957070142245 0.016680674975717378 2.6152585519074356 0.21831627306256038 
[1, 24, 48], [24, 5, 1], [1, 5, 5], [20, 20, 20], [2], 5, 0.001, 1, False, False 1.707733097907017 60.824233382756546 4.668560245421629 0.27561825264689965 17.11692651799591 1.2343928628059977 
[1, 24, 48], [24, 20, 5], [1, 10, 10], [10, 10, 10], [2], 5, 0.001, 1, False, False 1.6650831071314984 59.5631804762891 4.2277304572793275 0.24156809875143004 14.78420572662728 1.0097363766746577 
[1, 24, 48], [24, 15, 5], [1, 5, 5], [20, 20, 20], [1, 2], 5, 0.001, 1, False, False 1.5100144522885477 45.20246500771602 3.8423581809749443 0.00853093635640043 2.021075352518568 0.3110992877170918 
[1, 24, 48], [24, 5, 1], [1, 10, 10], [10, 10, 10], [0, 1, 2], 1, 0.001, 1, False, False 2.0958577985012963 81.19528589878712 6.26997465373499 0.0073949380773755125 0.7068038963512991 0.045062554687680424 
[1, 24, 48], [24, 20, 10], [1, 10, 10], [20, 20, 20], [2], 5, 0.001, 1, False, False 1.49568695773681 43.353794695132024 3.7603314251183626 0.06417544309119085 1.133087441017322 0.4427596379839085 
[1, 24], [24, 10], [1, 5], [20, 20], [0, 1], 10, 0.001, 1, False, False 1.5310442330246723 44.15017446013431 4.303476653007357 0.061252051066126925 6.980629495316071 0.2941929521981855 
[1, 24, 48], [24, 5, 1], [1, 5, 5], [10, 10, 10], [2], 5, 0.001, 1, False, False 1.7994470952285653 68.5066705110047 4.9917782137283595 0.20751590910252976 9.382377819867356 0.7499277762559567 
[1, 24, 48], [24, 20, 5], [1, 5, 5], [20, 20, 20], [2], 5, 0.001, 1, False, False 1.6918527237657042 60.89658524073506 4.5690075044604805 0.28854341347734985 15.713651998817149 1.2376626050129214 
[1, 24, 48], [24, 1, 1], [1, 10, 10], [10, 10, 10], [0, 1, 2], 10, 0.001, 1, False, False 1.5640905536573246 36.71534552964903 4.858057816929823 0.04921561089989154 2.1750756558708986 0.3483011735319706 
[1, 24, 48], [24, 20, 10], [1, 10, 10], [10, 10, 10], [2], 5, 0.001, 1, False, False 1.646311558079388 57.387000081360924 4.321171689071806 0.08684996523107923 10.453131097497213 0.31370349001978365 
[1, 24, 48], [24, 20, 15], [1, 10, 10], [20, 20, 20], [2], 5, 0.001, 1, False, False 1.518883496467713 49.59925996479355 3.3532895423010225 0.2281734564807617 12.002547083738051 0.8498822327212974 
[1, 24], [24, 1], [1, 10], [20, 20], [0, 1], 10, 0.001, 1, False, False 1.5720336144997018 36.100068514076476 5.1533976423342365 0.11535056965679917 2.3591791700638303 1.0192259927323526 
[1, 24, 48], [24, 15, 5], [1, 5, 5], [10, 10, 10], [1, 2], 5, 0.001, 1, False, False 1.5648497102575167 51.71659226586977 3.923409507170272 0.19319179702113237 11.780474837662297 0.6094741375869538 
[1, 24], [24, 15], [1, 5], [10, 10], [0, 1], 20, 0.001, 1, False, False 1.45652703995368 31.894811337967266 4.514679804803454 0.12069527569505735 1.1875942254545244 0.6244964409224859 
[1, 24, 48], [24, 5, 1], [1, 10, 10], [10, 10, 10], [2], 10, 0.001, 1, False, False 1.5739422865901835 39.684261492694475 4.409142004146189 0.042194632008454344 1.1172987815709148 0.4803621615361805 
[1, 24, 48], [24, 20, 5], [1, 10, 10], [20, 20, 20], [2], 10, 0.001, 1, False, False 1.4502219006557162 37.01144195154396 3.7862241494573943 0.03340283263083231 3.1369494730338117 0.30536621873272696 
[1, 24], [24, 10], [1, 5], [10, 10], [0, 1], 5, 0.001, 1, False, False 1.6882827204686615 56.980516223309564 4.324238324075867 0.19075901106968182 10.425529291569378 0.7038267827876963 
[1, 24], [24, 15], [1, 5], [20, 20], [0, 1], 1, 0.001, 1, False, False 2.1475942060351367 80.38756172107828 6.374014260076273 0.009774450632830344 0.17458721226389098 0.01462200510006337 
[1, 24, 48], [24, 15, 5], [1, 5, 5], [20, 20, 20], [0, 1, 2], 20, 0.001, 1, False, False 1.4248294930284224 31.630690473778085 4.090711862766439 0.05928795278087222 2.4469068499178097 0.6066467207073584 
[1, 24, 48], [24, 15, 10], [1, 5, 5], [20, 20, 20], [1, 2], 10, 0.001, 1, False, False 1.4219784145415935 31.609638431014265 3.9148342463909316 0.09276001510126493 2.4475052245785696 0.43740900334639193 
[1, 24, 48], [24, 20, 15], [1, 5, 5], [10, 10, 10], [2], 10, 0.001, 1, False, False 1.5041107019754472 41.494003257360596 3.7277292975798644 0.07861426434548903 5.60899633960953 0.24121920372021727 
[1, 24, 48], [24, 10, 1], [1, 5, 5], [20, 20, 20], [1, 2], 10, 0.001, 1, False, False 1.4201528551746856 35.226095720394554 3.7728221792188763 0.01947555963564027 1.061967525509102 0.24742277280254418 
[1, 24, 48], [24, 1, 1], [1, 5, 5], [20, 20, 20], [1, 2], 10, 0.001, 1, False, False 1.5218228037296626 37.429062318382506 4.447282535006238 0.07064757187030025 2.947818016825216 0.25228976764098476 
[1, 24, 48], [24, 15, 10], [1, 5, 5], [10, 10, 10], [1, 2], 10, 0.001, 1, False, False 1.4433799929020033 37.232048345551526 3.6879292404560924 0.08269886716466586 3.791053781186479 0.21180908745953886 
[1, 24, 48], [24, 15, 15], [1, 10, 10], [10, 10, 10], [0, 1, 2], 1, 0.001, 1, False, False 2.0840793542012013 79.95887130359922 6.14725656672431 0.010329868811102238 0.9595437181693561 0.03369084932689832 
[1, 24, 48], [24, 5, 1], [1, 5, 5], [20, 20, 20], [1, 2], 20, 0.001, 1, False, False 1.3538517261268919 36.79000468592781 3.3611315835091435 0.08454609909892634 2.9914574297997 0.4019539066126422 
[1, 24, 48], [24, 15, 15], [1, 5, 5], [20, 20, 20], [0, 1, 2], 10, 0.001, 1, False, False 1.538728581023989 39.085879794602015 4.314700371583272 0.023711592734696526 1.0253361567319017 0.23533109515308084 
[1, 24, 48], [24, 5, 1], [1, 5, 5], [20, 20, 20], [2], 10, 0.001, 1, False, False 1.7646756669437442 53.370437420672296 5.385366450687454 0.23830994698963417 22.152209047961794 0.7388987983868078 
[1, 24, 48], [24, 1, 1], [1, 5, 5], [10, 10, 10], [1, 2], 10, 0.001, 1, False, False 1.5676743692132062 37.5601346245596 4.951705630817599 0.05623966892374933 2.667229616776311 0.18294396640700286 
[1, 24, 48], [24, 15, 15], [1, 5, 5], [10, 10, 10], [0, 1, 2], 10, 0.001, 1, False, False 1.3778868333195098 37.13530637328626 3.2419634752841975 0.12967288069485902 1.9242663821256152 0.5060875771461729 
[1, 24, 48], [24, 20, 5], [1, 10, 10], [10, 10, 10], [2], 10, 0.001, 1, False, False 1.509200779086462 40.59422489345756 3.9883698076342946 0.13927539365341926 4.222420985678415 0.6814151880814763 
[1, 24, 48], [24, 10, 1], [1, 5, 5], [10, 10, 10], [1, 2], 1, 0.001, 1, False, False 2.0643742157905183 79.64347764719253 6.055877422426877 0.0203513290956503 2.8035386220511236 0.2205390447412087 
[1, 24, 48], [24, 5, 1], [1, 10, 10], [10, 10, 10], [0, 1, 2], 5, 0.001, 1, False, False 1.5490344779634924 45.41690650135131 4.290161748655633 0.08273245492017046 5.822859115008062 0.3047513244792582 
[1, 24, 48], [24, 5, 1], [1, 5, 5], [10, 10, 10], [2], 10, 0.001, 1, False, False 1.5487914614241438 41.78198517583956 4.453260401133796 0.0503418794266311 2.6785337595878276 0.4895273910325006 
[1, 24, 48], [24, 20, 5], [1, 5, 5], [20, 20, 20], [2], 10, 0.001, 1, False, False 1.4693115360896893 42.83426287470496 3.6228879175609214 0.0777603267250839 0.6882690533238153 0.5262774216054119 
[1, 24, 48], [24, 20, 10], [1, 10, 10], [20, 20, 20], [2], 10, 0.001, 1, False, False 1.448057574571835 37.34297127337263 3.634896720603305 0.0724369583730242 0.5792298684557687 0.5909616343834383 
[1, 24, 48], [24, 5, 1], [1, 5, 5], [10, 10, 10], [0, 1, 2], 10, 0.001, 1, False, False 1.5608840129717636 37.23479233548641 4.888913681043271 0.08836247994107002 2.556409658491664 0.3784125565110897 
[1, 24, 48], [24, 10, 1], [1, 5, 5], [20, 20, 20], [0, 1, 2], 10, 0.001, 1, False, False 1.3693183748741395 33.46260177025507 3.9562816223813555 0.06462698618579697 0.6795334270679456 0.6280091614152365 
[1, 24, 48], [24, 15, 1], [1, 10, 10], [10, 10, 10], [0, 1, 2], 10, 0.001, 1, False, False 1.526689061260334 37.898083894348105 4.442695132082064 0.040484795739553915 0.6869216316944551 0.40039655610944086 
[1, 24, 48], [24, 20, 15], [1, 10, 10], [20, 20, 20], [2], 10, 0.001, 1, False, False 1.455115891620517 37.49594540964001 3.5071221776778505 0.024840985791938008 1.94598688565259 0.037069702708358306 
[1, 24, 48], [24, 20, 10], [1, 10, 10], [10, 10, 10], [2], 10, 0.001, 1, False, False 1.4009478029553541 38.20492911617987 3.301667928308131 0.024602569126424247 4.107554234060324 0.07334291835048956 
[1, 24], [24, 15], [1, 5], [20, 20], [1], 20, 0.001, 1, False, False 1.3571798910007435 34.354659005599075 3.569842271872987 0.045114537982576725 4.582351164346757 0.16470920720006726 
[1, 24, 48], [24, 5, 1], [1, 10, 10], [20, 20, 20], [2], 20, 0.001, 1, False, False 1.4705101543002665 36.10339986801787 4.402424047285557 0.01543529317500918 1.8952904450258454 0.20098821652703133 
[1, 24, 48], [24, 15, 5], [1, 10, 10], [20, 20, 20], [0, 1, 2], 10, 0.001, 1, False, False 1.5507290704658743 36.91985841320536 4.462585458317865 0.03782110973940181 2.623356667552931 0.2197807822420351 
[1, 24, 48], [24, 15, 15], [1, 5, 5], [10, 10, 10], [1, 2], 10, 0.001, 1, False, False 1.4146658497138158 38.63476785759641 3.518094270127231 0.05180783563328702 1.1370424358883797 0.4053979618480734 
[1, 24], [24, 5], [1, 5], [10, 10], [0, 1], 20, 0.001, 1, False, False 1.5623948956529299 38.49875241574861 4.665502300116491 0.0718289968740222 4.73847522016197 0.5089133368916464 
[1, 24, 48], [24, 15, 15], [1, 10, 10], [20, 20, 20], [0, 1, 2], 10, 0.001, 1, False, False 1.4296177291828729 34.8409062023834 3.8439168809230053 0.10932445102446102 2.5512870690987333 0.45330035955943293 
[1, 24, 48], [24, 20, 5], [1, 5, 5], [10, 10, 10], [2], 1, 0.001, 1, False, False 2.0745520523024923 82.7507388175503 6.24780819272513 0.019228905585459904 0.8580862024331846 0.07949530571753581 
[1, 24, 48], [24, 20, 10], [1, 5, 5], [10, 10, 10], [2], 20, 0.001, 1, False, False 1.386805439623142 32.7528914658974 3.5517476317541608 0.12514507405783198 2.148485780301001 0.49641288714617676 
[1, 24, 48], [24, 15, 1], [1, 5, 5], [20, 20, 20], [0, 1, 2], 10, 0.001, 1, False, False 1.4735850635778025 34.75111928217487 4.140207282431196 0.049831633433312025 0.8560916395714278 0.16731488700866726 
[1, 24, 48], [24, 20, 15], [1, 5, 5], [20, 20, 20], [2], 20, 0.001, 1, False, False 1.470820615344026 41.71301271740202 3.738154216193246 0.10132840088857385 2.470959305331886 0.4762940716945498 
[1, 24], [24, 15], [1, 10], [10, 10], [0, 1], 10, 0.001, 1, False, False 1.3692615463018971 33.103067795600545 3.5065396742538293 0.047939171233029716 1.646201856226058 0.43871016984022887 
[1, 24, 48], [24, 5, 1], [1, 10, 10], [20, 20, 20], [0, 1, 2], 10, 0.001, 1, False, False 1.5511463498351752 36.07194807827329 4.715639439466625 0.08221386469314658 3.0906841412122295 0.46341341644999795 
[1, 24, 48], [24, 20, 10], [1, 5, 5], [20, 20, 20], [2], 1, 0.001, 1, False, False 2.0951866883370602 81.83983997655154 6.277968835042017 0.031211962062475673 1.424782494831324 0.1847552249606311 
[1, 24, 48], [24, 1, 1], [1, 5, 5], [30, 30, 30], [1, 2], 1, 0.001, 1, False, False 2.1023735365657887 79.987428936157 6.259316740322494 0.008392226084286233 3.5988405524924207 0.15136061181049895 
[1, 24, 48], [24, 20, 15], [1, 10, 10], [10, 10, 10], [2], 1, 0.001, 1, False, False 2.0394294849976338 82.00431312838494 6.168354596287621 0.009402830711735153 0.665865511875215 0.03884099927713165 
[1, 24, 48], [24, 10, 1], [1, 5, 5], [10, 10, 10], [0, 1, 2], 10, 0.001, 1, False, False 1.540768980055496 36.447884659417475 4.794025332107429 0.04593655155369361 2.398745758148873 0.23150341959451265 
[1, 24], [24, 10], [1, 10], [20, 20], [0, 1], 20, 0.001, 1, False, False 1.4875619601458314 34.752079429552815 4.331418096830094 0.008365696426161645 2.1038587417922305 0.32974019137403576 
[1, 24, 48], [24, 15, 5], [1, 10, 10], [10, 10, 10], [0, 1, 2], 10, 0.001, 1, False, False 1.4969052683148123 35.98340149735858 3.986372450194379 0.05546923778949676 1.2635182028580179 0.39330673460401594 
[1, 24], [24, 15], [1, 5], [20, 20], [0, 1], 5, 0.001, 1, False, False 1.7203816492110482 55.4015624019386 4.444556153928253 0.14917346031884823 6.862887425484213 0.4314231506874747 
[1, 24, 48], [24, 15, 15], [1, 10, 10], [10, 10, 10], [0, 1, 2], 5, 0.001, 1, False, False 1.4402788334836565 41.179399493762844 3.5901723484263144 0.012176152021134834 0.8007205613318396 0.16125157225430561 
[1, 24, 48], [24, 10, 1], [1, 5, 5], [10, 10, 10], [1, 2], 5, 0.001, 1, False, False 1.6062541987746952 53.63018390499048 3.9053739359115984 0.15756502377036527 10.07173827253227 0.6242333673027576 
[1, 24], [24, 15], [1, 10], [20, 20], [0, 1], 20, 0.001, 1, False, False 1.459128549156918 34.2067784669068 4.149606628456487 0.034540334416100736 4.202538787027081 0.3752805354787223 
[1, 24, 48], [24, 15, 1], [1, 5, 5], [10, 10, 10], [1, 2], 20, 0.001, 1, False, False 1.521074049878452 38.09059870305168 4.507375663503751 0.07920624629146464 1.3548386739283813 0.8557911085211827 
[1, 24, 48], [24, 15, 5], [1, 5, 5], [20, 20, 20], [1, 2], 10, 0.001, 1, False, False 1.6151552191969973 50.1043545676566 4.566635732740926 0.35440344059241297 23.440398038891328 1.314952874254872 
[1, 24, 48], [24, 20, 5], [1, 5, 5], [10, 10, 10], [2], 5, 0.001, 1, False, False 1.826305594488426 70.05985775110764 4.969658136232238 0.191008018295066 10.23937736131345 0.9954715321862241 
[1, 24], [24, 15], [1, 5], [10, 10], [0, 1], 1, 0.001, 1, False, False 2.082436853343689 81.79135422810003 6.2414057994895416 0.03207505026183668 1.365736750155358 0.12188005460804695 
[1, 24, 48], [24, 5, 1], [1, 5, 5], [40, 40, 40], [1, 2], 1, 0.001, 1, False, False 2.154691206912199 78.6879814085727 6.297822892221817 0.01676388263990182 1.5276462157150543 0.0787366322746388 
[1, 24, 48], [24, 15, 1], [1, 5, 5], [20, 20, 20], [1, 2], 1, 0.001, 1, False, False 2.134743631327593 79.4037670000085 6.250910655939442 0.03802511509205838 1.3001159366151984 0.22175778690554335 
[1, 24], [24, 10], [1, 10], [10, 10], [0, 1], 20, 0.001, 1, False, False 1.461554643456583 32.882141439513525 4.274488827696274 0.0818518831149484 1.3834940914204672 0.5252480466208164 
[1, 24, 48], [24, 5, 1], [1, 10, 10], [10, 10, 10], [2], 20, 0.001, 1, False, False 1.595702792297084 38.889655353718204 4.64778542317569 0.10504535009966712 5.24683182442703 0.36365161815703867 
[1, 24, 48], [24, 20, 10], [1, 5, 5], [20, 20, 20], [2], 5, 0.001, 1, False, False 1.7474584869626495 61.717702020099914 4.758265689410346 0.24024738003190368 15.220239846275222 1.0064382575021054 
[1, 24, 48], [24, 20, 15], [1, 10, 10], [10, 10, 10], [2], 5, 0.001, 1, False, False 1.6118805273470498 57.6827057810572 4.095576431816706 0.23814472328700334 14.014496472757033 1.1348159263137931 
[1, 24, 48], [24, 15, 5], [1, 5, 5], [10, 10, 10], [1, 2], 10, 0.001, 1, False, False 1.5368811101549207 37.65306189194711 4.335447919845226 0.029679077710480867 1.6475086102899081 0.18253819239846533 
[1, 24, 48], [24, 5, 1], [1, 10, 10], [20, 20, 20], [2], 1, 0.001, 1, False, False 2.0762818660173146 82.55630888464812 6.265182145117202 0.009896577730301807 0.13569217785027196 0.00717731569038215 
[1, 24, 48], [24, 10, 1], [1, 20, 20], [30, 30, 30], [1, 2], 1, 0.001, 1, False, False 1.9929819181561461 71.89847516618603 5.498500779332264 0.02374538558211481 1.262314053694612 0.04127547311854529 
[1, 24, 48], [24, 15, 10], [1, 20, 20], [40, 40, 40], [1, 2], 1, 0.001, 1, False, False 1.9275369664861086 67.20109088279129 4.983761203878141 0.09126738478110114 7.722005950599179 0.5854624669521657 
[1, 24], [24, 10], [1, 10], [20, 20], [0, 1], 1, 0.001, 1, False, False 2.122500390255892 80.35895246224315 6.282111031773687 0.02086947447846965 0.994580053877822 0.05419157352251331 
[1, 24, 48], [24, 20, 5], [1, 10, 10], [20, 20, 20], [2], 20, 0.001, 1, False, False 1.4823623785887057 35.78461640295736 4.1530700856100555 0.05131395945866227 1.4449185732487648 0.24060725850201162 
[1, 24], [24, 10], [1, 5], [10, 10], [0, 1], 10, 0.001, 1, False, False 1.534347440605914 41.13860217473609 3.971102685031568 0.07108147664848566 2.2867248834134988 0.6139445075062764 
[1, 24, 48], [24, 1, 1], [1, 5, 5], [40, 40, 40], [1, 2], 5, 0.001, 1, False, False 1.5845747017267124 43.400821782707105 4.434162157817603 0.0652607641038833 7.251244877644462 0.25653137220871053 
[1, 24, 48], [24, 20, 10], [1, 5, 5], [10, 10, 10], [2], 1, 0.001, 1, False, False 2.1064167449871696 84.37102756075366 6.409153032209602 0.023440195705100017 0.9432846847965205 0.02333906906318707 
[1, 24, 48], [24, 10, 1], [1, 10, 10], [10, 10, 10], [0, 1, 2], 20, 0.001, 1, False, False 1.5373937302165566 37.465927971444835 4.694092393529959 0.06499159196370106 2.4597029963446286 0.4736735515768361 
[1, 24, 48], [24, 20, 15], [1, 5, 5], [10, 10, 10], [2], 20, 0.001, 1, False, False 1.551973735341044 43.038532743977555 4.050206830411461 0.0700574913926122 6.132729129866361 0.4370241980239866 
[1, 24, 48], [24, 1, 1], [1, 5, 5], [30, 30, 30], [1, 2], 5, 0.001, 1, False, False 1.6861998195173562 51.121152895004606 4.839535871638337 0.2506192784483866 17.10608177810505 0.9402574502609002 
[1, 24, 48], [24, 15, 1], [1, 10, 10], [20, 20, 20], [0, 1, 2], 20, 0.001, 1, False, False 1.5449678815901287 34.40849564593818 4.80499911239195 0.0584191104414189 0.5947621660321083 0.41743704714935614 
[1, 24, 48], [24, 5, 1], [1, 5, 5], [20, 20, 20], [2], 20, 0.001, 1, False, False 1.567837719626173 41.95429123117673 4.455807834760439 0.1744545817881454 0.9082738030346847 1.343294860537011 
[1, 24, 48], [24, 5, 1], [1, 5, 5], [40, 40, 40], [1, 2], 5, 0.001, 1, False, False 1.5506988928894758 36.73708131810827 4.612712888527156 0.03224991077129004 0.23769082428991706 0.44671473984219046 
[1, 24, 48], [24, 20, 15], [1, 5, 5], [20, 20, 20], [2], 1, 0.001, 1, False, False 2.1192492243040486 82.04596100680602 6.372857979632108 0.016302410027384435 1.0987685676032055 0.01613898870273148 
[1, 24, 48], [24, 15, 1], [1, 5, 5], [10, 10, 10], [0, 1, 2], 20, 0.001, 1, False, False 1.4004630104397184 35.04051299274447 3.7729322929361344 0.08338274113836419 1.5894399928666076 0.4974174367025227 
[1, 24, 48], [24, 5, 1], [1, 10, 10], [20, 20, 20], [2], 5, 0.001, 1, False, False 1.6736802102514992 52.09416793489469 4.419628672198081 0.08987737022832121 4.127131790706166 0.365209333274605 
[1, 24, 48], [24, 5, 1], [1, 5, 5], [10, 10, 10], [2], 20, 0.001, 1, False, False 1.517376007636389 41.49948853052217 3.946544469586731 0.11065519948763802 1.9378554223821114 0.6592049961248714 
[1, 24, 48], [24, 5, 1], [1, 10, 10], [10, 10, 10], [2], 1, 0.001, 1, False, False 2.003371946955168 81.62730688787882 5.947234254219637 0.09673618612012964 2.5054001233895202 0.460328777586673 
[1, 24, 48], [24, 20, 5], [1, 10, 10], [10, 10, 10], [2], 20, 0.001, 1, False, False 1.4378553812978447 38.31746157235765 3.646725069951522 0.0481061357919535 1.6943770642583702 0.1441399757073637 
[1, 24, 48], [24, 15, 1], [1, 5, 5], [20, 20, 20], [1, 2], 5, 0.001, 1, False, False 1.5314546659312869 43.346770673510434 4.0343234697005 0.05674626838046369 7.9917082756300015 0.40979683251776133 
[1, 24, 48], [24, 15, 1], [1, 5, 5], [30, 30, 30], [1, 2], 5, 0.001, 1, False, False 1.5572040457416465 42.416818551467934 4.432321611443456 0.03581753541909746 3.11991986295536 0.29133861078202467 
[1, 24, 48], [24, 20, 5], [1, 5, 5], [10, 10, 10], [2], 10, 0.001, 1, False, False 1.5596866689622406 45.19416790996098 4.04662860285557 0.09401967255114609 2.2670432172213055 0.6318399072995291 
[1, 24, 48], [24, 5, 1], [1, 20, 20], [30, 30, 30], [1, 2], 5, 0.001, 1, False, False 1.5458562547685928 36.705307420028625 4.588528800747554 0.05376179281699089 2.9271125709497254 0.1925307028353617 
[1, 24, 48], [24, 10, 1], [1, 20, 20], [40, 40, 40], [1, 2], 5, 0.001, 1, False, False 1.5476427995358353 37.96321379323137 4.547192885759804 0.034668360810630426 2.7010864852853573 0.14882473229195234 
[1, 24, 48], [24, 15, 15], [1, 5, 5], [20, 20, 20], [1, 2], 20, 0.001, 1, False, False 1.533884431297581 33.56366825969772 4.749552698468296 0.04387996951231361 2.1248735883611136 0.4703279027203478 
[1, 24, 48], [24, 5, 1], [1, 5, 5], [20, 20, 20], [2], 1, 0.001, 1, False, False 2.0791005309257233 82.42416058374471 6.207104205233601 0.03959547747486383 1.1352587805508267 0.12302039818788384 
[1, 24, 48], [24, 20, 5], [1, 10, 10], [20, 20, 20], [2], 1, 0.001, 1, False, False 2.113934602919551 82.0729406982485 6.350569643792949 0.029914219607878188 1.7714835436079668 0.11605198591417082 
[1, 24], [24, 15], [1, 5], [10, 10], [0, 1], 5, 0.001, 1, False, False 1.816994994878768 65.73323953113567 4.669077170499711 0.029499310340660518 0.7688174286778541 0.008954620057710173 
[1, 24, 48], [24, 10, 1], [1, 10, 10], [20, 20, 20], [0, 1, 2], 1, 0.001, 1, False, False 2.1229455748641928 78.1510337202741 6.102204863415447 0.041080635341473215 1.9272887754029344 0.2215559727145221 
[1, 24, 48], [24, 15, 5], [1, 5, 5], [10, 10, 10], [0, 1, 2], 20, 0.001, 1, False, False 1.40973661897911 32.73207737424292 4.072209524586339 0.05123884207710916 2.3557094196327695 0.4627408719374376 
[1, 24, 48], [24, 15, 5], [1, 5, 5], [30, 30, 30], [1, 2], 1, 0.001, 1, False, False 2.12624421964089 78.1609223006542 6.207402800362345 0.05556077806529105 2.1085181005330793 0.3237104621115612 
[1, 24, 48], [24, 20, 10], [1, 5, 5], [10, 10, 10], [2], 5, 0.001, 1, False, False 1.6185594053594043 60.349696658782044 4.027159145441364 0.27191279036109306 11.937879815503823 1.184450463885594 
[1, 24, 48], [24, 10, 1], [1, 20, 20], [30, 30, 30], [1, 2], 5, 0.001, 1, False, False 1.5222956618777033 35.10376055246122 4.71181404573649 0.09431396758832031 4.460925997986461 0.1535322610044364 
[1, 24, 48], [24, 15, 1], [1, 5, 5], [10, 10, 10], [0, 1, 2], 1, 0.001, 1, False, False 2.125108497479447 81.75332112259933 6.374843423961257 0.012391324239827844 0.7655082486076688 0.018194099001019155 
[1, 24, 48], [24, 20, 5], [1, 5, 5], [20, 20, 20], [2], 20, 0.001, 1, False, False 1.5212194819486256 41.680719851931975 4.0208941485365015 0.07729184399419405 2.907895495615371 0.5398959186417026 
[1, 24, 48], [24, 15, 1], [1, 5, 5], [20, 20, 20], [0, 1, 2], 1, 0.001, 1, False, False 2.149039569441918 80.33224343141595 6.359588243795226 0.008786613563981133 0.3972515117243948 0.016855179705533452 
[1, 24, 48], [24, 5, 1], [1, 10, 10], [10, 10, 10], [0, 1, 2], 10, 0.001, 1, False, False 1.5707910724950063 37.490406486363234 4.672618726254964 0.011852430761006713 2.83312597908774 0.03812064544191796 
[1, 24, 48], [24, 1, 1], [1, 5, 5], [10, 10, 10], [0, 1, 2], 20, 0.001, 1, False, False 1.5446054416674155 39.76254219460288 4.679284394434064 0.18272243672987667 2.8302017720776456 1.129195957449173 
[1, 24, 48], [24, 1, 1], [1, 20, 20], [30, 30, 30], [1, 2], 10, 0.001, 1, False, False 1.5673182047006715 36.57981001199288 5.028902017499606 0.024961173667460597 0.7996102340937018 0.2877217206158153 
[1, 24, 48], [24, 20, 10], [1, 10, 10], [20, 20, 20], [2], 20, 0.001, 1, False, False 1.4126586941864208 34.75814235348145 3.6999782981314344 0.028948942994095436 3.7724068119565017 0.098831277391958 
[1, 24, 48], [24, 20, 5], [1, 10, 10], [10, 10, 10], [2], 1, 0.001, 1, False, False 2.0647297126551467 83.52121697680366 6.266423190566957 0.021820357572215413 2.097774947618049 0.13307977811986466 
[1, 24, 48], [24, 20, 10], [1, 5, 5], [20, 20, 20], [2], 10, 0.001, 1, False, False 1.3702382043555925 40.160364703856935 3.0630818528121737 0.1471490493227552 7.183344616608847 0.3275130982876519 
[1, 24, 48], [24, 15, 10], [1, 20, 20], [40, 40, 40], [1, 2], 5, 0.001, 1, False, False 1.505847532757455 35.002664495743396 4.2791693842754865 0.012856188039033142 0.5548484957993167 0.20644795494536375 
[1, 24, 48], [24, 20, 15], [1, 10, 10], [10, 10, 10], [2], 10, 0.001, 1, False, False 1.4722605123840002 42.873735800998894 3.4874907562830093 0.03243519440893278 3.5560880144542155 0.052018826009654 
[1, 24, 48], [24, 20, 15], [1, 5, 5], [20, 20, 20], [2], 5, 0.001, 1, False, False 1.6072882106596669 59.428158193599586 3.9064917280852645 0.18210636075195014 11.148692501835221 0.7703826000387052 
[1, 24, 48], [24, 5, 1], [1, 10, 10], [10, 10, 10], [2], 5, 0.001, 1, False, False 1.6008513392121702 49.11696907322075 4.263732686667711 0.02646606990209376 4.460640420964089 0.14481840113990674 
[1, 24, 48], [24, 15, 5], [1, 5, 5], [20, 20, 20], [0, 1, 2], 1, 0.001, 1, False, False 2.134028548995653 80.02535028775335 6.293597856280241 0.03121598607086687 1.613196139868958 0.19357455802063375 
[1, 24, 48], [24, 20, 15], [1, 5, 5], [10, 10, 10], [2], 1, 0.001, 1, False, False 2.0663351199417197 81.76174070350052 6.125802887555544 0.027015264891998104 2.3396918359560575 0.2059447225873838 
[1, 24, 48], [24, 10, 1], [1, 5, 5], [10, 10, 10], [1, 2], 10, 0.001, 1, False, False 1.5599611582855386 39.75219644613674 4.270304535792127 0.04059757526497407 1.7696917195160173 0.3214880998226021 
[1, 24, 48], [24, 20, 15], [1, 10, 10], [20, 20, 20], [2], 20, 0.001, 1, False, False 1.4775832335982064 35.88561836584076 3.971294636298247 0.06944676787399517 2.4984452579342475 0.37285925959017524 
[1, 24, 48], [24, 20, 10], [1, 10, 10], [10, 10, 10], [2], 20, 0.001, 1, False, False 1.5172127821586203 39.74988294593456 3.99512231462904 0.05966832582628908 5.289371348130764 0.34428823928308194 
[1, 24, 48], [24, 20, 5], [1, 10, 10], [20, 20, 20], [2], 5, 0.001, 1, False, False 1.6489428593880593 59.12731132777859 4.177639769333612 0.2512264709142689 14.411631096868554 0.7651807701734383 
[1, 24, 48], [24, 20, 10], [1, 10, 10], [20, 20, 20], [2], 1, 0.001, 1, False, False 2.084863604246465 81.44453129841565 6.232034874323625 0.012701926040939848 1.3115707459439412 0.12112664118220179 
[1, 24, 48], [24, 5, 1], [1, 5, 5], [10, 10, 10], [1, 2], 20, 0.001, 1, False, False 1.5354353261973577 37.56031853075219 4.5282436520712075 0.05404537372844745 1.7478071607759553 0.5229947602676362 
[1, 24, 48], [24, 1, 1], [1, 5, 5], [20, 20, 20], [0, 1, 2], 1, 0.001, 1, False, False 2.1129700231055413 79.96215845628684 6.245764569004056 0.03359371963304065 0.9789585979818697 0.14932928413075514 
[1, 24, 48], [24, 15, 15], [1, 5, 5], [40, 40, 40], [1, 2], 1, 0.001, 1, False, False 2.166101442029078 78.92639891127881 6.3708996110815805 0.04484159849820714 1.337229343412891 0.2065184024599818 
[1, 24, 48], [24, 5, 1], [1, 10, 10], [20, 20, 20], [2], 10, 0.001, 1, False, False 1.5504413133556099 39.71741833835068 4.264738309437507 0.05314572561350325 0.46194348284748554 0.4515777621746351 
[1, 24, 48], [24, 20, 15], [1, 5, 5], [10, 10, 10], [2], 5, 0.001, 1, False, False 1.836105630491618 71.05079607173018 4.841071908263725 0.15964364630203667 8.52066328825828 0.9721744457345125 
[1, 24, 48], [24, 5, 1], [1, 20, 20], [40, 40, 40], [1, 2], 10, 0.001, 1, False, False 1.4212458159360624 31.942450375328846 4.427510445354315 0.08716156948817946 0.7111783439219548 0.5314619805583102 
[1, 24, 48], [24, 5, 1], [1, 5, 5], [20, 20, 20], [1, 2], 1, 0.001, 1, False, False 2.122194531504754 81.24238278725467 6.342387195750587 0.023877258399332812 0.9211498659725469 0.10524683323658653 
[1, 24, 48], [24, 10, 1], [1, 5, 5], [20, 20, 20], [1, 2], 20, 0.001, 1, False, False 1.4998537388595723 34.143379293393316 4.555862222878757 0.06409189667003767 4.246716405748765 0.1811895223985716 
[1, 24, 48], [24, 20, 10], [1, 5, 5], [10, 10, 10], [2], 10, 0.001, 1, False, False 1.37785553737647 38.99043146428915 3.347724626441851 0.05850221604877821 4.168909263844807 0.4806239596331522 
[1, 24, 48], [24, 15, 10], [1, 5, 5], [20, 20, 20], [1, 2], 20, 0.001, 1, False, False 1.5601175695864695 35.18928325556025 4.812563900244135 0.018228382548167263 0.964687110239645 0.08845846696767441 
[1, 24], [24, 15], [1, 5], [20, 20], [0, 1], 10, 0.001, 1, False, False 1.5505725393416705 40.59423765988834 4.2960464675294165 0.09969509850380283 6.547462698040556 0.45540280069595634 
[1, 24, 48], [24, 15, 10], [1, 5, 5], [30, 30, 30], [1, 2], 10, 0.001, 1, False, False 1.4519505696095256 35.70638042861256 4.181807908343756 0.10131090752935727 1.647844405079627 0.5178903332034732 
[1, 24, 48], [24, 20, 15], [1, 5, 5], [20, 20, 20], [2], 10, 0.001, 1, False, False 1.3039612802366414 36.039366182464896 2.8386388172268333 0.06739095629114406 1.9915661534026918 0.2643165354520467 
[1, 24], [24, 10], [1, 5], [20, 20], [0, 1], 20, 0.001, 1, False, False 1.5229588489220653 35.433775230668424 4.634889389094188 0.07694942212985863 2.3462478286417636 0.3904317707192708 
[1, 24, 48], [24, 15, 10], [1, 5, 5], [10, 10, 10], [1, 2], 1, 0.001, 1, False, False 2.0548579799080327 80.58475280560036 6.085156618192397 0.022731642277662414 0.9957574709688717 0.15208561750246996 
[1, 24, 48], [24, 15, 1], [1, 5, 5], [10, 10, 10], [1, 2], 1, 0.001, 1, False, False 2.039277820979003 76.1810033333589 5.7797005146273746 0.042155673509425826 0.8646446035959963 0.18111996375837305 
[1, 24, 48], [24, 15, 10], [1, 5, 5], [10, 10, 10], [1, 2], 20, 0.001, 1, False, False 1.547671338743358 35.01189817204831 4.7543493609443 0.010294099949023285 2.9974865438727325 0.17251229136263543 
[1, 24, 48], [24, 15, 15], [1, 5, 5], [10, 10, 10], [1, 2], 20, 0.001, 1, False, False 1.5007142667348188 37.298986210779844 4.239516995066933 0.05406847064344878 1.6899537485875378 0.537374016697374 
[1, 24, 48], [24, 1, 1], [1, 20, 20], [40, 40, 40], [1, 2], 20, 0.001, 1, False, False 1.5960215434432043 35.97093855009811 5.061575874972899 0.029711514760949995 1.6756448363899168 0.32461560396857725 
[1, 24, 48], [24, 5, 1], [1, 5, 5], [40, 40, 40], [1, 2], 10, 0.001, 1, False, False 1.566103747873395 32.80723635525512 5.406352919118064 0.03409667202614222 2.512586545824374 0.014569044230655425 
[1, 24, 48], [24, 15, 15], [1, 10, 10], [10, 10, 10], [0, 1, 2], 10, 0.001, 1, False, False 1.4876207591965798 37.544750119619955 3.95515647805446 0.036634204006481194 2.1509606972571795 0.31348189814954636 
[1, 24, 48], [24, 1, 1], [1, 5, 5], [20, 20, 20], [1, 2], 20, 0.001, 1, False, False 1.6512809319145705 36.59132387982338 6.004429346354672 0.07999609575058489 3.010389404312998 0.40028604614200686 
[1, 24, 48], [24, 15, 15], [1, 5, 5], [20, 20, 20], [1, 2], 1, 0.001, 1, False, False 2.1482530249489673 81.32073529323036 6.402013073187397 0.023452681893694458 1.1650071309455643 0.01183969680340333 
[1, 24, 48], [24, 15, 5], [1, 5, 5], [30, 30, 30], [1, 2], 5, 0.001, 1, False, False 1.4348029695589224 39.49717754047115 3.6615639161014393 0.09875722731579623 5.4718806433573475 0.6343984791922985 
[1, 24, 48], [24, 15, 5], [1, 5, 5], [40, 40, 40], [1, 2], 5, 0.001, 1, False, False 1.4413524840027092 40.14435412503638 3.942985472166273 0.15699520286110996 3.9829008999761992 1.1119674857865933 
[1, 24, 48], [24, 15, 15], [1, 20, 20], [30, 30, 30], [1, 2], 5, 0.001, 1, False, False 1.5122896594857729 38.70290254030426 3.926911736422547 0.03061520781895232 1.1566085552635645 0.1234078919126474 
[1, 24, 48], [24, 15, 10], [1, 5, 5], [20, 20, 20], [1, 2], 1, 0.001, 1, False, False 2.1055137819989955 79.6568515737448 6.215016144333937 0.01247056135050477 2.0483630182378194 0.11365389738723097 
[1, 24, 48], [24, 5, 1], [1, 5, 5], [30, 30, 30], [1, 2], 1, 0.001, 1, False, False 2.1398190723801096 80.1354422596476 6.299548986797507 0.014810107660563537 1.2298512059559765 0.12015513207021146 
[1, 24, 48], [24, 20, 5], [1, 5, 5], [10, 10, 10], [2], 20, 0.001, 1, False, False 1.5358525109097918 39.30236919086165 4.273305130105512 0.03738981111461975 1.8799735164137292 0.32206112281589544 
[1, 24, 48], [24, 5, 1], [1, 5, 5], [10, 10, 10], [1, 2], 1, 0.001, 1, False, False 2.0871782570525443 81.26169650677514 6.22262430498779 0.04419688912026463 1.7736225516579538 0.1933967076349812 
[1, 24, 48], [24, 1, 1], [1, 5, 5], [10, 10, 10], [1, 2], 20, 0.001, 1, False, False 1.6257822480880557 37.47141336615194 5.300948921790293 0.06174696057720856 1.0805555251119334 0.6320677868097851 
[1, 24, 48], [24, 15, 1], [1, 5, 5], [20, 20, 20], [1, 2], 10, 0.001, 1, False, False 1.5879470613474649 38.82866804136733 4.576345965658462 0.02086690356413705 1.2951724647641083 0.1862833461139739 
[1, 24, 48], [24, 5, 1], [1, 20, 20], [30, 30, 30], [1, 2], 10, 0.001, 1, False, False 1.5552190661637324 37.78600601138905 4.792332739302354 0.054560368745118396 2.195100607187341 0.3941654509792829 
[1, 24, 48], [24, 15, 15], [1, 5, 5], [40, 40, 40], [1, 2], 5, 0.001, 1, False, False 1.5082678641572038 44.47249526440056 4.060525564621489 0.08292779345944615 9.333936553496585 0.33576586591748353 
[1, 24, 48], [24, 1, 1], [1, 5, 5], [40, 40, 40], [1, 2], 10, 0.001, 1, False, False 1.4425270822933982 38.02519277149857 4.04059228514489 0.06873940001442783 2.2099259090506465 0.31943254351467776 
[1, 24, 48], [24, 20, 10], [1, 5, 5], [20, 20, 20], [2], 20, 0.001, 1, False, False 1.4456218096945026 37.84242031837955 3.844026988287419 0.04195251304255903 2.7780852367220383 0.4315781581413268 
[1, 24, 48], [24, 10, 1], [1, 20, 20], [40, 40, 40], [1, 2], 10, 0.001, 1, False, False 1.5187806524819252 32.82554629790621 4.794798413025867 0.014325940294919006 0.22758116204481552 0.09865836493273739 
[1, 24, 48], [24, 1, 1], [1, 10, 10], [20, 20, 20], [0, 1, 2], 20, 0.001, 1, False, False 1.644654583482555 36.44278125199036 5.633792050801502 0.11329961157412112 2.8385175588759557 0.6102574453961824 
[1, 24, 48], [24, 20, 15], [1, 10, 10], [10, 10, 10], [2], 20, 0.001, 1, False, False 1.4065214213328785 36.53895621623237 3.5257258812348446 0.07330416643063262 1.0188520927293148 0.33914437245233137 
[1, 24, 48], [24, 15, 5], [1, 5, 5], [20, 20, 20], [0, 1, 2], 5, 0.001, 1, False, False 1.4141445595081203 42.52699182599381 3.371406061817653 0.02703678051031911 3.8404450561486976 0.12667188331243617 
[1, 24, 48], [24, 15, 1], [1, 5, 5], [30, 30, 30], [1, 2], 10, 0.001, 1, False, False 1.534208802720187 35.958367744506695 4.567078442415016 0.041110555444498535 1.7770312058455038 0.08606113462849686 
[1, 24, 48], [24, 1, 1], [1, 5, 5], [20, 20, 20], [1, 2], 1, 0.001, 1, False, False 2.141267943768589 80.71215538138428 6.29663836545918 0.06740091629842637 0.8429154849938473 0.10838324760970434 
[1, 24, 48], [24, 5, 1], [1, 5, 5], [20, 20, 20], [1, 2], 5, 0.001, 1, False, False 1.5732787718582477 39.06128047637815 4.698344356030007 0.04351363763772739 7.381437403944791 0.6591080378855407 
[1, 24, 48], [24, 10, 1], [1, 20, 20], [30, 30, 30], [1, 2], 10, 0.001, 1, False, False 1.5790130845719472 36.05350684228197 4.801612899277928 0.0363750993500083 2.6312158097379665 0.13509529900379216 
[1, 24, 48], [24, 10, 1], [1, 10, 10], [20, 20, 20], [0, 1, 2], 5, 0.001, 1, False, False 1.5504067223519087 39.94932283374338 4.6191537273339245 0.06234816722125231 0.31756181888441004 0.2817108954241868 
[1, 24, 48], [24, 15, 15], [1, 5, 5], [20, 20, 20], [1, 2], 5, 0.001, 1, False, False 1.5371971932826212 48.603033153465255 3.848533612870128 0.2750460326760991 14.10444973483775 0.8359088251569458 
[1, 24, 48], [24, 1, 1], [1, 5, 5], [30, 30, 30], [1, 2], 10, 0.001, 1, False, False 1.5173937027515088 38.89202846403132 4.329940640421138 0.10235762037487629 0.9794686064387065 0.7628821490060074 
[1, 24, 48], [24, 15, 1], [1, 5, 5], [10, 10, 10], [1, 2], 5, 0.001, 1, False, False 1.611323940546976 54.82894016395526 4.327820545417302 0.14969268561422955 14.2810555668338 0.6786126483209883 
[1, 24, 48], [24, 15, 1], [1, 5, 5], [10, 10, 10], [0, 1, 2], 5, 0.001, 1, False, False 1.5847648627090225 53.33388467646949 3.8966221078918544 0.08504022701594717 6.598995144652892 0.2819713803437293 
[1, 24, 48], [24, 15, 1], [1, 5, 5], [40, 40, 40], [1, 2], 10, 0.001, 1, False, False 1.4508237385294507 35.35959653811186 4.233854398846638 0.06931194868667916 2.956285401103057 0.15178763028288111 
[1, 24, 48], [24, 15, 1], [1, 5, 5], [20, 20, 20], [0, 1, 2], 5, 0.001, 1, False, False 1.509729685261845 42.63188408741333 4.108187213289596 0.05643633806545437 9.855626225913737 0.35888922788891403 
[1, 24, 48], [24, 1, 1], [1, 5, 5], [20, 20, 20], [0, 1, 2], 5, 0.001, 1, False, False 1.7193942318773923 54.191990613372674 4.771747933874864 0.1469211120453002 8.839022706934834 0.4494124483335975 
[1, 24, 48], [24, 1, 1], [1, 5, 5], [10, 10, 10], [0, 1, 2], 1, 0.001, 1, False, False 2.12426701604768 81.84807258338145 6.395441693845012 0.006188008098899889 0.5076069350985062 0.014567696377215838 
[1, 24, 48], [24, 5, 1], [1, 5, 5], [30, 30, 30], [1, 2], 5, 0.001, 1, False, False 1.542657963034731 46.358033022560676 3.7880702098566004 0.17001158513400327 10.120075326359437 0.3408956782597553 
[1, 24, 48], [24, 15, 10], [1, 20, 20], [40, 40, 40], [1, 2], 10, 0.001, 1, False, False 1.5642842327210094 34.67707206007348 4.66872388413376 0.02801006806637255 2.7709348067049206 0.17946794963019008 
[1, 24, 48], [24, 15, 10], [1, 5, 5], [20, 20, 20], [1, 2], 5, 0.001, 1, False, False 1.488978639245033 44.429259780592 3.6616622384086974 0.06860053241495491 2.6038002002332767 0.4278279444068958 
[1, 24, 48], [24, 5, 1], [1, 5, 5], [10, 10, 10], [1, 2], 5, 0.001, 1, False, False 1.4686124777214395 45.00841770530692 3.788805355835279 0.053067443034411695 5.483740258267926 0.36156751340615095 
[1, 24, 48], [24, 15, 5], [1, 20, 20], [30, 30, 30], [1, 2], 10, 0.001, 1, False, False 1.510139995399449 34.281868502768525 4.485753353453988 0.0604080128937187 1.665073816988295 0.5020010336686792 
[1, 24, 48], [24, 15, 15], [1, 20, 20], [40, 40, 40], [1, 2], 10, 0.001, 1, False, False 1.4766121817890696 34.23184720368189 4.322348170671283 0.07814328814723981 4.088136753965908 0.258163875298359 
[1, 24, 48], [24, 10, 1], [1, 5, 5], [30, 30, 30], [1, 2], 20, 0.001, 1, False, False 1.6086669417443105 36.17111487851998 5.077039381056168 0.042848833395972674 1.596105216343406 0.3538003109567444 
[1, 24, 48], [24, 1, 1], [1, 10, 10], [10, 10, 10], [0, 1, 2], 20, 0.001, 1, False, False 1.5794831325817444 37.60322686178657 4.8924860539807575 0.02303196978126003 0.9448845998721062 0.16666778305008983 
[1, 24, 48], [24, 10, 1], [1, 5, 5], [40, 40, 40], [1, 2], 1, 0.001, 1, False, False 2.1524562810858083 80.37127738397916 6.408038850724897 0.015412435491500297 0.22331714093324273 0.027750796417196393 
[1, 24, 48], [24, 15, 10], [1, 5, 5], [40, 40, 40], [1, 2], 20, 0.001, 1, False, False 1.6027654682596524 35.20372356262013 5.137927452343688 0.07706137028292472 3.229556835355216 0.37546405790420856 
[1, 24, 48], [24, 15, 15], [1, 5, 5], [20, 20, 20], [0, 1, 2], 20, 0.001, 1, False, False 1.549152881790091 34.65050720036107 4.626049154640626 0.017197985610380436 0.5018462779684549 0.10199110634880468 
[1, 24, 48], [24, 15, 5], [1, 5, 5], [20, 20, 20], [1, 2], 20, 0.001, 1, False, False 1.489049569734683 34.58998829129278 4.52666299907274 0.09018935913850597 2.3702128441502164 0.7275403490624172 
[1, 24, 48], [24, 1, 1], [1, 10, 10], [20, 20, 20], [0, 1, 2], 1, 0.001, 1, False, False 2.104612781355778 77.80816559304529 6.111173258399307 0.04316136905061343 2.318464290752091 0.2736894156116196 
[1, 24, 48], [24, 15, 1], [1, 10, 10], [20, 20, 20], [0, 1, 2], 20, 0.001, 1, False, False 1.5531243312483036 34.9512585757489 4.93680004213643 0.038954880625874586 2.7115676225079413 0.4224158065575959 
[1, 24, 48], [24, 15, 10], [1, 20, 20], [30, 30, 30], [1, 2], 1, 0.001, 1, False, False 1.9685929268598548 71.60295210460907 5.392423890827082 0.06993988234892498 2.5076480385262947 0.28371613767578857 
[1, 24, 48], [24, 15, 1], [1, 10, 10], [10, 10, 10], [0, 1, 2], 20, 0.001, 1, False, False 1.5411352302465178 39.923156782076916 4.309628515243564 0.027696333613811387 2.238938465184572 0.1850577028781613 
[1, 24], [24, 15], [1, 10], [10, 10], [0, 1], 20, 0.001, 1, False, False 1.450040820434138 34.10104702725055 4.126445509284818 0.09032876696898566 3.5270542354717342 0.4102548277089247 
[1, 24, 48], [24, 15, 15], [1, 5, 5], [20, 20, 20], [1, 2], 10, 0.001, 1, False, False 1.415530468040594 36.03429273452554 3.582058148761082 0.06849572736192845 1.7347349438659814 0.35515678987410026 
[1, 24, 48], [24, 15, 15], [1, 5, 5], [10, 10, 10], [1, 2], 1, 0.001, 1, False, False 2.0831284695753336 82.1677248192715 6.270249793475474 0.02296230513362766 0.627497945314959 0.12047001118835993 
[1, 24, 48], [24, 5, 1], [1, 5, 5], [20, 20, 20], [0, 1, 2], 20, 0.001, 1, False, False 1.5233996055744319 35.20553010804871 4.735258804653324 0.09477869074655577 1.2003210856567483 0.699498867725667 
[1, 24, 48], [24, 10, 1], [1, 5, 5], [10, 10, 10], [1, 2], 20, 0.001, 1, False, False 1.6143857202251206 38.22037146218674 5.30668025613107 0.06616663201270052 1.5212379838029564 0.5236265733335823 
[1, 24, 48], [24, 15, 1], [1, 10, 10], [20, 20, 20], [0, 1, 2], 1, 0.001, 1, False, False 2.107008000214894 76.79889157176238 6.049535341385874 0.0406543175526507 1.8894541514135859 0.1592186510017169 
[1, 24, 48], [24, 15, 1], [1, 5, 5], [10, 10, 10], [0, 1, 2], 1, 0.001, 1, False, False 2.1044420832285167 80.4462917009805 6.277468686058115 0.017620918103355445 1.1968934362679624 0.04107716747936502 
[1, 24, 48], [24, 15, 1], [1, 5, 5], [10, 10, 10], [1, 2], 10, 0.001, 1, False, False 1.4883049108157012 38.84620313899469 3.890626191339948 0.01680832558834369 3.770167551837787 0.4920661406314996 
[1, 24, 48], [24, 1, 1], [1, 5, 5], [10, 10, 10], [0, 1, 2], 5, 0.001, 1, False, False 1.7715096518259354 60.42232359396676 4.823607965542998 0.20916877986805202 13.42818500975813 0.896702308404365 
[1, 24, 48], [24, 5, 1], [1, 5, 5], [20, 20, 20], [1, 2], 10, 0.001, 1, False, False 1.4530708115823845 32.09167381951047 4.509151066336499 0.013411056629848468 2.1381365209336245 0.3176448492552253 
[1, 24, 48], [24, 15, 15], [1, 20, 20], [30, 30, 30], [1, 2], 10, 0.001, 1, False, False 1.4749296790747735 36.49174192253455 3.9905908392835214 0.08152969612551457 3.0607252347492673 0.2328619566081513 
[1, 24, 48], [24, 15, 5], [1, 5, 5], [40, 40, 40], [1, 2], 10, 0.001, 1, False, False 1.451469971701779 30.521045630619387 4.494018781743971 0.04739307416426322 2.488073058788207 0.060558351573613 
[1, 24, 48], [24, 15, 5], [1, 5, 5], [10, 10, 10], [1, 2], 20, 0.001, 1, False, False 1.5332634187268985 43.11399357459743 3.9954247135563716 0.0782855292962903 3.6382073054845927 0.5526386208250137 
[1, 24, 48], [24, 10, 1], [1, 5, 5], [40, 40, 40], [1, 2], 5, 0.001, 1, False, False 1.5490787300522684 39.92757710661846 4.313749299747722 0.08226362982684379 2.10473162590928 0.293130207639445 
[1, 24, 48], [24, 10, 1], [1, 10, 10], [10, 10, 10], [0, 1, 2], 1, 0.001, 1, False, False 2.1116763858883463 81.65929810271244 6.318373136538543 0.01901644414205362 0.7310843637818496 0.08427160646502269 
[1, 24, 48], [24, 1, 1], [1, 20, 20], [30, 30, 30], [1, 2], 20, 0.001, 1, False, False 1.645695206895472 38.17219357826884 5.086010924713734 0.07169315188651541 2.484902489533399 0.4954817685257909 
[1, 24, 48], [24, 15, 15], [1, 5, 5], [40, 40, 40], [1, 2], 10, 0.001, 1, False, False 1.4705545125874107 39.392099687286326 3.6217056652019632 0.02545830714627455 2.9592078964643553 0.12493393129562881 
[1, 24, 48], [24, 5, 1], [1, 5, 5], [30, 30, 30], [1, 2], 10, 0.001, 1, False, False 1.5644175893040722 35.42227724922964 5.018414303688484 0.11671165470971602 1.738687458814914 0.805250288636542 
[1, 24, 48], [24, 15, 5], [1, 5, 5], [30, 30, 30], [1, 2], 10, 0.001, 1, False, False 1.4632250559343787 33.82627033210322 4.23260308109418 0.05064429359718417 2.2821036847525087 0.5132568058168877 
[1, 24, 48], [24, 15, 5], [1, 5, 5], [20, 20, 20], [1, 2], 1, 0.001, 1, False, False 2.1143238508039044 80.91191710454477 6.267301484889765 0.017212847467189298 0.5984961275972218 0.10858346058440022 
[1, 24, 48], [24, 15, 10], [1, 20, 20], [30, 30, 30], [1, 2], 5, 0.001, 1, False, False 1.4960794003128453 37.30466568105732 4.073509805298851 0.037993865352256156 1.8471696223536715 0.08406948997257027 
[1, 24, 48], [24, 1, 1], [1, 20, 20], [40, 40, 40], [1, 2], 1, 0.001, 1, False, False 2.077146209776401 76.04687031699115 5.931819492357538 0.0425187011869736 2.1015174352345456 0.1770697353420584 
[1, 24, 48], [24, 5, 1], [1, 20, 20], [40, 40, 40], [1, 2], 20, 0.001, 1, False, False 1.6363731190838207 38.23156168010837 4.920345805471189 0.05546319321895249 2.98487156861236 0.27826105785163363 
[1, 24, 48], [24, 15, 15], [1, 5, 5], [10, 10, 10], [0, 1, 2], 20, 0.001, 1, False, False 1.4552765903856473 33.62659632700674 4.177811023635819 0.06769268987126752 1.4852947402367975 0.4172865605068152 
[1, 24, 48], [24, 15, 1], [1, 5, 5], [20, 20, 20], [1, 2], 20, 0.001, 1, False, False 1.5361672387492884 38.35552085814408 4.334386731146744 0.03428482433845773 2.0668976549685434 0.18959707618058103 
[1, 24, 48], [24, 15, 15], [1, 5, 5], [10, 10, 10], [1, 2], 5, 0.001, 1, False, False 1.581952941210733 53.30502983755062 3.763256139011235 0.1993597114271259 10.790587718673335 0.6321456120482972 
[1, 24, 48], [24, 10, 1], [1, 5, 5], [30, 30, 30], [1, 2], 1, 0.001, 1, False, False 2.107497745503981 78.01064560936713 6.162280696809655 0.05435935824704845 2.3303972978634775 0.35141933437384654 
[1, 24, 48], [24, 15, 5], [1, 5, 5], [20, 20, 20], [0, 1, 2], 10, 0.001, 1, False, False 1.529119431337825 34.151360186170855 4.56649259026993 0.06496732783838342 4.614800780395303 0.22341045608589 
[1, 24, 48], [24, 15, 1], [1, 20, 20], [30, 30, 30], [1, 2], 20, 0.001, 1, False, False 1.4767545665890263 32.36629191770908 4.393562291092909 0.09150889914401601 1.6826906495276577 0.5579971351063299 
[1, 24, 48], [24, 15, 5], [1, 20, 20], [40, 40, 40], [1, 2], 20, 0.001, 1, False, False 1.6859608199033482 40.16536454380631 5.048073018289028 0.060904074821521666 2.116387026145579 0.27068723375687176 
[1, 24, 48], [24, 5, 1], [1, 5, 5], [40, 40, 40], [1, 2], 20, 0.001, 1, False, False 1.5231817807588317 39.37086483857766 4.571646101226687 0.07676764486235081 3.8156470952082318 0.4532760332275078 
[1, 24, 48], [24, 15, 15], [1, 5, 5], [20, 20, 20], [0, 1, 2], 1, 0.001, 1, False, False 2.0833110507715626 79.72613214384181 6.118946733966346 0.031892802605905546 2.806654248943921 0.18936881020934332 
[1, 24, 48], [24, 15, 15], [1, 5, 5], [30, 30, 30], [1, 2], 1, 0.001, 1, False, False 2.171354728440443 79.75161090783776 6.3785753382428725 0.01610150699061866 0.9105470452184986 0.10181629551614631 
[1, 24, 48], [24, 5, 1], [1, 20, 20], [30, 30, 30], [1, 2], 1, 0.001, 1, False, False 2.0306497129301224 74.49932782682868 5.767926462015489 0.038791630007984135 2.556883101255304 0.3009361691579936 
[1, 24, 48], [24, 15, 1], [1, 20, 20], [40, 40, 40], [1, 2], 1, 0.001, 1, False, False 2.06088955203692 74.40260047043405 5.769729589808835 0.06977625890731341 4.0661619743514965 0.40749918785188916 
[1, 24, 48], [24, 1, 1], [1, 5, 5], [20, 20, 20], [0, 1, 2], 10, 0.001, 1, False, False 1.623394021591931 37.86006649263956 5.1957006919720365 0.02711060466332483 1.4780632015042723 0.3925440101544693 
[1, 24, 48], [24, 15, 15], [1, 10, 10], [20, 20, 20], [0, 1, 2], 20, 0.001, 1, False, False 1.5559540018611766 32.334036713697145 4.693679798437597 0.0304323524415344 1.960173832186723 0.3799722102266988 
[1, 24, 48], [24, 15, 10], [1, 5, 5], [30, 30, 30], [1, 2], 20, 0.001, 1, False, False 1.501293093414495 35.83508919074725 4.319698793482644 0.05797240479734985 2.395877995886626 0.6112290055208255 
[1, 24, 48], [24, 15, 1], [1, 10, 10], [10, 10, 10], [0, 1, 2], 20, 0.001, 1, False, False 1.5567687509857395 37.467696096059264 4.7557643330270745 0.03757744718142594 1.7117945053327226 0.6369134654315152 
[1, 24, 48], [24, 1, 1], [1, 20, 20], [40, 40, 40], [1, 2], 5, 0.001, 1, False, False 1.4699694892184605 36.18909932054164 4.372505627312795 0.03770227956195673 1.7571902424498336 0.21947731031518924 
[1, 24, 48], [24, 5, 1], [1, 5, 5], [10, 10, 10], [0, 1, 2], 20, 0.001, 1, False, False 1.6055537052314595 38.72194622984887 4.834709862136521 0.06709266541936823 3.1753305521029636 0.2385927765967665 
[1, 24, 48], [24, 15, 10], [1, 5, 5], [40, 40, 40], [1, 2], 1, 0.001, 1, False, False 2.1540756896138187 79.81742074962499 6.379462596921446 0.009319318906095294 1.0537691104324498 0.0967176287234172 
[1, 24, 48], [24, 15, 1], [1, 5, 5], [10, 10, 10], [0, 1, 2], 5, 0.001, 1, False, False 1.4942885883566408 44.495711823642175 4.016676978360429 0.045154059690774344 4.488680650882742 0.27424821595545607 
[1, 24, 48], [24, 15, 15], [1, 5, 5], [10, 10, 10], [0, 1, 2], 1, 0.001, 1, False, False 2.117857654530692 81.39373925300264 6.358501430939718 0.008447772349711443 0.5285383975306865 0.056031850652282535 
[1, 24, 48], [24, 5, 1], [1, 20, 20], [30, 30, 30], [1, 2], 20, 0.001, 1, False, False 1.5841007533793656 36.36377812602515 5.002125463406123 0.15033654350633016 2.9318257936732284 0.7861765506230884 
[1, 24, 48], [24, 15, 1], [1, 10, 10], [20, 20, 20], [0, 1, 2], 5, 0.001, 1, False, False 1.4588206016079146 36.08837617645619 4.309684991545061 0.057822959229302424 5.204743633973936 0.7041662905661009 
[1, 24, 48], [24, 10, 1], [1, 5, 5], [20, 20, 20], [0, 1, 2], 20, 0.001, 1, False, False 1.4682278858635713 33.13619405323943 4.383082197243283 0.02593897047440168 1.8047212488340392 0.14813462068364094 
[1, 24, 48], [24, 10, 1], [1, 5, 5], [30, 30, 30], [1, 2], 5, 0.001, 1, False, False 1.4963281931286607 43.00312778745464 4.242309012888357 0.03865965823104911 4.004706166639053 0.4957756227967523 
[1, 24, 48], [24, 10, 1], [1, 10, 10], [20, 20, 20], [0, 1, 2], 10, 0.001, 1, False, False 1.5034463891345597 37.063597493678834 4.455119934334118 0.06857886130360773 4.188364665376938 0.037304018726934784 
[1, 24, 48], [24, 15, 1], [1, 5, 5], [10, 10, 10], [0, 1, 2], 10, 0.001, 1, False, False 1.4755787063459007 34.421880983371985 4.08239105845473 0.06501715201367965 3.1739957737858857 0.14218240473425026 
[1, 24, 48], [24, 15, 1], [1, 10, 10], [20, 20, 20], [0, 1, 2], 1, 0.001, 1, False, False 2.083599052081505 76.09414216810042 5.950968326441264 0.05005858844974784 2.784998053679805 0.3228323987762869 
[1, 24, 48], [24, 1, 1], [1, 5, 5], [40, 40, 40], [1, 2], 20, 0.001, 1, False, False 1.539486584163927 34.750957387171745 5.168018180965042 0.051229120609115546 3.7550355601005183 0.18014184139426248 
[1, 24, 48], [24, 10, 1], [1, 10, 10], [10, 10, 10], [0, 1, 2], 5, 0.001, 1, False, False 1.4871374970370974 41.02217762691469 3.9535960941625397 0.018574559835800884 5.373203774278857 0.16807935163655177 
[1, 24, 48], [24, 5, 1], [1, 20, 20], [40, 40, 40], [1, 2], 1, 0.001, 1, False, False 1.9896528994043658 71.41092959158347 5.426961958223758 0.04644244443455868 2.865914656614476 0.26176307396907067 
[1, 24, 48], [24, 15, 1], [1, 5, 5], [20, 20, 20], [0, 1, 2], 10, 0.001, 1, False, False 1.506227993206294 35.33929456847729 4.295509438963923 0.08366776051728812 4.2753134811697855 0.25425557982475844 
[1, 24, 48], [24, 5, 1], [1, 5, 5], [20, 20, 20], [0, 1, 2], 1, 0.001, 1, False, False 2.1497981188197923 80.40655938820808 6.358161808462061 0.008403874800672097 0.43011427989745005 0.06412741877047551 
[1, 24, 48], [24, 15, 1], [1, 5, 5], [20, 20, 20], [0, 1, 2], 20, 0.001, 1, False, False 1.5818997530611583 36.268844781621844 4.821149808105296 0.04752706645828662 1.425359515171504 0.28619136249827104 
[1, 24, 48], [24, 10, 1], [1, 5, 5], [10, 10, 10], [0, 1, 2], 20, 0.001, 1, False, False 1.5309388592425324 33.97269534206896 4.982676099840976 0.07753644056890496 4.3203717366811265 0.10854704856972182 
[1, 24, 48], [24, 15, 5], [1, 10, 10], [20, 20, 20], [0, 1, 2], 20, 0.001, 1, False, False 1.5361388984584705 33.81897377022669 4.743336553829647 0.0552655447093725 2.7076594507235674 0.45993403777186487 
[1, 24, 48], [24, 15, 1], [1, 5, 5], [30, 30, 30], [1, 2], 20, 0.001, 1, False, False 1.4708102677776311 31.386267669919203 4.64910523252218 0.08480687376785633 2.5172189294815808 0.506921342917727 
[1, 24, 48], [24, 5, 1], [1, 10, 10], [20, 20, 20], [0, 1, 2], 20, 0.001, 1, False, False 1.6017509342205756 36.06202338000708 5.03102926852067 0.059691282168186595 3.781417802477271 0.2639512026509797 
[1, 24, 48], [24, 10, 1], [1, 20, 20], [30, 30, 30], [1, 2], 20, 0.001, 1, False, False 1.6384792900057865 35.900362839551 5.212887482008266 0.11058994563743037 4.1256290733674605 0.4421586953239982 
[1, 24, 48], [24, 15, 1], [1, 10, 10], [10, 10, 10], [0, 1, 2], 1, 0.001, 1, False, False 2.0750213232581256 78.47358037530654 6.085562390379791 0.04682476051886104 1.0818034522362479 0.09196530684401379 
[1, 24, 48], [24, 10, 1], [1, 5, 5], [40, 40, 40], [1, 2], 10, 0.001, 1, False, False 1.567415055398036 34.57094793288695 4.973281095964013 0.035325746789332264 2.233586735922548 0.4520558522200027 
[1, 24, 48], [24, 1, 1], [1, 20, 20], [30, 30, 30], [1, 2], 1, 0.001, 1, False, False 2.0584485555688534 75.22632435790757 5.845702294294391 0.030883392451064088 0.9764297919647259 0.09116697880905755 
[1, 24, 48], [24, 5, 1], [1, 10, 10], [10, 10, 10], [0, 1, 2], 20, 0.001, 1, False, False 1.553427827572106 38.99353476066391 4.538518762857632 0.08674728395151159 2.1256612845013985 0.4361060924935165 
[1, 24, 48], [24, 15, 15], [1, 5, 5], [30, 30, 30], [1, 2], 5, 0.001, 1, False, False 1.4845697873168515 46.80473999099912 3.481166415210249 0.03741789482477275 4.504606261610752 0.13893042518780738 
[1, 24, 48], [24, 1, 1], [1, 5, 5], [30, 30, 30], [1, 2], 20, 0.001, 1, False, False 1.6891859068086854 39.75640933488961 5.837087518942607 0.11892625666652787 2.707357710999183 0.8810286728717657 
[1, 24, 48], [24, 10, 1], [1, 20, 20], [40, 40, 40], [1, 2], 20, 0.001, 1, False, False 1.7868537804870706 41.26842539769192 5.735875830310626 0.12417637124394086 2.753248761236263 0.7325422123954912 
[1, 24, 48], [24, 15, 5], [1, 10, 10], [10, 10, 10], [0, 1, 2], 20, 0.001, 1, False, False 1.559098165137349 35.19581447082561 4.647084008986137 0.03943078350668324 2.3751242643661588 0.13983024412306805 
[1, 24, 48], [24, 15, 1], [1, 5, 5], [40, 40, 40], [1, 2], 1, 0.001, 1, False, False 2.143861968070268 78.93388792862625 6.319785516383059 0.027399508208654 1.2715968683180112 0.13468292441733154 
[1, 24, 48], [24, 15, 1], [1, 20, 20], [40, 40, 40], [1, 2], 5, 0.001, 1, False, False 1.5191508075084403 36.02280521160774 4.4550124743165425 0.05557842749799481 1.6960941734537425 0.22393557737847325 
[1, 24, 48], [24, 10, 1], [1, 20, 20], [40, 40, 40], [1, 2], 1, 0.001, 1, False, False 2.0263311266899104 70.64566965975735 5.570004218493768 0.06297299072443023 2.6928301180312824 0.2279527270383587 
[1, 24, 48], [24, 15, 1], [1, 10, 10], [10, 10, 10], [0, 1, 2], 1, 0.001, 1, False, False 2.0910658167192224 80.19653378268829 6.1704730907140934 0.07934961897034684 1.608723511870629 0.275373226066794 
[1, 24, 48], [24, 10, 1], [1, 5, 5], [20, 20, 20], [0, 1, 2], 1, 0.001, 1, False, False 2.1226214617490764 79.11901068484484 6.236997546111168 0.03132213052550628 2.001465448860236 0.20127286951196607 
[1, 24, 48], [24, 1, 1], [1, 5, 5], [40, 40, 40], [1, 2], 1, 0.001, 1, False, False 2.1325265128303452 80.36700508821133 6.335682417096396 0.0077185019888604805 0.9737524735327109 0.08149514207215529 
[1, 24, 48], [24, 15, 10], [1, 5, 5], [30, 30, 30], [1, 2], 1, 0.001, 1, False, False 2.13171800021772 77.8478925838704 6.160599763773706 0.02657704710289741 2.739847169924659 0.21660532242401262 
[1, 24, 48], [24, 15, 5], [1, 5, 5], [10, 10, 10], [0, 1, 2], 1, 0.001, 1, False, False 2.125586701018942 81.43947391009438 6.364764587510565 0.007408177430239758 1.1312539529873284 0.10088188155712094 
[1, 24, 48], [24, 5, 1], [1, 5, 5], [10, 10, 10], [0, 1, 2], 1, 0.001, 1, False, False 2.0919987417757504 81.04890637943363 6.216209839940864 0.012900153143512614 2.2689164327240676 0.1284182470457651 
[1, 24, 48], [24, 15, 15], [1, 10, 10], [10, 10, 10], [0, 1, 2], 20, 0.001, 1, False, False 1.4906106473740055 35.04147286466597 4.093344304991146 0.027169182129938567 3.609859676424022 0.31399603419600725 
[1, 24, 48], [24, 15, 10], [1, 20, 20], [30, 30, 30], [1, 2], 10, 0.001, 1, False, False 1.5040021510518817 36.372649612247926 4.10488009266878 0.05027413447353928 1.1603972005170493 0.20922221442671668 
[1, 24, 48], [24, 15, 5], [1, 10, 10], [20, 20, 20], [0, 1, 2], 1, 0.001, 1, False, False 2.1107285593946767 77.99729843272269 6.080001522902897 0.018121836457136 0.33846493368922426 0.07797604554098875 
[1, 24, 48], [24, 15, 15], [1, 5, 5], [20, 20, 20], [0, 1, 2], 5, 0.001, 1, False, False 1.3945714712280919 42.31191592080214 3.613593013595624 0.0335556810799938 1.5037475812082257 0.168769769723649 
[1, 24, 48], [24, 15, 10], [1, 5, 5], [40, 40, 40], [1, 2], 5, 0.001, 1, False, False 1.4484613136974749 38.016789201989546 3.5256979971228746 0.06695980815897114 4.735787039577649 0.3988603852128628 
[1, 24, 48], [24, 5, 1], [1, 20, 20], [40, 40, 40], [1, 2], 5, 0.001, 1, False, False 1.5047748941652206 35.53861916348536 4.476133738024602 0.06729011090205328 3.006088296549266 0.3149287607067868 
[1, 24, 48], [24, 15, 5], [1, 20, 20], [30, 30, 30], [1, 2], 20, 0.001, 1, False, False 1.6230057059683747 37.93258463630115 4.751428561024498 0.020921311533482066 1.914666515714892 0.19921014309029914 
[1, 24, 48], [24, 1, 1], [1, 20, 20], [30, 30, 30], [1, 2], 5, 0.001, 1, False, False 1.5773659226105172 38.82271022300419 4.661232461595951 0.10061456173397834 2.157467444702456 0.5904117781524248 
[1, 24, 48], [24, 15, 1], [1, 5, 5], [40, 40, 40], [1, 2], 20, 0.001, 1, False, False 1.544475225952489 38.868387074287476 4.470861098221036 0.10411958218443412 0.31289722914292667 0.8615533013609491 
[1, 24, 48], [24, 5, 1], [1, 5, 5], [30, 30, 30], [1, 2], 20, 0.001, 1, False, False 1.589073366589017 33.739484497214406 5.4053771693534705 0.07634601457982759 2.96748432178283 0.21873641918676479 
[1, 24, 48], [24, 15, 10], [1, 20, 20], [40, 40, 40], [1, 2], 20, 0.001, 1, False, False 1.5426692926014471 33.7500193769935 4.5462715816926735 0.06372956726448309 2.2318623216443108 0.6713781247652018 
[1, 24, 48], [24, 15, 5], [1, 20, 20], [40, 40, 40], [1, 2], 1, 0.001, 1, False, False 2.005412547538677 71.4845370306383 5.459056693994778 0.04847340977780738 1.7363897774247048 0.24278134319571165 
[1, 24, 48], [24, 15, 15], [1, 20, 20], [40, 40, 40], [1, 2], 20, 0.001, 1, False, False 1.5199556171135227 35.88073951064777 4.133091911977602 0.018550629333638716 0.6568878544589212 0.08450220261139882 
[1, 24, 48], [24, 15, 1], [1, 5, 5], [40, 40, 40], [1, 2], 5, 0.001, 1, False, False 1.47616484635682 41.88872640687492 3.9752838851561862 0.08028907065928974 6.490353706957014 0.30031752160203884 
[1, 24, 48], [24, 15, 1], [1, 5, 5], [30, 30, 30], [1, 2], 1, 0.001, 1, False, False 2.139842398906195 80.61907113825227 6.368409475444975 0.012926230149297608 1.2476985439269304 0.08316220362897746 
[1, 24, 48], [24, 15, 1], [1, 20, 20], [30, 30, 30], [1, 2], 1, 0.001, 1, False, False 2.035206339011589 74.33423729590591 5.713021443139739 0.09930042934213466 3.820412257292581 0.422305756264562 
[1, 24, 48], [24, 1, 1], [1, 20, 20], [40, 40, 40], [1, 2], 10, 0.001, 1, False, False 1.5685801883676547 35.97509384431692 4.940605051322273 0.04155749347187039 0.9153291836319497 0.22307172695105162 
[1, 24, 48], [24, 15, 1], [1, 10, 10], [20, 20, 20], [0, 1, 2], 5, 0.001, 1, False, False 1.463063937073781 38.07164216483253 3.7794712140929114 0.029711850848524374 0.7441917557660647 0.1196584859692733 
[1, 24, 48], [24, 5, 1], [1, 5, 5], [20, 20, 20], [0, 1, 2], 5, 0.001, 1, False, False 1.6422767992510838 48.529903184428356 4.721644049519792 0.11753537242316246 9.370762429139383 0.437091809430135 
[1, 24, 48], [24, 15, 10], [1, 5, 5], [30, 30, 30], [1, 2], 5, 0.001, 1, False, False 1.3903676301585854 40.36604218568786 3.3950858027525253 0.07941254474180598 4.249665882606031 0.2384055812616467 
[1, 24, 48], [24, 15, 1], [1, 10, 10], [10, 10, 10], [0, 1, 2], 5, 0.001, 1, False, False 1.53327409753369 38.858387443044535 4.587036392052845 0.03122661282817935 1.8766054090367725 0.41425548038600374 
[1, 24, 48], [24, 10, 1], [1, 5, 5], [30, 30, 30], [1, 2], 10, 0.001, 1, False, False 1.5550392623438885 34.51097017112365 4.865141482825425 0.07445391161706234 2.366192611277913 0.20021465558393178 
[1, 24, 48], [24, 15, 5], [1, 5, 5], [10, 10, 10], [0, 1, 2], 5, 0.001, 1, False, False 1.694796499416783 57.32232893694339 4.302343160095437 0.1623440306859881 9.640010256890369 0.3114047057899567 
[1, 24, 48], [24, 15, 15], [1, 20, 20], [30, 30, 30], [1, 2], 20, 0.001, 1, False, False 1.5631591332869403 38.42609932589498 4.3878081196102405 0.03399717106944899 2.6870002320710835 0.33116324250499646 
[1, 24, 48], [24, 15, 5], [1, 5, 5], [40, 40, 40], [1, 2], 20, 0.001, 1, False, False 1.6202302336296137 31.17953033399088 5.747249162655357 0.050488555662467544 3.0235264757549327 0.9535842950796971 
[1, 24, 48], [24, 15, 1], [1, 10, 10], [20, 20, 20], [0, 1, 2], 10, 0.001, 1, False, False 1.535409690405208 35.51039815871387 4.568918821597359 0.04555574401475618 1.993156727506328 0.3534541915213422 
[1, 24, 48], [24, 15, 1], [1, 5, 5], [10, 10, 10], [0, 1, 2], 10, 0.001, 1, False, False 1.5166686344132934 38.471482233715484 4.228392879618084 0.1406398227724183 1.1892284084510214 0.8683344048692304 
[1, 24, 48], [24, 15, 5], [1, 20, 20], [40, 40, 40], [1, 2], 5, 0.001, 1, False, False 1.456013761757425 34.93799598418183 4.1901395225220215 0.04605494425857044 0.4633313712505711 0.10628697364303998 
[1, 24, 48], [24, 15, 15], [1, 5, 5], [30, 30, 30], [1, 2], 10, 0.001, 1, False, False 1.50473110601306 37.61369807029371 4.066969214704843 0.06073500685058645 2.7816301280109945 0.4086467851540495 
[1, 24, 48], [24, 10, 1], [1, 10, 10], [10, 10, 10], [0, 1, 2], 10, 0.001, 1, False, False 1.5403276330963884 37.901965123832376 4.4483887414379675 0.06804129123129918 2.41816666381433 0.33112942196526207 
[1, 24, 48], [24, 15, 5], [1, 20, 20], [30, 30, 30], [1, 2], 1, 0.001, 1, False, False 1.9884069201846908 70.62337175558115 5.48278685509624 0.023103567482798883 3.2388283452707403 0.17214792908726487 
[1, 24, 48], [24, 15, 15], [1, 20, 20], [40, 40, 40], [1, 2], 1, 0.001, 1, False, False 1.9955020894606899 70.42255160055682 5.338790781711474 0.0165248561891906 1.487034812966105 0.17426754839213604 
[1, 24, 48], [24, 15, 1], [1, 20, 20], [40, 40, 40], [1, 2], 10, 0.001, 1, False, False 1.5535397590448465 36.751674891515655 4.786031380895409 0.11755622231123514 2.2352067705736465 0.5846779545810108 
[1, 24, 48], [24, 15, 15], [1, 5, 5], [40, 40, 40], [1, 2], 20, 0.001, 1, False, False 1.517507573769049 32.10870413419187 4.751991347711045 0.05121192152401423 0.44151833496787163 0.29451722404178926 
[1, 24, 48], [24, 15, 1], [1, 20, 20], [30, 30, 30], [1, 2], 5, 0.001, 1, False, False 1.517835907141368 38.04491414315064 4.070627838997347 0.03776181966151076 1.6369926977204663 0.2296638407684324 
[1, 24, 48], [24, 15, 10], [1, 5, 5], [40, 40, 40], [1, 2], 10, 0.001, 1, False, False 1.4495563946940286 35.16540315004256 3.9068369664615616 0.06906585313824205 2.4532228272089145 0.6367054651252327 
[1, 24, 48], [24, 15, 5], [1, 5, 5], [30, 30, 30], [1, 2], 20, 0.001, 1, False, False 1.511744712030998 36.16142285692344 4.724488669361823 0.09900428611108152 3.730394600210655 1.059737656423961 
[1, 24, 48], [24, 15, 15], [1, 20, 20], [30, 30, 30], [1, 2], 1, 0.001, 1, False, False 1.999921773870785 72.26770169269012 5.452464523150463 0.08210973293974291 3.1283881094114547 0.49494994894131156 
[1, 24, 48], [24, 15, 5], [1, 5, 5], [40, 40, 40], [1, 2], 1, 0.001, 1, False, False 2.118609137833118 76.63910181092307 6.084500166648382 0.022040311335714723 1.1117642853335732 0.15838318847230418 
[1, 24, 48], [24, 15, 15], [1, 20, 20], [40, 40, 40], [1, 2], 5, 0.001, 1, False, False 1.5082782845047342 35.73917377133675 4.007004320321051 0.00415475584765793 1.3505275577118139 0.028101750509419876 
[1, 24, 48], [24, 15, 5], [1, 20, 20], [30, 30, 30], [1, 2], 5, 0.001, 1, False, False 1.4659649085391455 35.46151387918756 4.172760440341761 0.08525783941770565 3.1169626609071814 0.26103677461413705 
[1, 24, 48], [24, 10, 1], [1, 5, 5], [40, 40, 40], [1, 2], 20, 0.001, 1, False, False 1.4591277636035727 32.806798566466156 4.838471215475728 0.03152575237574085 3.7611842711000163 0.42562744117918944 
[1, 24, 48], [24, 15, 5], [1, 20, 20], [40, 40, 40], [1, 2], 10, 0.001, 1, False, False 1.4948791137137627 32.6913490924795 4.571164793066421 0.06556974289575268 2.4764533959660557 0.539923864311295 
[1, 24, 48], [24, 15, 10], [1, 20, 20], [30, 30, 30], [1, 2], 20, 0.001, 1, False, False 1.567061113103949 33.98129383612722 4.7096802846507515 0.05655657322189632 2.7929780577710543 0.2702896238167098 
[1, 24, 48], [24, 15, 1], [1, 20, 20], [30, 30, 30], [1, 2], 10, 0.001, 1, False, False 1.4882981565539488 34.92359763455246 4.322393470776291 0.07582705549401206 1.6385726748365177 0.33532849436709355 
[1, 24, 48], [24, 10, 1], [1, 10, 10], [20, 20, 20], [0, 1, 2], 20, 0.001, 1, False, False 1.5571754089901575 34.41297259497164 5.125958362025863 0.07372210353776314 1.177144765734901 0.3679129509418877 
[1, 24, 48], [24, 15, 1], [1, 5, 5], [10, 10, 10], [0, 1, 2], 20, 0.001, 1, False, False 1.4577343024313454 36.93354996577509 3.9230469118947178 0.05592252546732258 0.9172773115555384 0.4020201596535277 
[1, 24, 48], [24, 15, 1], [1, 5, 5], [20, 20, 20], [0, 1, 2], 20, 0.001, 1, False, False 1.527306271592776 31.378999385920633 4.855915092585039 0.019120444886608665 2.065171331601717 0.3754625262540384 
[1, 24, 48], [24, 15, 15], [1, 5, 5], [30, 30, 30], [1, 2], 20, 0.001, 1, False, False 1.5135794918673735 36.501468505544686 4.402958671795343 0.04362389683601539 5.747449666814538 0.5977692998946302 
[1, 24, 48], [24, 15, 1], [1, 20, 20], [40, 40, 40], [1, 2], 20, 0.001, 1, False, False 1.6292285830748312 37.60038371813169 5.23271084818665 0.07446419491077003 3.7066476948669087 0.27164194212806886 
