layers lag time_steps epochs l2 learning_rate mean_mae                         mean_mape mean_mse std mae std_mape std_mse 
[15], 24, 1, 1, 0.001, 0.05, 1, False 1.9868176075664377 40.7368951029682 7.751876433515062 0.21784827378542035 5.951710313635214 1.1165988601497348 
[15], 36, 1, 1, 0.001, 0.05, 1, False 1.7058129314186594 34.81162713145522 5.393195795512118 0.061345148004051823 2.6656548063499077 1.0562954881676434 
[10], 1, 1, 1, 0.001, 0.05, 1, False 3.560758820787519 70.59551768148559 18.612242145876692 1.439799313779633 15.859574413486751 13.452860405325705 
[10], 12, 1, 1, 0.001, 0.05, 1, False 3.090745969849672 65.97529098648691 12.893244757489116 0.5159575912306638 8.244119272239198 3.9392707850136564 
[10], 24, 1, 1, 0.001, 0.05, 1, False 2.1504128301257466 48.946565262889976 6.920943115523028 0.4885580822029755 6.862175113434464 2.536279245809571 
[15], 1, 1, 1, 0.001, 0.05, 1, False 3.276402474805298 61.318920517336636 14.30146265367563 0.337920043039986 1.787342626236389 2.6946700900246428 
[15], 12, 1, 1, 0.001, 0.05, 1, False 2.7957913110498325 58.02049272804897 10.682210489280067 0.2001761409108039 1.9374658709516528 2.132175445471872 
[10], 36, 1, 1, 0.001, 0.05, 1, False 1.7570834610956128 33.228057234271624 5.9360941923586985 0.1739901966134171 5.9260413705397 1.7542205664156545 
[5], 1, 1, 1, 0.001, 0.05, 1, False 2.388816725186727 63.657636353789236 8.065266824536364 0.4642652759997778 3.264114928568694 2.893485125789846 
[5], 36, 1, 1, 0.001, 0.05, 1, False 2.072487371787428 54.68107845749509 5.992093207403897 0.19758702353146904 4.2073956639151895 1.4759983770957166 
[5], 24, 1, 1, 0.001, 0.05, 1, False 2.460181370344771 54.22879384730516 8.370542152981576 0.681280566268337 5.271736932228576 4.999860207937665 
[20], 12, 1, 1, 0.001, 0.05, 1, False 2.514553043572231 56.162664206903735 8.657214509186764 0.08818106721514021 2.298697419381975 1.1962513742450398 
[20], 1, 1, 1, 0.001, 0.05, 1, False 2.97618015837614 59.37529051864205 12.022181049770708 0.3074744959214046 1.2341749648314255 2.1282130517055498 
[20], 24, 1, 1, 0.001, 0.05, 1, False 1.9677284631429721 45.57431353265957 7.372710212523785 0.7304359811239531 16.989149461241116 5.450500098705464 
[5], 12, 1, 1, 0.001, 0.05, 1, False 2.4805255764508956 61.58180017650088 8.814739993598359 0.3293289737829498 1.6637623332307154 2.211184343221217 
[20], 36, 1, 1, 0.001, 0.05, 1, False 1.4763600124839555 29.10882878042759 4.551402110746591 0.08423897820283083 3.3756488257779713 1.2901290423336789 
[15], 36, 15, 5, 0.001, 0.05, 1, False 1.5150215737728605 39.42335206239637 4.462475813539779 0.051250478950205604 3.7888745575947533 0.34314668898310746 
[15], 24, 1, 5, 0.001, 0.05, 1, False 1.6672425689822479 32.79559705355092 6.512276269198826 0.2613547033456226 2.3140929043443466 2.6196955477847084 
[15], 36, 1, 5, 0.001, 0.05, 1, False 1.5050685186766908 32.323346952742185 4.245606558549132 0.03495856857382231 4.180192546408329 0.5901083197003169 
[15], 24, 15, 5, 0.001, 0.05, 1, False 1.520003345339662 39.16542442476614 4.711094965407423 0.01906404064688092 3.224851033355093 0.2439416797157153 
[15], 12, 15, 5, 0.001, 0.05, 1, False 1.706597169626641 54.18437330979267 4.07055350092499 0.15804690113431982 4.427805257725182 0.4185532685399447 
[20], 12, 1, 5, 0.001, 0.05, 1, False 2.2217466199770564 57.383514276468055 6.33009745102209 0.07969015869017815 3.7243808938559577 0.5641716008747936 
[15], 1, 1, 5, 0.001, 0.05, 1, False 2.478726034552824 57.266249322650815 9.05942938041228 0.40941986382438333 1.942782262405342 2.4035343016756046 
[10], 36, 1, 5, 0.001, 0.05, 1, False 1.7822159879409742 35.96687802565855 6.451118976398984 0.2034970476559611 5.031605956639292 1.7955670262827899 
[20], 1, 1, 5, 0.001, 0.05, 1, False 2.0737580143536127 55.2761497948429 6.479766649895118 0.10639363914349657 0.553155060974573 0.813315230361325 
[10], 1, 1, 5, 0.001, 0.05, 1, False 2.526076560384696 57.09195117967139 9.333265001456306 0.0493284087407842 0.9484800103825618 0.20977966637896828 
[15], 12, 1, 5, 0.001, 0.05, 1, False 2.1546235001473515 61.58628767601158 6.092309415360766 0.13565555669615825 3.398186592029667 0.6898070942993871 
[20], 24, 1, 5, 0.001, 0.05, 1, False 1.5474433674942694 26.940248178277628 5.75605131111437 0.12159687786589345 1.293091089636552 1.1150259670696705 
[20], 24, 15, 5, 0.001, 0.05, 1, False 1.5003606414353403 37.17442719832911 4.3410471771010055 0.03962715610950948 1.959265634711727 0.3660655947286588 
[30], 12, 1, 1, 0.001, 0.05, 1, False 2.5629066476184454 58.918223673589374 8.607872309967018 0.07151948730432418 3.9924069376300158 0.8696043737132765 
[30], 1, 1, 1, 0.001, 0.05, 1, False 2.694617492157136 57.8622693216085 10.086829898553537 0.15219738561646057 0.812891750752321 0.8592010155183929 
[15], 24, 5, 10, 0.001, 0.05, 1, False 1.3438271692643557 31.038261881735593 3.6412171767400463 0.07660313035312291 2.4799448263419097 0.7058577788333924 
[5], 1, 1, 5, 0.001, 0.05, 1, False 2.907363881750238 61.239744815822185 11.954328826834233 0.6852921897167621 1.9581988633609673 4.904669832677992 
[15], 1, 15, 5, 0.001, 0.05, 1, False 2.0878528477968987 63.786456370899224 5.855914913184929 0.027001029249327128 2.373500890126985 0.06806346485438072 
[10], 36, 15, 5, 0.001, 0.05, 1, False 1.5068164297069115 38.04071557024722 4.01062710034251 0.12434727436185662 6.712253689821523 0.5051330987314372 
[10], 24, 15, 5, 0.001, 0.05, 1, False 1.4756616946309808 36.48181917434098 4.132290189701314 0.07009425759659009 0.9685473179341091 0.4992389881604236 
[15], 36, 5, 10, 0.001, 0.05, 1, False 1.5463941417280933 37.109797403779474 3.928391298239916 0.11411873825003001 5.171773488718284 0.3568132187096501 
[5], 36, 15, 5, 0.001, 0.05, 1, False 1.6043402610484652 34.072026284029036 4.423657719642093 0.12353823790949937 0.4742534503876377 0.5992354980976285 
[10], 12, 1, 5, 0.001, 0.05, 1, False 2.3599102896396755 56.3431009017168 7.6975967304762944 0.20023163849443049 2.0083374867146806 1.4915163397846527 
[15], 24, 10, 1, 0.001, 0.05, 1, False 1.6907050548949172 36.879965906942886 5.628204600376468 0.11446396832882888 2.543032203483739 0.6477559993261118 
[5], 24, 1, 5, 0.001, 0.05, 1, False 2.1959015996186753 45.369627471525746 9.663122681179848 0.9590782058220805 22.414259005788683 6.849212154873035 
[20], 1, 5, 10, 0.001, 0.05, 1, False 1.9403402316901415 69.20717079108279 5.017750048793547 0.01300831739886666 0.8249753226410892 0.04980222353189953 
[10], 24, 1, 5, 0.001, 0.05, 1, False 1.4606001485018398 27.491343966359086 4.8171450711862285 0.05915698994927912 0.4479441156653564 0.6755124693427819 
[5], 36, 1, 5, 0.001, 0.05, 1, False 1.4642694291055058 29.670269337557144 4.491732048065571 0.06784982884602578 2.1455681927698276 1.002269996358919 
[15], 1, 5, 10, 0.001, 0.05, 1, False 1.9864058512642424 67.38245511526067 5.177666313275925 0.020726035446820036 2.3917201148874985 0.04712020522826571 
[10], 1, 15, 5, 0.001, 0.05, 1, False 2.0386071245634434 61.78249865638241 5.615863333891209 0.012168267542421176 3.274468762228947 0.04511559369390527 
[20], 24, 5, 10, 0.001, 0.05, 1, False 1.5111929060270393 37.720844459875686 4.034428708584714 0.06395799942191391 1.2653295431875557 0.2917349695089791 
[15], 36, 10, 1, 0.001, 0.05, 1, False 1.5758493873325203 38.57326040537494 4.404110397581965 0.08527185452877789 3.2301113063757847 0.5256773007069934 
[5], 12, 1, 5, 0.001, 0.05, 1, False 2.498797783483233 58.86814408550833 8.902246052049277 0.15955783260308304 3.0368867258560357 0.8112701450114662 
[10], 12, 15, 5, 0.001, 0.05, 1, False 2.001040713468359 59.96034209369139 5.213285443266669 0.08548439390714432 5.074281245234523 0.4267479373010369 
[10], 36, 5, 10, 0.001, 0.05, 1, False 1.406362242865617 37.29640064330189 3.5265100031118757 0.008528024167680497 3.5934537830297146 0.21940192106270057 
[20], 36, 1, 5, 0.001, 0.05, 1, False 1.6172813621315134 29.547107462059348 5.7771954096795035 0.07136083533242506 2.5913919806920798 0.5574744163799895 
[15], 12, 5, 10, 0.001, 0.05, 1, False 1.8129102776034003 57.53430970845336 4.068668899040039 0.0472330673572426 1.668706164196693 0.15696366908902532 
[5], 24, 15, 5, 0.001, 0.05, 1, False 1.6052263827787498 42.77337540072881 4.846466507791727 0.04850960281220803 5.281139873188732 0.6550256236050143 
[5], 1, 15, 5, 0.001, 0.05, 1, False 2.0942572943038407 73.99991329823348 6.049361507297788 0.06380608532664968 2.2326597258528458 0.23030864679129687 
[20], 1, 10, 1, 0.001, 0.05, 1, False 2.1648827940225597 72.53401351963197 6.199657800463107 0.016691829221207106 0.8011189559984765 0.06981038933690366 
[10], 24, 5, 10, 0.001, 0.05, 1, False 1.4346896156116768 36.981449203210204 3.778621622927901 0.05618780560298772 5.1236310738126125 0.23046947857155875 
[20], 1, 15, 5, 0.001, 0.05, 1, False 2.0731583316293025 59.711457838949336 5.677563911329191 0.008186893554327062 0.4313753505709579 0.02137945855279642 
[30], 12, 1, 5, 0.001, 0.05, 1, False 2.054930017143487 56.26726434728607 5.320047196437723 0.08989567578983093 1.6886852761259534 0.378040862609892 
[15], 1, 10, 1, 0.001, 0.05, 1, False 2.128223062803347 70.31659526853154 6.004719061167681 0.003691691652785998 2.7774477533231225 0.06265841340788009 
[30], 1, 1, 5, 0.001, 0.05, 1, False 1.9767757839419773 56.2756677368242 5.554589135638793 0.012208986793307544 0.25797231615879107 0.22335500389369872 
[20], 24, 10, 1, 0.001, 0.05, 1, False 1.6004436651658673 42.5327782526222 4.787725111439433 0.056209599452263864 2.51117134414443 0.6805953016973092 
[30], 1, 15, 5, 0.001, 0.05, 1, False 2.1202945182513857 57.264803276803285 5.961795261884672 0.04918146000560145 5.857674119860788 0.04363132155410495 
[30], 12, 15, 5, 0.001, 0.05, 1, False 1.6678960538296783 50.0977443350778 4.370718414296978 0.045083755421268315 6.482602395496093 0.5117013644781536 
[5], 1, 5, 10, 0.001, 0.05, 1, False 1.9998651637247307 69.61348104843216 5.4200359793533694 0.024381849592353615 2.257895398956988 0.17796635539413455 
[10], 36, 10, 1, 0.001, 0.05, 1, False 1.8095012386915859 49.80049824700914 4.979357654569583 0.11083270285087657 3.319029587577384 0.3654973882866427 
[20], 12, 15, 5, 0.001, 0.05, 1, False 1.726792496139252 51.62971131034049 4.419876221153603 0.09015023552678282 0.8603086595915924 0.1933607424516294 
[15], 24, 1, 10, 0.001, 0.05, 1, False 1.5493044818130632 30.760880694386316 5.744754471517191 0.23406462263119407 2.583735728036794 2.2686585785699527 
[10], 1, 5, 10, 0.001, 0.05, 1, False 1.9754108147074774 68.4466003148291 5.269255878478681 0.056103397006454385 1.677060614503534 0.25011061230702775 
[15], 12, 10, 1, 0.001, 0.05, 1, False 2.122493321076035 71.70643734524926 5.831413414739551 0.057840485428956166 2.547709809946947 0.26592727807088906 
[15], 36, 1, 10, 0.001, 0.05, 1, False 1.4628764338101494 31.313089829241477 4.310874033450035 0.06098681324702456 2.856822372973514 0.7106284634460609 
[30], 24, 1, 1, 0.001, 0.05, 1, False 1.8449613955061601 36.176191944631874 7.862538356287765 0.21751846844820916 4.1435433733695755 1.8750360995593414 
[10], 24, 10, 1, 0.001, 0.05, 1, False 1.7848862923267808 51.09884815004174 5.808506550259658 0.09568896802267801 4.446431365437782 0.7906591505900037 
[20], 36, 15, 5, 0.001, 0.05, 1, False 1.4610625690332162 39.11492177296304 3.746477919184807 0.04659762933856446 1.7561601079684626 0.18177337630949073 
[5], 1, 10, 1, 0.001, 0.05, 1, False 2.091758413985371 72.37527129048658 6.019563394958304 0.04422420692958815 3.3743160675791963 0.2925898990176349 
[15], 24, 5, 1, 0.001, 0.05, 1, False 1.6940998806963086 37.028401223560536 5.338094313698128 0.03317524583493313 3.4140976765332725 0.27136402302649826 
[15], 24, 10, 5, 0.001, 0.05, 1, False 1.4649856163050838 38.42358289726135 4.254363585701934 0.050029467146204064 2.1637568108852814 0.3348350702937786 
[20], 12, 1, 10, 0.001, 0.05, 1, False 2.101819153440495 59.397459658734 5.3855630712390665 0.06704833792280587 1.9807277092931996 0.28491627459075675 
[20], 24, 1, 10, 0.001, 0.05, 1, False 1.4768014505471065 28.939634754501892 5.090649350448197 0.01752790031948579 2.4976320115633364 0.7037942105879434 
[15], 36, 15, 10, 0.001, 0.05, 1, False 1.520370316664102 36.86812908747269 4.152211499465168 0.08257026109591989 2.4229759693727257 0.41007058971582033 
[10], 1, 10, 1, 0.001, 0.05, 1, False 2.104598494867483 71.13965522990335 5.978268098145723 0.039855664163189475 1.1584701366352428 0.1843893360210329 
[20], 1, 1, 10, 0.001, 0.05, 1, False 2.1018797285992785 64.21422661476221 6.30548944380745 0.08013546172052838 2.6655716150233313 0.7342143296875521 
[30], 1, 5, 10, 0.001, 0.05, 1, False 1.9090700176441002 67.88548994796592 4.862723483043922 0.005417424586893998 2.114315296916378 0.04904258430046148 
[15], 36, 10, 5, 0.001, 0.05, 1, False 1.415326970512116 37.51043377550195 3.551814732331118 0.03876271154314223 4.635370903296615 0.23471539722038418 
[15], 36, 5, 1, 0.001, 0.05, 1, False 1.6156011456830635 36.98303820197897 4.326511862423046 0.20836212382324398 15.329036133690892 0.4675474921109155 
[30], 12, 5, 10, 0.001, 0.05, 1, False 1.852168229719002 50.912432850409125 4.125875997752586 0.030691480362786742 2.145060060523376 0.11800291444721875 
[15], 24, 15, 10, 0.001, 0.05, 1, False 1.4872607292262494 37.33665148757421 4.288823158333359 0.03699555051639348 2.2050978082142554 0.3746978835885324 
[5], 24, 5, 10, 0.001, 0.05, 1, False 1.6240649328463608 40.180412704525764 5.333229776353423 0.07786511431134437 3.0368789670726897 0.5779719031181672 
[15], 12, 15, 10, 0.001, 0.05, 1, False 1.6084049461064505 48.599497237591116 4.051234339879671 0.11881677921354333 5.182963523990863 0.4264557381642312 
[5], 36, 5, 10, 0.001, 0.05, 1, False 1.4446168808456237 31.587500554026036 3.6973873177797216 0.026612242208298834 5.638845051717406 0.31398752648687267 
[30], 1, 10, 1, 0.001, 0.05, 1, False 2.175577779610951 71.10530007031946 6.185122895176671 0.008547446869361541 1.0680208898911108 0.03535152362459358 
[15], 1, 1, 10, 0.001, 0.05, 1, False 2.0863743872485228 64.9062221872448 6.293003082125857 0.1418766423740035 2.761692702986547 1.132033156774103 
[5], 12, 5, 10, 0.001, 0.05, 1, False 1.7490292925249638 58.351254585056516 4.152560587002812 0.10868513224811745 3.4630396555178344 0.4987332120585451 
[10], 36, 1, 10, 0.001, 0.05, 1, False 1.683212370563437 33.39229572375897 5.417909438002127 0.192191804788144 4.530695734465721 1.413429831820844 
[15], 36, 20, 1, 0.001, 0.05, 1, False 1.5843230902320808 45.1526782955608 4.372101592573169 0.02550446929485445 2.837405841854807 0.2166247959844412 
[10], 12, 5, 10, 0.001, 0.05, 1, False 1.8394323301346347 49.73056328107881 4.247669143721456 0.10918841354532463 3.8136428733967875 0.44761709655334436 
[15], 12, 1, 10, 0.001, 0.05, 1, False 2.152445025241898 52.85294061957803 7.0363714701585245 0.11100668703647107 4.215700333069278 1.5671526590845726 
[30], 12, 10, 1, 0.001, 0.05, 1, False 2.0755406779547525 65.16024694370354 5.284248401942562 0.07858869513120598 4.970851183323119 0.4343942603248674 
[20], 24, 15, 10, 0.001, 0.05, 1, False 1.4626951781273994 36.81319909142374 3.918549679357506 0.004465908037930341 3.0274421767807205 0.08784180871909819 
[20], 12, 5, 1, 0.001, 0.05, 1, False 1.9723261007418227 62.92169388658601 4.774351954111952 0.025803410736929027 1.6489419556574467 0.15251572056246224 
[20], 1, 5, 1, 0.001, 0.05, 1, False 2.1716381764660273 67.03500317899771 6.213176180052113 0.03299464394473488 0.14108899601294383 0.20754505155704767 
[20], 1, 10, 5, 0.001, 0.05, 1, False 2.2924633986282115 68.52427340454409 6.624194323587761 0.02529741099508962 2.052179254969168 0.13174368542753254 
[20], 24, 5, 1, 0.001, 0.05, 1, False 1.5244403746255009 33.82551067684931 4.536729203732437 0.03635154407433566 3.7849160562533135 0.2205621784341214 
[20], 24, 10, 5, 0.001, 0.05, 1, False 1.51190454022338 35.702374256256 4.357831742085782 0.037355767780577656 5.695682828257785 0.44009023036207995 
[15], 24, 20, 1, 0.001, 0.05, 1, False 1.6681416393706092 37.72544158601168 5.450026596316437 0.022407867012278912 4.737305350591048 0.7740495831367136 
[10], 1, 1, 10, 0.001, 0.05, 1, False 2.1687367319405353 58.113496409779806 6.981119801131745 0.2767925036109562 0.7195646711262376 1.8589223442882117 
[30], 36, 1, 1, 0.001, 0.05, 1, False 1.5114278843988551 29.484821805760177 4.543369602959678 0.08165533397112212 5.183157608597847 1.1662619693776686 
[5], 1, 1, 10, 0.001, 0.05, 1, False 3.418925757028368 65.1848867034952 16.014251680234448 0.6845632981367527 3.905233875670021 5.799851599538063 
[15], 12, 20, 1, 0.001, 0.05, 1, False 2.0724483532210187 67.20521870091675 5.51027550244405 0.08431466767936655 2.7921763201116967 0.36175552310353704 
[15], 1, 10, 5, 0.001, 0.05, 1, False 2.22972146027066 67.78718594436609 6.3410173811124935 0.01723948855763479 6.387767113040593 0.059174321071862206 
[15], 1, 5, 1, 0.001, 0.05, 1, False 2.204588080445925 65.82181874619653 6.439380997560938 0.02300962275029602 0.13526063616613246 0.20014706938299182 
[10], 36, 5, 1, 0.001, 0.05, 1, False 1.5403884952318745 37.833053997796696 3.7279660048333274 0.1590473596530093 8.536347872081237 0.3243013244927253 
[5], 36, 10, 1, 0.001, 0.05, 1, False 1.96792933202728 72.46556987371447 5.417254017405509 0.1006658960107062 5.366224866202725 0.6215460996532982 
[5], 24, 10, 1, 0.001, 0.05, 1, False 1.9416665398412272 62.25190861360203 5.256939354659949 0.18368495233928758 8.193871224451648 0.8560724417734139 
[10], 36, 10, 5, 0.001, 0.05, 1, False 1.500342110710012 36.02740093636687 4.270616082394655 0.0495982113632474 2.654544974587021 0.2607559213879641 
[15], 12, 5, 1, 0.001, 0.05, 1, False 2.0640280126904442 67.21803282189985 5.391203941457992 0.09600020579158118 4.270350316169938 0.31484649943514337 
[5], 12, 10, 1, 0.001, 0.05, 1, False 1.994135830689359 75.86116049169527 5.740230370272712 0.14096696768897418 6.209180764478094 0.4623013884092156 
[10], 12, 10, 1, 0.001, 0.05, 1, False 2.1537205855051673 72.7254220940679 6.152274719476497 0.1406040085251331 7.142757819316365 0.4726282026053893 
[20], 24, 20, 1, 0.001, 0.05, 1, False 1.6573483367691983 42.93002391820767 5.275416206080724 0.0611989151911659 5.3887194229642 0.37404101879613544 
[15], 12, 10, 5, 0.001, 0.05, 1, False 1.7700740767159937 56.51533243045756 4.038845093014552 0.1254539942759375 4.553688308983395 0.5011113290994192 
[30], 24, 1, 5, 0.001, 0.05, 1, False 1.3995404008465504 29.17209916015535 4.196041306964304 0.02748125008745999 2.7278784559994462 0.7241799337581555 
[5], 1, 5, 1, 0.001, 0.05, 1, False 2.0419466249506777 70.3557709254858 5.809468909009451 0.044442578827517655 4.467548967242923 0.15893130086834104 
[20], 36, 5, 10, 0.001, 0.05, 1, False 1.4447641436752205 33.028657266697536 3.6054172822929633 0.04415047718719149 7.526321979142674 0.19423016976392046 
[15], 24, 5, 5, 0.001, 0.05, 1, False 1.451416143090291 31.854525155396345 4.5387384717019765 0.022465622087004682 3.1982197995968153 0.28499847181693233 
[30], 12, 1, 10, 0.001, 0.05, 1, False 1.9922502104192967 58.30721907699216 4.892618631216348 0.06489818060113617 1.4399565939389871 0.22758314033916652 
[10], 24, 10, 5, 0.001, 0.05, 1, False 1.4725660146938429 31.432152046179983 4.536597424339347 0.031181044793265764 2.9678353908582795 0.38979675233138344 
[10], 1, 5, 1, 0.001, 0.05, 1, False 2.1911374789973093 65.8905285738605 6.414751681836567 0.0899914449269347 0.5141286966808777 0.4952014035710513 
[30], 1, 1, 10, 0.001, 0.05, 1, False 2.2268673877887153 70.93832125881812 7.2501275775918925 0.1275380648094256 3.8137552250463878 0.7924200302502956 
[15], 36, 5, 5, 0.001, 0.05, 1, False 1.4381531209236496 32.72049055691543 3.799450729565573 0.042911414965557476 5.138225102558956 0.48793936391889864 
[30], 36, 1, 5, 0.001, 0.05, 1, False 1.5265193085082702 31.364026774788623 4.534582400203353 0.04514597891528099 1.0551254957322256 0.3827394403428536 
[15], 1, 15, 10, 0.001, 0.05, 1, False 2.1064079903893997 58.091225509880225 5.805793489154446 0.03849610106339505 1.5468143244429433 0.14355834517888702 
[10], 36, 15, 10, 0.001, 0.05, 1, False 1.4721327906336494 38.61739799367499 3.476473752409578 0.016156119303778593 0.709244606395068 0.2399662727361843 
[20], 36, 10, 1, 0.001, 0.05, 1, False 1.563713406481676 40.011877599317145 4.4545961024207275 0.028195777355841275 6.142002555725256 0.36806130602963955 
[30], 12, 5, 1, 0.001, 0.05, 1, False 2.019723780235896 62.86850809399552 5.117739195575161 0.05854836775709832 4.9857915089809755 0.2734550303224756 
[10], 24, 15, 10, 0.001, 0.05, 1, False 1.3849073222872832 37.51564782679145 3.646468688130819 0.04787714005280949 3.470142294926691 0.5023319125629806 
[30], 1, 5, 1, 0.001, 0.05, 1, False 2.17039491670827 66.97826949258184 6.1328880365991445 0.0018380076393614683 0.9693636501639877 0.025655925403144042 
[30], 1, 10, 5, 0.001, 0.05, 1, False 2.3174493952481825 63.539541683564174 6.876322872702544 0.03279401846111805 4.438930440949124 0.2738786976387716 
[10], 1, 10, 5, 0.001, 0.05, 1, False 2.103912867039993 67.91901794115985 5.779969803468745 0.027893873309835646 2.6043195623859154 0.1305681889559907 
[5], 1, 10, 5, 0.001, 0.05, 1, False 2.0051227347580367 70.02513349619737 5.5707937511428325 0.018349819390929903 1.1084718382379701 0.11552880956425873 
[20], 1, 5, 5, 0.001, 0.05, 1, False 1.9625296902049463 70.79690848270978 5.160106894447778 0.014204837197609971 1.77611883668252 0.06268484315798153 
[30], 24, 15, 5, 0.001, 0.05, 1, False 1.4953207560090558 31.175523818775076 4.351617920488341 0.035123330652732765 0.7632119291776577 0.21424862129399477 
[20], 12, 5, 5, 0.001, 0.05, 1, False 1.7855872870181437 55.68969995019066 3.9617336628103157 0.049610336044469565 6.009094211027341 0.33045300939624284 
[5], 36, 1, 10, 0.001, 0.05, 1, False 1.589397362119484 30.42528678122274 5.340282594528991 0.044758025192825915 4.7294756559045945 1.1111931510372897 
[20], 24, 5, 5, 0.001, 0.05, 1, False 1.5013561034782061 41.939874846006745 4.370043268561088 0.1119910742134077 4.782326213807412 0.6363268052166668 
[10], 12, 1, 10, 0.001, 0.05, 1, False 2.1392215394156255 60.345955409827695 6.3245301714788935 0.15310488144690282 3.863878317170909 0.8350858929834223 
[15], 36, 20, 5, 0.001, 0.05, 1, False 1.4950310631206747 34.902840493384446 4.168066489379115 0.04783442055147325 2.814185765768857 0.22027756314982203 
[5], 24, 1, 10, 0.001, 0.05, 1, False 1.5990189951913496 33.531526714611886 5.2852269343438865 0.11349316365903538 7.17537608091502 0.45888557741607094 
[20], 36, 1, 10, 0.001, 0.05, 1, False 1.4529029615085436 32.96111463171791 3.82515577671421 0.04165695564966555 2.1646971246865796 0.20745582501169968 
[15], 1, 20, 1, 0.001, 0.05, 1, False 2.214246618871887 74.02333781414835 6.456090335844721 0.024025914321508118 3.4880366101724753 0.09770717897996557 
[30], 12, 10, 5, 0.001, 0.05, 1, False 1.713015182795761 48.8043332313781 3.783261159998394 0.04742159138861762 5.0033493272289435 0.15726871616672994 
[10], 24, 1, 10, 0.001, 0.05, 1, False 1.6955987835587514 33.557458469132484 5.853890160141539 0.30941617164739377 4.968865495543219 2.0156072134964647 
[15], 24, 10, 10, 0.001, 0.05, 1, False 1.400882876712691 34.838595881146944 3.5106217222793057 0.017890052719839438 1.2134129303448262 0.19114593723165405 
[10], 36, 20, 1, 0.001, 0.05, 1, False 1.732114354783186 43.97452531125077 4.9919490796133426 0.10211066778818532 5.3221775997541325 0.6189736696443844 
[5], 12, 1, 10, 0.001, 0.05, 1, False 2.135164003774816 56.43725177011825 7.941557667155105 0.18540413066950992 5.689864145367923 2.1339133737773723 
[30], 12, 15, 10, 0.001, 0.05, 1, False 1.6659893764665823 49.93281844448827 4.461850928010612 0.06444507873426365 4.97393248340573 0.22233541790339323 
[30], 1, 15, 10, 0.001, 0.05, 1, False 2.21143717902402 58.88948113868421 6.261513478953706 0.012629187043059422 1.3928515824332257 0.049895298392895186 
[15], 24, 20, 5, 0.001, 0.05, 1, False 1.464163959253993 38.77496697181481 4.078487358042342 0.035128924636082845 4.980656466419051 0.19461989330320084 
[10], 24, 20, 1, 0.001, 0.05, 1, False 1.841424487544982 56.680314770161466 5.072114384305211 0.13743793079913352 5.622166255234519 0.7872850497061006 
[15], 36, 10, 10, 0.001, 0.05, 1, False 1.4731733692740951 41.72553608070911 3.6895004494163586 0.044812979520026365 2.877793331677905 0.017598158685207407 
[30], 24, 5, 10, 0.001, 0.05, 1, False 1.4900847866924272 36.54491526284377 3.9075546966532024 0.03152878941809985 2.3843681587048486 0.32354640199072254 
[15], 12, 20, 5, 0.001, 0.05, 1, False 1.7462473704169186 53.50878666894966 4.253371960263876 0.11680335091160347 6.679361374421912 0.2509218334735918 
[15], 1, 5, 5, 0.001, 0.05, 1, False 2.020286708959826 71.5675337379546 5.4714245581555225 0.006167867854999246 2.958013067310227 0.08003025811983 
[10], 36, 5, 5, 0.001, 0.05, 1, False 1.4551028034511813 37.40560382571946 3.7619843795197827 0.024198613274848204 2.212188875116178 0.1528693223950535 
[15], 12, 5, 5, 0.001, 0.05, 1, False 1.7826055387793858 53.637469103032 4.014539660640524 0.08589453319094664 1.1441331770843357 0.3610086929863542 
[5], 36, 5, 1, 0.001, 0.05, 1, False 2.063563693075061 62.83353210228415 6.39989615073856 0.3337504847706519 22.117189967952815 1.2496557091111553 
[20], 36, 5, 1, 0.001, 0.05, 1, False 1.4955287482606723 29.219121533055954 3.9529433075064557 0.03546746024876948 2.8726150434111353 0.17824326001696836 
[20], 24, 20, 5, 0.001, 0.05, 1, False 1.4748167690165614 36.871842243923105 4.343469373179748 0.03363089805529108 1.3404425402763878 0.05880884098555538 
[10], 12, 5, 1, 0.001, 0.05, 1, False 2.0775328667834394 72.6061838280205 5.869834103625622 0.08929309541608565 9.762905237107221 0.3384947723270783 
[5], 36, 15, 10, 0.001, 0.05, 1, False 1.435727404602976 38.34598346756908 3.756034035625635 0.035543757888168624 5.225109858046419 0.058199733957166676 
[15], 24, 15, 1, 0.001, 0.05, 1, False 1.7021735093866779 46.94052135664262 5.437338730052617 0.024912371370047825 4.670631922463212 0.6021529761551332 
[5], 24, 5, 1, 0.001, 0.05, 1, False 1.8751111409109493 56.37538645575838 5.8585499372182435 0.24478926403431026 4.7688510248735945 2.226334074168499 
[30], 12, 20, 1, 0.001, 0.05, 1, False 2.116477876956815 63.29519508460721 5.6285611385388465 0.040169261542476214 2.595790253137746 0.13175099234611976 
[30], 1, 20, 1, 0.001, 0.05, 1, False 2.235773478945095 72.40895827344285 6.466091901840447 0.014427933493170255 1.7893032987348996 0.08322343767981943 
[20], 1, 10, 10, 0.001, 0.05, 1, False 2.278761345906941 64.07923687268378 6.621020422307399 0.013622409324364848 2.83590509711974 0.01946262275261111 
[10], 24, 5, 1, 0.001, 0.05, 1, False 1.989724145729647 38.24323610761319 7.399589778125769 0.2290955244148144 7.694385214696324 0.45211437816852507 
[15], 36, 15, 1, 0.001, 0.05, 1, False 1.5824135319364288 38.67091456458014 4.364438002748892 0.03507213386102886 2.0716350115231257 0.20829308656377998 
[30], 24, 10, 1, 0.001, 0.05, 1, False 1.5786434673255785 31.449568736540154 5.335449134007891 0.04813624228068846 0.8678795154279054 0.720920661716024 
[20], 24, 10, 10, 0.001, 0.05, 1, False 1.4342722189785155 34.970258397403086 3.732385089834052 0.028744135942708915 2.9542314675674897 0.17520537604905914 
[5], 12, 5, 1, 0.001, 0.05, 1, False 2.231797381738821 80.86280461655568 6.750990311250597 0.380572363124742 7.424853470001965 2.0025534174503834 
[30], 36, 5, 10, 0.001, 0.05, 1, False 1.4768344954725492 37.8127395201785 3.7673045624674177 0.0392693576277694 5.96205861424697 0.13959937035787476 
[5], 1, 5, 5, 0.001, 0.05, 1, False 2.0279513767472013 70.85645817268745 5.713353551571045 0.053544545982168366 3.653925550363351 0.2080528061150733 
[10], 1, 5, 5, 0.001, 0.05, 1, False 1.956902752457945 68.25964289586126 5.163656509719939 0.04736348112424433 3.5091646573017616 0.22479195980478428 
[30], 12, 5, 5, 0.001, 0.05, 1, False 1.8911961219101032 54.61081313680791 4.520705149822465 0.11571404942769664 7.989261327656844 0.5392926118226995 
[5], 36, 10, 5, 0.001, 0.05, 1, False 1.5362883530143234 37.19996519441696 4.365578895068499 0.07377540837853987 3.885563408430522 0.7042421794137123 
[30], 36, 1, 10, 0.001, 0.05, 1, False 1.4393797541106188 31.491106191938314 4.268362785169882 0.03845958114000912 1.068522988126556 0.2963987226031663 
[10], 12, 10, 5, 0.001, 0.05, 1, False 1.7618615531810997 55.79922433219526 4.041925336983702 0.07616229427912259 6.032586248243703 0.2936313879710465 
[5], 24, 10, 5, 0.001, 0.05, 1, False 1.5950374788432207 43.674046554511214 4.674238036471977 0.0505588376103871 4.2762870952387 0.1283589735190036 
[30], 36, 10, 1, 0.001, 0.05, 1, False 1.5980696938069598 35.937489357035616 4.8771419548307415 0.02357737405832065 4.634706891915078 0.01888960382181165 
[5], 36, 20, 1, 0.001, 0.05, 1, False 1.9396553359925743 54.72501773244901 5.638795128079653 0.08643835796026997 4.124585851556929 0.35260625268088713 
[10], 1, 15, 10, 0.001, 0.05, 1, False 2.0557320048411682 58.770044634225826 5.622841178379911 0.04493157595719163 5.339502182489664 0.02033445082003479 
[30], 1, 5, 5, 0.001, 0.05, 1, False 1.976659754001431 71.85609360189648 5.218296826136299 0.015236061804289141 1.6582726215958352 0.06922880708274334 
[5], 12, 10, 5, 0.001, 0.05, 1, False 2.018216031789779 74.35496125522992 5.567020128462154 0.07025639827670158 1.9479782470896883 0.30554017905940384 
[20], 1, 15, 1, 0.001, 0.05, 1, False 2.1429490732649956 71.84567823364615 6.018053165886024 0.03064430625318588 1.2394308518260722 0.15051339266839364 
[20], 36, 15, 10, 0.001, 0.05, 1, False 1.4224462845259243 36.585034518028046 3.7694276347101776 0.015143746481206958 1.9034025542073179 0.3415000416755546 
[20], 24, 15, 1, 0.001, 0.05, 1, False 1.6521533556282508 38.06205779360533 5.568300538468481 0.0817191588995097 4.155480766221282 0.18174252825091844 
[10], 12, 15, 10, 0.001, 0.05, 1, False 1.8551662234934383 57.295459933978485 4.826522957178693 0.30705498674656334 6.3742682470352845 1.2343585221075273 
[20], 36, 10, 5, 0.001, 0.05, 1, False 1.4649686571624543 37.837982866203156 3.6925843073407454 0.05279019631099835 1.0681663906155703 0.26639309085769697 
[30], 36, 5, 1, 0.001, 0.05, 1, False 1.5254930541505687 34.265451795901946 4.516836849899751 0.03636571169729802 5.759979463771285 0.2947637250481521 
[20], 1, 15, 10, 0.001, 0.05, 1, False 2.118799226379229 56.994371635566004 5.873580692747983 0.0384601264604063 2.163356826186765 0.12726060884255783 
[5], 24, 15, 10, 0.001, 0.05, 1, False 1.4798355602831748 39.112828661843615 4.213505308419998 0.03935308291145847 1.8734309778820721 0.10095564781787711 
[5], 12, 15, 5, 0.001, 0.05, 1, False 1.9926713441671036 65.99085200984865 5.248405188075417 0.15268517374440416 3.0019537998439447 0.6652199101988796 
[5], 1, 15, 10, 0.001, 0.05, 1, False 2.058786739588335 63.96122512804042 5.746660269531009 0.04071941592981022 2.1315460320998216 0.3012668209930195 
[30], 36, 15, 5, 0.001, 0.05, 1, False 1.4457158846849643 38.21402612731453 3.814373743826074 0.024219578911063414 0.6859629754106359 0.10127580108365912 
[10], 1, 20, 1, 0.001, 0.05, 1, False 2.152010233893438 79.7549470627416 6.370270468669996 0.03060529801660125 0.275932944142557 0.12036242616279616 
[20], 36, 20, 1, 0.001, 0.05, 1, False 1.6051277247774927 36.9478502126798 4.4217351359855845 0.05568552376108706 3.1647206300924586 0.48634742908376744 
[15], 1, 10, 10, 0.001, 0.05, 1, False 2.230391538715748 62.83609177000786 6.4229960029565385 0.04620387225294006 3.428929723415931 0.24477052040417177 
[30], 24, 1, 10, 0.001, 0.05, 1, False 1.5105741518722084 30.750004685541796 5.4503201767290905 0.057806085140197534 1.7207322812866672 0.8275237046405364 
[10], 36, 10, 10, 0.001, 0.05, 1, False 1.4184957017225248 36.01677576538932 4.030474946920246 0.03268808296511865 1.797622267129744 0.21241408521441127 
[10], 12, 20, 1, 0.001, 0.05, 1, False 2.120220582601096 65.12765010951388 5.679199993982279 0.04631354277286431 5.576046230987521 0.3416861492297892 
[15], 1, 20, 5, 0.001, 0.05, 1, False 1.9827525455953063 57.92186637818423 5.359172818085413 0.03435598326188939 5.296019934687814 0.11522497646033521 
[10], 36, 20, 5, 0.001, 0.05, 1, False 1.5458990535250423 35.0989697931025 4.1471837919897485 0.10091495322974814 2.301348986452623 0.4989550018288119 
[10], 24, 20, 5, 0.001, 0.05, 1, False 1.4400517008439808 34.04391534856298 3.9118616084710887 0.009719211492579446 1.3938978232975727 0.24399308005780743 
[20], 12, 15, 10, 0.001, 0.05, 1, False 1.6175128446546958 48.900098507413766 4.120785911035983 0.050815804597282 3.5943578990619955 0.16429083411634643 
[15], 12, 10, 10, 0.001, 0.05, 1, False 1.7430184460210567 56.669528819514746 3.835039281415508 0.0599184886734833 3.075582272597039 0.26216126374848403 
[10], 24, 10, 10, 0.001, 0.05, 1, False 1.5193630722178904 42.24649166696448 4.0966982376947305 0.11929133718695023 4.7641872457207475 0.41644386129963895 
[20], 36, 5, 5, 0.001, 0.05, 1, False 1.5441278449294193 36.836122529741864 4.287500098807815 0.018140015671317875 1.7451340800740471 0.22552989522667446 
[30], 36, 10, 5, 0.001, 0.05, 1, False 1.4207453327391437 32.58165527777353 4.158375091769899 0.039012747329563724 3.0001314716552376 0.21425037409212633 
[20], 1, 20, 1, 0.001, 0.05, 1, False 2.1836920703450833 75.16663779539796 6.3023584886943915 0.019140957442145824 2.2123562865271458 0.06536018637196626 
[15], 1, 15, 1, 0.001, 0.05, 1, False 2.180253894378741 74.23807904955659 6.234427150640772 0.018972524160589182 1.2074420386858065 0.038770239437232415 
[30], 24, 5, 1, 0.001, 0.05, 1, False 1.5467679137984913 34.7869550267143 5.044719839834759 0.019899994078327606 1.7443509822779573 0.41389574068704865 
[5], 24, 20, 1, 0.001, 0.05, 1, False 1.8421990624456488 59.21735326336647 5.030270430745496 0.1281511001974947 12.455417726440812 0.4650226609505259 
[5], 1, 20, 1, 0.001, 0.05, 1, False 2.2283284802679657 76.18880990973297 6.8914657102450105 0.22740124500726383 6.861358318172437 1.0654221505025354 
[10], 36, 15, 1, 0.001, 0.05, 1, False 1.6896541107307979 43.57236372598984 5.01101208640135 0.07185139561980171 4.887902523944075 1.1268734726554182 
[30], 12, 20, 5, 0.001, 0.05, 1, False 1.534099871934287 37.36822788077094 4.073879543695471 0.05304298107934735 7.973263966090771 0.0927098554489204 
[30], 1, 20, 5, 0.001, 0.05, 1, False 1.9038481609274938 54.899033710449885 5.036711523548853 0.03300851237041303 1.2001252530805009 0.05925418200718866 
[30], 1, 10, 10, 0.001, 0.05, 1, False 2.3178596870766732 66.54253940533688 6.824280820242709 0.02608640385738356 2.2955111040231393 0.11473140378281627 
[5], 36, 5, 5, 0.001, 0.05, 1, False 1.4931157388482925 41.93810064415519 3.726897516217795 0.10057197954626039 3.9791741278749515 0.47196393169405737 
[10], 12, 5, 5, 0.001, 0.05, 1, False 1.920517656579613 60.31016171759657 4.564918251461943 0.06548559575207197 0.9429306040002174 0.13695929543467028 
[30], 24, 10, 5, 0.001, 0.05, 1, False 1.5605560148617739 39.58283421662333 4.339474488300051 0.03789606208042237 1.0320648150986038 0.012924637913078608 
[15], 12, 15, 1, 0.001, 0.05, 1, False 2.187157767335021 72.34047960327676 6.100543078566157 0.13631463924479884 3.311434290751291 0.6945080437740551 
[5], 24, 5, 5, 0.001, 0.05, 1, False 1.7049189393132647 36.96650678556424 5.901753269626371 0.12361588810599022 9.019508705490015 0.9667169010707338 
[10], 24, 15, 1, 0.001, 0.05, 1, False 1.8346730225891974 46.39964868114064 5.6646796046570325 0.33408401785239217 10.657049327757333 1.1880357237681218 
[20], 24, 20, 10, 0.001, 0.05, 1, False 1.4607940635333458 36.67823590057725 3.920346666481415 0.013584951154205013 0.8627815247275402 0.08501726143400021 
[10], 24, 5, 5, 0.001, 0.05, 1, False 1.477992013607312 38.6886416123489 4.341016780292725 0.008076152417562541 0.5315473592216884 0.09362675321643445 
[30], 36, 5, 5, 0.001, 0.05, 1, False 1.4943621270944956 34.88768029684095 3.9658139786922333 0.010617440159265938 5.363973947557456 0.18503797519569254 
[20], 12, 20, 1, 0.001, 0.05, 1, False 2.041964156297897 61.58966531863714 5.446488608672445 0.08892182203984478 7.278367606201262 0.32736181568520617 
[5], 12, 5, 5, 0.001, 0.05, 1, False 2.157566923261792 71.78732496924381 6.082138873676005 0.15063132186291142 5.135691729750288 0.8465527181472439 
[30], 12, 10, 10, 0.001, 0.05, 1, False 1.8388387136299293 55.75058222032748 4.125650663121878 0.033564983058431426 0.7816300043683011 0.10393873830990907 
[30], 1, 15, 1, 0.001, 0.05, 1, False 2.219297836224237 73.97714082712652 6.384539813009088 0.03088741192056626 0.5922196375869879 0.1594577008558922 
[20], 12, 5, 10, 0.001, 0.05, 1, False 1.7691572414090226 56.3936530014318 3.953526866428769 0.0798035275557791 3.4510710064721275 0.3134768499554001 
[15], 36, 20, 10, 0.001, 0.05, 1, False 1.5089519604695614 36.75581363453582 4.036931071745532 0.05192163610486511 2.8464788955650437 0.2931447959265679 
[30], 12, 15, 1, 0.001, 0.05, 1, False 2.166550524643173 60.90886612939375 5.913240152489876 0.042271640043201 3.0382603226456624 0.354829738295097 
[15], 12, 20, 10, 0.001, 0.05, 1, False 1.6167797528517733 39.01918193178187 3.907878994480862 0.12786505507779136 7.773858373904613 0.3293304732968983 
[10], 1, 10, 10, 0.001, 0.05, 1, False 2.221626863518246 65.68945005246314 6.268822707215009 0.05655412192907549 1.8749081469471205 0.3040170705921237 
[15], 24, 20, 10, 0.001, 0.05, 1, False 1.4612936001960877 40.842849110758955 3.9669601618008947 0.07399403512025521 2.7242049663651784 0.3741542211040343 
[5], 36, 20, 5, 0.001, 0.05, 1, False 1.5775611862954166 44.47600433547965 4.204306229161253 0.042176386384915304 2.437364220277573 0.41835923363777694 
[20], 12, 10, 1, 0.001, 0.05, 1, False 2.099198000505566 67.69882131273728 5.537113239290033 0.030729422019692393 2.1914280098863212 0.13295014646705078 
[5], 1, 10, 10, 0.001, 0.05, 1, False 2.1352312960144535 70.97815026180979 6.0274375183621745 0.10282729234326385 5.826278161252491 0.5184568378239995 
[30], 24, 15, 10, 0.001, 0.05, 1, False 1.4685793682311974 37.07669781070062 3.828998523802184 0.0075353143665543906 2.7720902641795218 0.1751193929557394 
[10], 1, 20, 5, 0.001, 0.05, 1, False 2.078884253154198 68.93221004146358 5.821997802240454 0.04506435926821663 1.408398441428516 0.14177336019242237 
[10], 1, 15, 1, 0.001, 0.05, 1, False 2.1105772509619034 74.46670712392306 6.028395510814669 0.04539310573602195 1.9858890534078217 0.23413673018054376 
[20], 36, 20, 5, 0.001, 0.05, 1, False 1.6092295986358767 38.7050413239681 4.43087439109905 0.09668544197049593 1.543242123788933 0.3523890456227801 
[5], 1, 15, 1, 0.001, 0.05, 1, False 2.0886213505709605 77.83494142981245 6.0913604313049605 0.04310988233544045 2.4008485493920695 0.18828307010321885 
[10], 12, 20, 5, 0.001, 0.05, 1, False 1.8585210955529294 60.017173512188776 4.792069625193846 0.1723188746770024 6.4483524741960645 0.3307836611702723 
[30], 24, 20, 1, 0.001, 0.05, 1, False 1.6028178367142871 37.15651893763445 5.087300064336165 0.01787107624764376 0.478684301818757 0.28140347713638797 
[30], 24, 5, 5, 0.001, 0.05, 1, False 1.4824971920914123 35.94867605451409 4.139436688652754 0.018475438165590836 3.4719195308847928 0.2823158054249529 
[30], 36, 10, 10, 0.001, 0.05, 1, False 1.4215716650433559 36.27581798286634 3.7980945406357716 0.01325452965586376 3.1968820491721526 0.07382231582047062 
[5], 24, 20, 5, 0.001, 0.05, 1, False 1.610237769734252 41.44293369063664 4.65869046865713 0.1315312103431919 8.549076087863858 0.4893542616684173 
[20], 36, 10, 10, 0.001, 0.05, 1, False 1.4975188074564494 36.14624334094905 4.369576047466331 0.02757305932510283 0.6895173360535815 0.17118293457238176 
[5], 36, 10, 10, 0.001, 0.05, 1, False 1.5261528603249674 37.50056162940322 4.305125632049203 0.08766848433307414 1.3810655669151652 0.612985284177101 
[10], 12, 10, 10, 0.001, 0.05, 1, False 1.7966104034955295 56.43281734787954 4.168425694689376 0.05473747941585865 3.8882823060705767 0.1739947319526414 
[30], 1, 20, 10, 0.001, 0.05, 1, False 2.011606116096178 53.14522499842996 5.398795571315978 0.0825196150957241 5.820639955190968 0.18700477214913883 
[15], 1, 20, 10, 0.001, 0.05, 1, False 1.949176658896936 54.51578529708681 5.2308434501597825 0.08006376141865555 4.1364457814431335 0.20936611762660132 
[5], 1, 20, 5, 0.001, 0.05, 1, False 1.9541011120434157 68.58407273411638 5.474447712142335 0.049653979094362734 5.966845432857911 0.22401229913548798 
[5], 24, 10, 10, 0.001, 0.05, 1, False 1.5726458752734784 46.99432488623044 4.45349153655462 0.1425571605809928 6.063010759429139 0.7745471020848153 
[30], 36, 15, 1, 0.001, 0.05, 1, False 1.5635366786754237 31.687032067506152 4.945108756804326 0.07339096008971271 3.5425447146905285 0.6014098523389867 
[20], 1, 20, 5, 0.001, 0.05, 1, False 1.8767860233369795 56.182728169690336 4.987645216588173 0.03813668037406955 1.2014681477064069 0.08011353689824602 
[10], 36, 20, 10, 0.001, 0.05, 1, False 1.4814153125302658 39.51883297270114 3.9999856891944066 0.052310252494260974 1.4956487968669363 0.32855039647072476 
[10], 24, 20, 10, 0.001, 0.05, 1, False 1.4875038381114047 40.92377845391268 3.866301583988046 0.06261615254567916 1.084765713996258 0.25485884760148214 
[20], 36, 15, 1, 0.001, 0.05, 1, False 1.4864814214132451 35.60783101032765 4.27459952661665 0.06668717454325877 1.1371566730688396 0.28282743612041766 
[30], 12, 20, 10, 0.001, 0.05, 1, False 1.5630463381125408 39.70260140010861 4.071091131765478 0.0786418355510502 6.6850896966786735 0.3548999920744418 
[5], 12, 10, 10, 0.001, 0.05, 1, False 1.8047302509968475 56.22753773071933 4.2393781999471924 0.1411799966044038 3.179658660214348 0.4618122985040653 
[5], 36, 15, 1, 0.001, 0.05, 1, False 1.8569661791539849 56.28284174695613 4.968373400530742 0.14416614400560454 7.742788510250453 0.7376023194039258 
[10], 12, 15, 1, 0.001, 0.05, 1, False 2.032605393368888 75.79906864109522 5.666912806072353 0.03267493557331771 1.5992942276603355 0.1300804669976871 
[20], 12, 20, 5, 0.001, 0.05, 1, False 1.5606843905816605 39.01650893038334 3.899272387317465 0.15207292313913695 8.895302448767568 0.43448319969995314 
[5], 24, 15, 1, 0.001, 0.05, 1, False 1.8311826522289598 53.16778095283589 5.303629340098008 0.17480710891428788 7.177807706151027 0.48148356497522604 
[20], 12, 10, 5, 0.001, 0.05, 1, False 1.7783778874824436 56.04399053968374 3.954153726348352 0.015333211323467247 3.318981001626849 0.12003103387714874 
[5], 12, 15, 10, 0.001, 0.05, 1, False 1.8903121936376437 61.43099960863798 4.673014494708702 0.11079949633303851 2.64494524545692 0.5867296215721904 
[30], 36, 15, 10, 0.001, 0.05, 1, False 1.4123083632922284 36.98999304443664 3.7865451750015744 0.015363615205779089 0.8597970673771279 0.20874708079748366 
[5], 12, 15, 1, 0.001, 0.05, 1, False 2.216282128294308 75.07380405576687 6.4458309630801125 0.083385986327319 6.358336157460482 0.7206960389319799 
[5], 12, 20, 1, 0.001, 0.05, 1, False 2.1747897588268468 83.37899566534152 6.597622331323978 0.0778026438887301 7.811027357280021 0.4061455982420658 
[30], 24, 10, 10, 0.001, 0.05, 1, False 1.4378316741574695 33.18004998008379 3.9206456236690994 0.03051241888616193 2.18743219797548 0.05647605030696594 
[30], 24, 20, 5, 0.001, 0.05, 1, False 1.4388697739690544 35.061796493460065 3.8738503108576303 0.010037563558880195 0.965352808508748 0.14215001345730782 
[30], 36, 20, 1, 0.001, 0.05, 1, False 1.5489458599162316 34.4610844241382 4.649782714304013 0.07350907435819395 4.475697077954442 0.38137378755782614 
[30], 24, 15, 1, 0.001, 0.05, 1, False 1.6365857373716095 39.78424053244291 5.278801539895013 0.059698792762413445 2.4779244679067336 0.4810896462914262 
[5], 24, 20, 10, 0.001, 0.05, 1, False 1.566126845238937 41.79010547996657 4.729399849539607 0.07692955733401716 4.071022435193878 0.6888608120111981 
[5], 36, 20, 10, 0.001, 0.05, 1, False 1.4673577733613825 40.45310450359232 3.8070783967825625 0.019621897725917464 0.19691751778093855 0.024825775511381272 
[10], 1, 20, 10, 0.001, 0.05, 1, False 1.9938151346105666 56.7128094311304 5.335818026256418 0.08674855750911788 1.7576501764715018 0.2493466654362967 
[10], 12, 20, 10, 0.001, 0.05, 1, False 1.6975497123543855 49.60952733599274 4.231804488341232 0.20371598224265067 7.339483251620232 0.3976997490085548 
[20], 36, 20, 10, 0.001, 0.05, 1, False 1.439507403949068 36.660676692096786 3.7974576758502123 0.004624662106121941 1.4670038938991492 0.15714557439437069 
[5], 12, 20, 5, 0.001, 0.05, 1, False 2.003318503416246 65.34490079888442 5.363237832564839 0.1314262173299566 2.349011629019333 0.5391715022098282 
[30], 36, 20, 5, 0.001, 0.05, 1, False 1.4514040966759678 34.326331460584946 4.143583766076175 0.056505570593386095 1.1374141782086897 0.47758287375817365 
[20], 12, 10, 10, 0.001, 0.05, 1, False 1.826555496081709 57.83986490267309 4.149843608222906 0.007415433361233958 0.5629918836851594 0.041499216945215786 
[5], 1, 20, 10, 0.001, 0.05, 1, False 1.915599031663603 59.25669675558088 5.20960262432135 0.07752888717892974 2.8573891101822926 0.17540362002839266 
[20], 1, 20, 10, 0.001, 0.05, 1, False 1.9353478575125331 52.04209615966271 5.20876705026075 0.10677229279100225 4.701437551768377 0.2570490314529597 
[20], 12, 15, 1, 0.001, 0.05, 1, False 2.186910000374471 68.55404053646714 6.074483232059091 0.011059416530778602 0.923840851209156 0.08088398837925026 
[30], 24, 20, 10, 0.001, 0.05, 1, False 1.5100889577081908 36.422394024247474 4.184730884605833 0.052487788947256114 0.2948476692318306 0.30472501448959183 
[20], 12, 20, 10, 0.001, 0.05, 1, False 1.7124800368522595 45.818525504333 3.9199216876640004 0.0659332673351484 4.3275171743385945 0.14402976636118872 
[5], 12, 20, 10, 0.001, 0.05, 1, False 1.9123068382894546 61.96939971779481 5.03987727216978 0.17576930676736463 6.534011213659029 0.6489189485540389 
[30], 36, 20, 10, 0.001, 0.05, 1, False 1.501980127290719 39.24740082946969 3.8622418623281445 0.03202451781784574 0.5930682600246604 0.022084134415691868 
