layers lag time_steps epochs l2 learning_rate mean_mae                         mean_mape mean_mse std mae std_mape std_mse 
[5], 24, 1, 1, 0.001, 0.05, 1, False 1.4424607813685997 55.917822510806815 3.568718213018791 0.08917883478966795 4.743247533803956 0.5628622790863858 
[10], 12, 1, 1, 0.001, 0.05, 1, False 3.801752408224813 241.32540584568042 18.47258143333934 0.3777879858099094 24.853135132400237 3.907603010971286 
[15], 24, 1, 1, 0.001, 0.05, 1, False 1.4657003967975335 62.56674011418471 3.414437445091148 0.2306337156092925 18.39742806002168 0.8468982048213362 
[15], 36, 1, 1, 0.001, 0.05, 1, False 1.9647190754448445 111.19882561985418 5.138551271929416 0.3425225981014389 24.285711165172692 1.33526139032967 
[15], 1, 1, 1, 0.001, 0.05, 1, False 2.301539651358811 132.43202363339628 6.855877715442328 0.3384678026667912 27.477669009424876 1.8323168391400027 
[20], 1, 1, 1, 0.001, 0.05, 1, False 2.0781694424399006 114.82532565881637 5.559200101528912 0.15399567041620607 15.391827621078031 0.7981060053717101 
[15], 12, 1, 1, 0.001, 0.05, 1, False 3.0782606832044954 193.63719367969654 14.044952531880803 1.115994909986026 75.69219101472778 9.937734368362667 
[10], 36, 1, 1, 0.001, 0.05, 1, False 2.2948545199801664 134.5142280968938 7.1698344861113705 0.7170456975380627 50.591895296834316 4.377026736350076 
[10], 1, 1, 1, 0.001, 0.05, 1, False 2.1983232378235296 125.1998399296517 6.347604079603333 0.2808619164314649 25.99414695595352 1.3869027301528307 
[10], 24, 1, 1, 0.001, 0.05, 1, False 1.6884671156510231 81.71608225713773 4.158541008951266 0.2793382052667867 29.341876469591586 0.9261540364686379 
[5], 36, 1, 1, 0.001, 0.05, 1, False 1.541924825800945 75.50135640527536 3.249058155044341 0.12086810086859909 15.694978987190158 0.30475457831666464 
[30], 24, 1, 1, 0.001, 0.05, 1, False 1.8914764191412055 104.48071031592274 4.930417287197326 0.20004136806418987 16.030350922582404 1.0347912734367148 
[30], 36, 1, 1, 0.001, 0.05, 1, False 1.9722637348221959 114.3371672446275 5.516055648404993 0.32788099782686675 22.310789507430496 1.5325946088274547 
[20], 24, 1, 1, 0.001, 0.05, 1, False 1.5172827373138043 60.27110867479291 3.8688624309957915 0.10590694262289033 10.070608560210072 0.9439320568146089 
[30], 1, 1, 1, 0.001, 0.05, 1, False 2.2816331901949733 133.5677265675674 6.683866042893004 0.21322053518644424 18.734537011121915 1.277243614249055 
[30], 12, 1, 1, 0.001, 0.05, 1, False 2.295332478881917 140.1107385244712 7.131295508294031 0.14071396215250576 11.544256746628301 0.9143467660689792 
[20], 12, 1, 1, 0.001, 0.05, 1, False 2.3413631827311803 141.21528321934184 7.47884285271586 0.12095954236918524 8.959133671053332 0.6197904374508357 
[20], 36, 1, 1, 0.001, 0.05, 1, False 2.044635477562918 112.81913186833715 5.725055010429997 0.18018579220698389 12.332784050684717 0.4917295109736907 
[5], 12, 1, 1, 0.001, 0.05, 1, False 3.5100403211579696 218.2051663524427 16.470206982027868 0.7961053415103335 52.965068198220045 7.1846850136124445 
[5], 1, 1, 1, 0.001, 0.05, 1, False 3.6487194018507445 228.99945526391204 16.566629230635765 0.20032650456627973 13.955329945952087 1.9533154621725126 
[10], 24, 1, 5, 0.001, 0.05, 1, False 1.716634366209446 80.63604789770353 4.667204783329829 0.3937366493529467 41.96062967547825 1.6399605802271913 
[5], 24, 1, 5, 0.001, 0.05, 1, False 2.127680600826905 94.89481095606233 7.130616052372638 0.779927516895793 17.513735269313777 4.844670014814905 
[10], 24, 15, 5, 0.001, 0.05, 1, False 2.1779311775126393 133.10013628781326 5.958908905914714 0.40470967249218354 26.918379993302196 2.0763411925977935 
[10], 12, 1, 5, 0.001, 0.05, 1, False 2.5220802583895554 149.73780010503708 8.907812618693882 0.5542413090536575 48.15477145045191 3.254413429793664 
[30], 12, 15, 5, 0.001, 0.05, 1, False 2.148261485880034 135.2205003094514 5.841934313824869 0.061154756099371606 5.6018996310091556 0.4127969537152859 
[30], 24, 1, 5, 0.001, 0.05, 1, False 2.223045897871877 124.9507523225174 6.700964958938342 0.2706431724095566 22.68719064007194 1.23346580164986 
[30], 36, 15, 5, 0.001, 0.05, 1, False 2.5452686544059335 153.69287715829367 7.859992769201465 0.2548227969644047 15.385851917701778 1.4661025944649275 
[5], 12, 15, 5, 0.001, 0.05, 1, False 1.7838658365369258 108.18329442351097 4.232053371556658 0.17134202159807108 15.602273672875189 0.9082014223894992 
[30], 36, 1, 5, 0.001, 0.05, 1, False 2.190207014132412 113.05729673935775 6.959699554999119 0.15685954686602932 19.93052431318932 0.5985115457670193 
[30], 24, 15, 5, 0.001, 0.05, 1, False 2.4888474826597506 154.06687781906314 7.537724634752876 0.22025358691599126 14.984014694828748 1.4500712015512893 
[5], 24, 15, 5, 0.001, 0.05, 1, False 1.5051910995798945 89.04168871386032 3.2416624819247204 0.5029736800917057 36.01058744483824 1.7019966941149614 
[10], 1, 15, 5, 0.001, 0.05, 1, False 4.556158954398362 283.3549400525056 26.615359807691856 0.3876997545986612 18.641257023452965 3.5987230305476183 
[10], 12, 15, 5, 0.001, 0.05, 1, False 2.0108837774230377 123.90912426747663 5.040867436952014 0.06984962695883251 5.4064286334039355 0.40033235392444044 
[15], 36, 1, 5, 0.001, 0.05, 1, False 2.377126167546009 118.8780710356779 7.841881147328881 0.257785203507004 26.678698644383676 1.0306618668839864 
[15], 24, 1, 5, 0.001, 0.05, 1, False 1.8709145094509474 97.51178353897335 4.922652727263873 0.2786875909925574 21.969746440009974 1.2404430629719077 
[15], 1, 1, 5, 0.001, 0.05, 1, False 3.8980142439353394 248.0545277779215 20.500593887926758 0.8615699714831994 57.32537080587749 8.33113292543835 
[15], 24, 15, 5, 0.001, 0.05, 1, False 1.7302285172717857 105.83332504421394 3.9654988283820827 0.2400250801604073 15.99627062782956 0.8242874460670752 
[20], 1, 1, 5, 0.001, 0.05, 1, False 4.32363534115117 277.65835855529565 24.37497489434804 0.3844779644424123 25.411203278817286 4.344079939625162 
[10], 36, 1, 5, 0.001, 0.05, 1, False 1.6832280122728898 80.96433802064126 4.7808550635915275 0.2079437442224128 25.99964358389726 0.8347413576860743 
[15], 1, 15, 5, 0.001, 0.05, 1, False 4.188196146708948 258.1871719357999 22.4865317436291 0.21336491573669983 13.686913135136772 2.1799264838044614 
[15], 12, 1, 5, 0.001, 0.05, 1, False 2.680263561865798 161.48326817907707 10.284632078517994 0.4246661815176224 28.036590326070172 2.552081618655746 
[15], 36, 15, 5, 0.001, 0.05, 1, False 2.769409067049209 167.64430537980056 9.837996417048064 0.7022412611911515 44.56583463498427 4.93260060532678 
[10], 24, 5, 10, 0.001, 0.05, 1, False 2.0447512953024773 126.7914427517303 5.282616916198147 0.21270947242104932 14.589434204745226 1.1372418350336093 
[10], 1, 1, 5, 0.001, 0.05, 1, False 3.241581265638686 200.40321690890255 17.77701449615741 1.720643315137381 118.35052356089847 17.78181552547852 
[20], 1, 15, 5, 0.001, 0.05, 1, False 3.9889559509163655 246.90522562342508 20.705267018513144 0.3865157751654303 20.985965515270255 3.590143653582918 
[30], 1, 1, 5, 0.001, 0.05, 1, False 4.4644045340242196 289.83001573753046 26.341860948367398 0.0473223726572582 3.491266963413152 0.6559704446945032 
[20], 24, 1, 5, 0.001, 0.05, 1, False 1.949585067389395 97.72086317468414 5.510776562316209 0.20533473928699203 19.652811233750644 0.883739524394065 
[5], 36, 1, 5, 0.001, 0.05, 1, False 1.8329059546925472 77.82399575289145 5.3768028330778606 0.2745517395201789 11.739859526423864 1.575816888765088 
[30], 12, 1, 5, 0.001, 0.05, 1, False 3.0334891867168525 189.85868258165684 12.283019267029834 0.0996059585910163 7.1842185898193085 0.7762563321757977 
[15], 12, 15, 5, 0.001, 0.05, 1, False 1.9225504787742267 120.21848209246616 4.734446830617471 0.19514906331029633 13.13646932197781 0.8716568384674719 
[20], 12, 1, 5, 0.001, 0.05, 1, False 2.973139774266423 182.222848636545 11.947328979175994 0.24008349476849686 14.985006110063402 1.7503558664677352 
[10], 36, 15, 5, 0.001, 0.05, 1, False 2.5503581015255166 150.70620269645494 8.07892865867187 0.39312799474424226 23.796617650556684 2.496364210955129 
[20], 36, 1, 5, 0.001, 0.05, 1, False 2.0086332380638785 101.63780563865639 6.115622072366805 0.3172235730180157 25.75629472493054 1.3563829744594966 
[5], 1, 1, 5, 0.001, 0.05, 1, False 3.2539600861586497 199.38107982536602 16.81492535055575 1.5773027151145715 106.23741468321586 15.476744850245153 
[5], 12, 1, 5, 0.001, 0.05, 1, False 3.4067649729265312 211.08581165951202 16.630901175385983 1.0087379317758915 72.45979306955495 8.470894893202985 
[20], 24, 15, 5, 0.001, 0.05, 1, False 2.177576227013574 132.80152261274293 5.672058013561824 0.06343149647000075 2.905629123562751 0.2895171353111753 
[20], 12, 15, 5, 0.001, 0.05, 1, False 1.9355397857104741 121.77590415775627 4.703485999628964 0.08909176462681055 6.431389416753015 0.46899675702592414 
[30], 1, 15, 5, 0.001, 0.05, 1, False 3.995903500790398 245.423871383352 20.450245950661387 0.03923512639959579 2.356442339276693 0.39007598636664276 
[20], 36, 15, 5, 0.001, 0.05, 1, False 2.36971550126629 142.24141272466204 6.853874914060417 0.2290878240978173 14.789183750946929 1.0486349286025864 
[10], 24, 10, 1, 0.001, 0.05, 1, False 1.566643230275562 92.41772745174205 3.210650026471532 0.21010360454968188 13.983457731954424 0.6897185120897243 
[5], 36, 15, 5, 0.001, 0.05, 1, False 1.5235510494215072 90.41069254423935 3.0162071726577957 0.27928040635306395 18.31091142011655 0.9170733065270594 
[30], 36, 5, 10, 0.001, 0.05, 1, False 2.545558669004176 154.5824279610859 7.77410778730611 0.1891371617759732 11.63280652024617 1.1476422924556462 
[30], 24, 5, 10, 0.001, 0.05, 1, False 2.0785240555596025 129.34432727084211 5.447562113811678 0.15573157446360478 11.277289403852205 0.818116245403362 
[5], 12, 5, 10, 0.001, 0.05, 1, False 3.5980658040519944 227.65710406572313 16.276778218667857 0.1243970008809525 5.571164592363219 0.8518542540913066 
[5], 1, 15, 5, 0.001, 0.05, 1, False 3.8322276579595553 243.7995207842406 18.90164495244521 0.519456550768839 29.975178921669936 4.800956642642083 
[5], 24, 5, 10, 0.001, 0.05, 1, False 1.4021236272106226 68.05965601587191 2.948917238435451 0.21339526115929403 13.017850495609753 0.8196909638851797 
[10], 12, 5, 10, 0.001, 0.05, 1, False 3.269022706796036 208.13931414051788 13.639164035910634 0.2033576182566373 9.575428003904806 1.4197635838917275 
[10], 1, 5, 10, 0.001, 0.05, 1, False 4.10625120199251 244.0591334093509 20.309650691026288 0.18772766313739028 7.077134809442788 1.470946696650453 
[15], 12, 5, 10, 0.001, 0.05, 1, False 3.34069289225671 214.38505530414298 14.47215485630263 0.20955668199078492 11.522897112538162 1.5823340048354744 
[10], 36, 5, 10, 0.001, 0.05, 1, False 3.1428800812939666 186.85808978086993 12.637923893850166 0.578610079113366 33.232721756877474 5.099875218651313 
[20], 1, 5, 10, 0.001, 0.05, 1, False 3.6779857245101426 224.59021434972533 16.53863119530293 0.07585154696857403 6.045579764465121 0.7682568172007722 
[15], 24, 5, 10, 0.001, 0.05, 1, False 1.468174028741541 86.49588407238025 2.8181329516831446 0.07232037211181634 6.7774629055315385 0.3250506548875503 
[30], 36, 10, 1, 0.001, 0.05, 1, False 2.6133750771931203 160.75039956836278 8.455778891417799 0.05370841916106798 4.499043058544714 0.5649128592767029 
[5], 12, 10, 1, 0.001, 0.05, 1, False 3.0512642633885636 191.56531447658404 12.832689617919627 0.7142698845762887 51.495735619038484 5.121682672526169 
[30], 24, 10, 1, 0.001, 0.05, 1, False 2.147989218519932 135.87063903539516 5.9063489311740796 0.17320671901758491 12.038384484238744 1.0726409522523266 
[5], 24, 10, 1, 0.001, 0.05, 1, False 1.1685150240461726 56.309419916390404 1.9138853241578093 0.20096672228987414 21.598583443244056 0.4002713493288942 
[15], 36, 5, 10, 0.001, 0.05, 1, False 2.368012169910664 143.18998307455124 6.957691398672928 0.23595187819618807 15.19143342067762 1.1963948863828617 
[15], 1, 5, 10, 0.001, 0.05, 1, False 3.7255072914650325 227.64218117003466 17.029453696293263 0.16506959374755972 11.134317359800644 1.5613422876228997 
[10], 12, 10, 1, 0.001, 0.05, 1, False 3.2164262215848325 205.9667447490092 14.027971713348302 0.7025283091465268 45.1197756178582 5.395460137327516 
[10], 1, 10, 1, 0.001, 0.05, 1, False 3.336704369375689 215.5309896596826 14.443271065173063 0.12316643227395227 7.617290472105679 1.0456696383586606 
[10], 36, 10, 1, 0.001, 0.05, 1, False 1.808867679881277 109.32324736796313 4.023573181849139 0.09531980097169025 3.6411144999148832 0.3815856832047129 
[15], 12, 10, 1, 0.001, 0.05, 1, False 3.017296772401918 194.02302999945792 11.983520657605524 0.4194380705937452 25.086488628174834 2.972044866302047 
[20], 1, 10, 1, 0.001, 0.05, 1, False 3.1438394704212747 204.4077817584418 12.95733440740546 0.0645208850087923 3.7652551331088673 0.47124069466464913 
[20], 12, 5, 10, 0.001, 0.05, 1, False 3.0969612686687884 198.18749981221436 12.418811080919363 0.09579947951482685 5.889353028742458 0.7432248198055327 
[10], 24, 1, 10, 0.001, 0.05, 1, False 2.0379336588084698 79.98353922649973 6.811526430461565 0.5119858034274088 15.099128024778196 3.1455334198974896 
[20], 36, 5, 10, 0.001, 0.05, 1, False 2.305848719117542 136.63247818505815 7.059205758627254 0.6647497244582666 41.493721320025294 3.999766013443502 
[15], 24, 10, 1, 0.001, 0.05, 1, False 1.8351440026890489 113.78416972542705 4.773985415629797 0.5825464624864936 40.46778439376184 2.8692212425971984 
[30], 1, 5, 10, 0.001, 0.05, 1, False 3.5742504095520693 213.46700770382589 15.339228089193691 0.21041122862865794 7.841024223856025 1.4554559033616026 
[5], 24, 1, 10, 0.001, 0.05, 1, False 2.0849639385031034 68.95363882723166 7.223317974219182 0.5263141306551056 21.83496926292558 2.8014861055809033 
[15], 36, 10, 1, 0.001, 0.05, 1, False 2.022212589442454 122.18105780907861 5.2237979623851 0.4027476715052489 28.37358006420641 2.0140221486320926 
[30], 12, 5, 10, 0.001, 0.05, 1, False 3.1241415736713893 201.5837448996995 12.940994631405282 0.022046111403329353 2.0901120135525577 0.2556423033022872 
[15], 1, 10, 1, 0.001, 0.05, 1, False 3.204731016837199 208.17412739937356 13.452262541250613 0.014345873481545169 0.8839865200566469 0.10697612652371916 
[20], 24, 5, 10, 0.001, 0.05, 1, False 1.5438363218248856 90.95711028821869 2.997729483290684 0.04567220414318511 3.634331040901692 0.24282749244687654 
[30], 24, 1, 10, 0.001, 0.05, 1, False 2.446987137221732 135.78305433529493 8.392410601596625 0.4848134882604574 36.23504949914682 2.4593334397601447 
[10], 24, 5, 1, 0.001, 0.05, 1, False 1.5904484593257726 93.39169585488844 3.550109212502297 0.47241874874450823 32.07376332040015 2.0535272270631513 
[30], 36, 1, 10, 0.001, 0.05, 1, False 2.6115263095083523 132.18599668321332 9.431924642700265 0.43212255256466725 28.438631971137376 1.948721821307902 
[5], 36, 5, 10, 0.001, 0.05, 1, False 1.9865277767888514 113.1220013799159 5.084384895364372 0.47474097561238715 28.49833901911757 2.7277940183159695 
[10], 24, 10, 5, 0.001, 0.05, 1, False 1.7155861315058754 106.04091590071086 3.7726902098113584 0.26207091237865127 16.27798472883361 0.9319241369133221 
[20], 12, 10, 1, 0.001, 0.05, 1, False 2.4963881077417347 161.06897414658764 8.19108978435848 0.16451459418242656 10.735699221585298 1.0395981532161975 
[5], 1, 5, 10, 0.001, 0.05, 1, False 3.544982511388069 227.91495382376183 16.15984643478814 0.08034164637117212 4.647045704573704 0.6764156856447632 
[20], 36, 10, 1, 0.001, 0.05, 1, False 1.981023293007511 122.63306108149159 5.014785967326014 0.25853431039814223 15.280951705229421 1.1162735410815738 
[5], 24, 5, 1, 0.001, 0.05, 1, False 1.8381349814158903 109.48350195174176 5.040980659035043 0.653855568625437 48.20254564839611 3.2314418842069066 
[30], 1, 10, 1, 0.001, 0.05, 1, False 3.151561569484572 205.03396260387612 13.062338558686458 0.017376111671133506 1.2411798612182714 0.12212212124766265 
[10], 12, 1, 10, 0.001, 0.05, 1, False 2.747357379832977 155.6549738829074 10.245586697311566 0.14984201023892266 28.626648394763762 1.1156906068672732 
[20], 24, 10, 1, 0.001, 0.05, 1, False 1.6517964122920403 98.827240570244 3.38224910488162 0.23296720173419452 17.497601615459168 0.8207531845949196 
[30], 12, 10, 1, 0.001, 0.05, 1, False 2.3892845913871295 155.61850357627947 7.615366689839259 0.15138919264775177 9.074288596574931 0.9911064454700272 
[5], 36, 10, 1, 0.001, 0.05, 1, False 1.8606652736060185 117.26562458019275 4.51707312288325 0.26636872142248014 17.093668864091548 1.179148230057307 
[30], 24, 5, 1, 0.001, 0.05, 1, False 1.8468741063752938 113.94278037452837 4.489171747354207 0.25440431275040853 20.193384322094126 1.3427846407839292 
[5], 1, 10, 1, 0.001, 0.05, 1, False 3.850207662089142 246.26924164127684 19.007918807480575 0.11485070312725344 6.651633841771106 1.052569267481489 
[30], 36, 15, 10, 0.001, 0.05, 1, False 2.6139096515701596 157.21952425081713 8.12326297474451 0.2794934059938381 17.203911274164334 1.796029568284457 
[30], 36, 5, 1, 0.001, 0.05, 1, False 2.4811769421022665 157.0691593174371 7.909328123135782 0.36508921479234413 21.487431808444743 2.0478934310242707 
[30], 24, 15, 10, 0.001, 0.05, 1, False 2.3842895781793807 146.01400363877397 6.767402382000114 0.08888390648029058 5.4153132041985055 0.4832348063398947 
[30], 12, 15, 10, 0.001, 0.05, 1, False 2.0675522308796648 130.0147879958616 5.354489979358848 0.06694702179764407 4.397518293237121 0.37546949849729155 
[30], 24, 10, 5, 0.001, 0.05, 1, False 2.3540580536618276 145.6342609492328 6.822760949824211 0.2971384240247737 19.444309497270876 1.7796529777859564 
[30], 36, 10, 5, 0.001, 0.05, 1, False 2.1227369899913255 126.90056999367754 5.738329423283235 0.510622163993496 32.07071490638715 2.6009592431907618 
[15], 1, 1, 10, 0.001, 0.05, 1, False 5.602864024722606 361.91280260121107 42.55570683651511 0.26436841359971036 14.15562667452301 3.7246027072376187 
[5], 12, 10, 5, 0.001, 0.05, 1, False 2.6070320744964266 157.58459046220722 8.269418430530074 0.1766072218634098 10.491441692224846 0.9594827755500109 
[15], 24, 1, 10, 0.001, 0.05, 1, False 1.6475335582036577 64.99248058948523 4.651167382770068 0.01779192860374979 13.10747040906142 0.32585738902601147 
[10], 36, 1, 10, 0.001, 0.05, 1, False 2.2065623940977583 99.8504372998422 7.873078863742063 0.15550420950138 11.094954395960857 0.6485802007996166 
[5], 24, 10, 5, 0.001, 0.05, 1, False 1.5975580833559098 98.38599768147212 3.4105269078297193 0.3031953585613007 24.462171617433796 1.4444530885988531 
[15], 36, 1, 10, 0.001, 0.05, 1, False 2.182160188169197 113.08693455016845 7.505380735802277 0.19950819141786572 27.261742677098713 0.3326215128127375 
[10], 12, 5, 1, 0.001, 0.05, 1, False 3.637051628723189 236.33677368565736 17.564011644293515 0.2792181407298684 18.686394793113887 2.7372874664481417 
[20], 1, 1, 10, 0.001, 0.05, 1, False 5.157311302075094 339.6792302747149 36.81078974772919 0.08029333569347183 6.187516405134477 1.394436984480018 
[15], 12, 1, 10, 0.001, 0.05, 1, False 2.9473599240563257 176.05185897564738 11.956651699521117 0.1323970100114673 7.663426114327557 0.9165374233887419 
[10], 24, 15, 10, 0.001, 0.05, 1, False 2.267136196578267 137.30018708850574 6.310001547935076 0.4028048894911406 24.94174708777019 2.0313203483563966 
[30], 36, 20, 1, 0.001, 0.05, 1, False 2.305292231003168 140.49741248258096 6.619640021797859 0.054748452775663 4.098448845863233 0.08253249068836893 
[20], 12, 1, 10, 0.001, 0.05, 1, False 3.092528324449194 186.27909504820937 12.94258693895038 0.06403616599439588 6.564427662528149 0.6281967422196292 
[30], 24, 20, 1, 0.001, 0.05, 1, False 2.250203226748164 140.81932845089452 6.3520962922564905 0.11120985471125067 8.350208691757302 0.6819249481714867 
[30], 12, 20, 1, 0.001, 0.05, 1, False 1.931301574829828 119.96418053942703 4.596462400379856 0.0947549251043522 7.439856153042488 0.5447737885368528 
[30], 1, 1, 10, 0.001, 0.05, 1, False 5.155405985463964 336.75282927423905 37.65668367705123 0.18708032742772 8.117949835161433 2.294317830390341 
[10], 1, 10, 5, 0.001, 0.05, 1, False 4.12755581346789 251.0141383295617 21.02758898290294 0.26703509626143845 14.411998656761437 2.5601542750928306 
[10], 12, 10, 5, 0.001, 0.05, 1, False 2.4977275616385874 156.38685082732042 8.09446869717879 0.2729933824229166 17.46108452883064 1.7183540923045428 
[30], 12, 1, 10, 0.001, 0.05, 1, False 3.1316840445467578 189.6612220648359 13.045805956474604 0.07118113123679312 6.429886967062969 0.33381723719796397 
[20], 24, 1, 10, 0.001, 0.05, 1, False 2.0697066208873705 104.31722297106138 6.521987807548922 0.32523387784564334 25.576723854229055 1.6930106903192979 
[5], 12, 15, 10, 0.001, 0.05, 1, False 1.5730800213171516 95.94085791585154 3.458318933220646 0.28208398870464163 19.133482297196085 1.009349269949381 
[10], 12, 15, 10, 0.001, 0.05, 1, False 1.8899069342624264 117.71910418421375 4.523451055297884 0.14853465374549799 10.23991597245179 0.7118455376444646 
[5], 24, 15, 10, 0.001, 0.05, 1, False 1.8111248260924455 107.62878557999095 4.925386416334754 0.7384804925905484 54.77036433519389 3.3667981018225683 
[10], 1, 15, 10, 0.001, 0.05, 1, False 4.31453040678537 268.348273693836 24.239258415235557 0.3317153533804797 14.115684050247722 2.7810555336651124 
[20], 36, 1, 10, 0.001, 0.05, 1, False 2.6223117195850203 136.46298113598422 9.422058388007933 0.46726660506972945 34.6296000077747 2.396664803029131 
[20], 1, 10, 5, 0.001, 0.05, 1, False 3.935709961696908 237.77040704106594 19.457385281718732 0.25804449273592506 16.92565536405613 2.352180998767802 
[15], 12, 10, 5, 0.001, 0.05, 1, False 2.681307503449972 167.19399234932033 9.032258458245238 0.15153631039803306 8.525409299827983 0.8812090346279702 
[10], 36, 10, 5, 0.001, 0.05, 1, False 2.5181305739149042 150.6972769727695 8.227170557374732 0.7234330992249989 45.00455106090687 4.098984204283543 
[15], 1, 5, 1, 0.001, 0.05, 1, False 3.2557238391117647 211.78662222435 13.943686789359765 0.03666846581874163 2.5015149622014277 0.3483021769809391 
[10], 1, 1, 10, 0.001, 0.05, 1, False 4.650497819617804 298.07893691021263 28.63324403474257 0.6063551665412947 38.370452408511206 7.889783326142278 
[15], 24, 5, 1, 0.001, 0.05, 1, False 1.4370512347616673 80.89745351667985 2.5166281587929293 0.16407703463573056 13.770226927267728 0.5008378305810913 
[10], 24, 20, 1, 0.001, 0.05, 1, False 1.536065228702501 85.93755500619352 3.1745215932503577 0.1871614068593722 19.600065518003156 0.7536085033672597 
[10], 36, 5, 1, 0.001, 0.05, 1, False 2.097699276695925 122.80259581715916 5.5853969750080275 0.3184459538835966 18.01171878901288 1.2952052556839317 
[15], 36, 5, 1, 0.001, 0.05, 1, False 2.722414208752 173.47292801336866 11.331100215997635 1.141305851313247 72.26338158965802 9.044375247492834 
[20], 1, 5, 1, 0.001, 0.05, 1, False 3.3208099782915306 215.49382692020072 14.447959947340209 0.07846063522044144 5.143091136045159 0.7204104610368839 
[10], 24, 5, 5, 0.001, 0.05, 1, False 1.8575776609488661 113.11915505909245 4.7954339473834136 0.5183189793220832 36.40609310644119 2.6628374881761028 
[5], 36, 1, 10, 0.001, 0.05, 1, False 2.342551189968018 136.5092786226327 7.45431573800366 0.1814855098376635 7.592765054685979 1.1403811923082647 
[15], 1, 10, 5, 0.001, 0.05, 1, False 3.9459105969268697 237.7441552674865 19.649185817844046 0.12232910214667272 11.728864600716024 1.5022738119418688 
[15], 12, 5, 1, 0.001, 0.05, 1, False 3.3508173724429473 217.3830130017486 14.896595588952595 0.23855995094999796 15.219282033568696 2.103172452370826 
[15], 24, 10, 5, 0.001, 0.05, 1, False 1.9606707410714417 120.74114470638244 4.849460595057579 0.07639776778887751 4.6509627010998305 0.3469398152116715 
[5], 1, 1, 10, 0.001, 0.05, 1, False 5.397008309296022 340.8057058029598 40.943302998927685 1.5554973950015023 94.03588344950765 21.316515709182216 
[20], 12, 5, 1, 0.001, 0.05, 1, False 3.393158204943218 220.11713863680941 15.400936326461332 0.3096263182913236 17.580090819052998 2.3814811009184287 
[15], 36, 10, 5, 0.001, 0.05, 1, False 2.2539497440611878 134.3959810175411 6.0999175670774335 0.23684307650009695 15.349413511259591 1.2304170237300682 
[30], 1, 5, 1, 0.001, 0.05, 1, False 3.158539116196335 205.9472349896325 13.183867323079182 0.040437928826160006 2.4519322520043643 0.3238064644684223 
[5], 12, 1, 10, 0.001, 0.05, 1, False 2.8363582978387263 172.32391574680992 11.846590444385342 0.7965451586631206 57.157659852538224 6.145379192027221 
[5], 24, 5, 5, 0.001, 0.05, 1, False 1.272751809542792 65.73138497088225 2.212049456219711 0.16356909693306862 10.205085370354448 0.642104946666499 
[5], 12, 20, 1, 0.001, 0.05, 1, False 3.651170819890858 230.91370074996112 17.789472692617124 0.958816070701612 56.55701029041672 8.763233399871316 
[5], 24, 20, 1, 0.001, 0.05, 1, False 1.6000601452016445 96.40338642938985 3.5750458346020686 0.30232195444356724 20.92680431026788 1.3250281054490483 
[10], 1, 20, 1, 0.001, 0.05, 1, False 3.1175539412639215 202.15517192349571 12.75432914736853 0.2947063597109272 17.785611752198882 2.299188927407265 
[10], 12, 20, 1, 0.001, 0.05, 1, False 2.068631154250492 131.5591928503843 5.654619238673463 0.31096425873509026 22.5976807257714 1.725925590180915 
[15], 1, 15, 10, 0.001, 0.05, 1, False 4.2451360782297956 260.31568963230876 22.973912388139933 0.2176168816886305 11.208653437870868 2.1630982028327232 
[30], 12, 5, 1, 0.001, 0.05, 1, False 3.0184602205710553 194.0874653203352 12.21247803753828 0.22978236345416972 17.18819530520593 1.7927442010024266 
[20], 24, 5, 1, 0.001, 0.05, 1, False 1.612583477172518 89.17012858347933 3.2829240520617162 0.05866234060328312 11.088574718862237 0.27520725816033625 
[20], 36, 5, 1, 0.001, 0.05, 1, False 2.2697462144135327 141.34286481021843 6.623502739186642 0.10970637406845851 12.41489045128421 0.8448791938630787 
[15], 24, 15, 10, 0.001, 0.05, 1, False 2.2748499276633893 138.72763073851263 6.638833808641519 0.5822832457241892 37.65908485714814 3.52128196752035 
[30], 36, 5, 5, 0.001, 0.05, 1, False 2.6965470605702317 165.39708324801617 8.920310358531912 0.26240152650895554 15.065598760031756 1.5631088829029336 
[30], 24, 5, 5, 0.001, 0.05, 1, False 1.8371818627472276 112.25234852066438 4.1942113668103085 0.1538769445383706 10.712707814793268 0.636581220293228 
[15], 36, 15, 10, 0.001, 0.05, 1, False 1.8824069795871363 112.29449919854216 4.429257720895389 0.30734574529528663 18.21010180556998 1.418368639690851 
[20], 12, 10, 5, 0.001, 0.05, 1, False 2.602929148916155 164.9098866636132 8.63648593969068 0.13070979763737148 7.087900834833527 0.7288676156804779 
[10], 1, 5, 1, 0.001, 0.05, 1, False 3.6168760683594474 233.22372636342664 17.038426606421638 0.15969764975303677 9.407870703270339 1.4113650353109435 
[20], 1, 15, 10, 0.001, 0.05, 1, False 3.958324177935719 242.3832392000172 20.084746078084123 0.13509253060760298 7.9694666241870395 1.3855905186422584 
[20], 36, 10, 5, 0.001, 0.05, 1, False 2.5454056791616257 153.41229801040808 7.934717947025468 0.33312979806330933 22.736288629422674 2.0723571047650475 
[30], 1, 10, 5, 0.001, 0.05, 1, False 3.44837953782192 203.9744045566484 14.90265066437623 0.12465330132082306 9.350956345150363 1.1387102895004726 
[10], 36, 15, 10, 0.001, 0.05, 1, False 2.1069436966269106 126.45036221570247 5.456475754563351 0.17908946050880786 13.658118598161273 0.8604081579610915 
[5], 36, 5, 1, 0.001, 0.05, 1, False 1.8108385317889908 97.16744624121748 4.356017033309423 0.4030998364449501 36.069638867323775 1.51577260105347 
[15], 12, 15, 10, 0.001, 0.05, 1, False 1.8925849277457154 117.68055317781018 4.487941588315457 0.06873143425815598 5.416214550645755 0.33046505908259394 
[5], 1, 5, 1, 0.001, 0.05, 1, False 4.0182835270236765 257.28970099391654 20.89470025384278 0.13643124809012727 8.147440892807523 1.3398516235302325 
[5], 12, 5, 1, 0.001, 0.05, 1, False 3.112689749039365 200.42679051416258 13.007646218256212 0.5070486905788836 31.992535017147052 4.235109172574701 
[20], 24, 10, 5, 0.001, 0.05, 1, False 2.166321028548259 133.70131208953734 5.811415018255478 0.26130051461288784 16.879005515017123 1.304185698541003 
[30], 12, 10, 5, 0.001, 0.05, 1, False 2.5298856762203354 160.05781316919402 8.269326204225797 0.07788143353253472 3.99540369536207 0.5186058754011648 
[15], 1, 20, 1, 0.001, 0.05, 1, False 3.3785814711272164 218.7605247279732 14.950675830911337 0.22528218088581067 14.116360163323652 1.9800730376628195 
[5], 36, 10, 5, 0.001, 0.05, 1, False 1.773190283044069 103.04844504398436 3.8412947204376433 0.30015818455010146 17.931446424214617 1.1159217450195575 
[15], 24, 20, 1, 0.001, 0.05, 1, False 1.57378066400135 92.65552141293746 3.1859560301793333 0.1247812762699185 9.970789067507877 0.38915761278004674 
[20], 12, 15, 10, 0.001, 0.05, 1, False 1.9992256190731295 124.39444736411058 5.0384518126294076 0.2133237322003232 14.822151068868937 1.226603491445334 
[15], 36, 20, 1, 0.001, 0.05, 1, False 2.551655784238958 159.28084993480147 8.102601761258468 0.22086120503824883 15.27945816422643 1.4773251988911082 
[5], 1, 10, 5, 0.001, 0.05, 1, False 4.259219100309053 263.6764372784965 22.355515646516707 0.19528972225177652 11.233721942289522 1.7704102953458036 
[20], 36, 15, 10, 0.001, 0.05, 1, False 2.4309324577830185 144.7564431099736 7.0583256064780855 0.19618682561266668 12.911515324050548 1.2422065340694863 
[20], 1, 20, 1, 0.001, 0.05, 1, False 2.7903183056559 183.15778664195258 10.443119349167219 0.13540752210456133 8.715007930156714 0.960233124322834 
[10], 12, 5, 5, 0.001, 0.05, 1, False 3.555513262493467 224.57553276323884 15.948426685938635 0.10468984148132081 9.920905010281539 1.2972418003127406 
[20], 24, 15, 10, 0.001, 0.05, 1, False 1.967160092932345 119.36295993699065 4.7034144409966725 0.156411276104167 11.70017622186177 0.7621612274510235 
[30], 12, 20, 5, 0.001, 0.05, 1, False 2.222576619619159 138.5822094619033 6.315602805575618 0.1392432080424722 10.626316061955093 0.9020201999441202 
[30], 1, 15, 10, 0.001, 0.05, 1, False 3.7494694601192537 228.2070235239975 17.905678330365248 0.14496407205538497 9.193349522777059 1.3238431985588557 
[30], 36, 20, 5, 0.001, 0.05, 1, False 2.463029358604992 149.80067859963813 7.3184953729074875 0.14826758849403354 9.389415585709433 0.8495966344697017 
[10], 36, 20, 1, 0.001, 0.05, 1, False 2.3607011428465032 145.99129100433163 7.893734150334296 0.8167811913468347 50.16796860976495 5.438514361076781 
[30], 24, 20, 5, 0.001, 0.05, 1, False 2.75071062438397 168.61054040219395 9.079519532381696 0.0694708619157362 4.807361564064326 0.5453590876635265 
[15], 12, 20, 1, 0.001, 0.05, 1, False 1.8379198994280561 114.39558443634037 4.422724226197453 0.2465388988969111 17.59948663179006 1.175222968022235 
[5], 1, 15, 10, 0.001, 0.05, 1, False 4.820118154826815 295.88819466443164 29.116584271383775 0.3220629158056454 15.198140988448827 3.8185917265382874 
[5], 36, 15, 10, 0.001, 0.05, 1, False 1.8423365459294512 106.31361632256984 4.418055507698735 0.31481577231810387 24.72987479109451 0.9512259152170641 
[15], 24, 5, 5, 0.001, 0.05, 1, False 1.8816179433078677 113.42931739585997 4.67867269006569 0.3888445287627227 31.644868018110675 1.5904959030357788 
[15], 1, 5, 5, 0.001, 0.05, 1, False 3.7228178919086035 234.75693940296836 17.38297259163789 0.12122346637195883 6.696024002607617 0.9978297439379576 
[30], 24, 10, 10, 0.001, 0.05, 1, False 2.1277024936551854 130.22954356118552 5.685103725984201 0.391555235902909 25.913966902773645 2.033973086430387 
[20], 12, 20, 1, 0.001, 0.05, 1, False 1.9260492417478456 120.53986013428619 4.661967304545406 0.05016973075291202 3.7520195777933405 0.24066221995574158 
[10], 24, 20, 5, 0.001, 0.05, 1, False 2.3616344899939445 146.85854332402462 7.042164396820271 0.35619658069017296 22.950970962271462 1.8873817769005428 
[10], 24, 10, 10, 0.001, 0.05, 1, False 1.7113198390627211 101.8516957959137 3.849511251234977 0.3670941904946505 28.817463505421372 1.4059379708118627 
[30], 36, 10, 10, 0.001, 0.05, 1, False 2.9244206040856198 174.70903367112396 10.274300733370575 0.3056891466948506 18.971625943022545 2.2450004007216786 
[20], 36, 20, 1, 0.001, 0.05, 1, False 2.1191035557917703 130.210261423641 5.691814076417432 0.17752153042462726 11.207137531161502 0.8564612723742484 
[10], 36, 5, 5, 0.001, 0.05, 1, False 2.2442591808391392 130.7240944349008 6.800310009508695 0.7236031323559233 41.7939998828214 4.046056259656834 
[20], 24, 20, 1, 0.001, 0.05, 1, False 1.9330927340348287 118.72086459662144 4.8235305022766095 0.33215237146337306 22.309250504723973 1.5044939845325822 
[20], 1, 5, 5, 0.001, 0.05, 1, False 3.5705931337136367 224.50492284342127 16.034799802378842 0.013880169350721045 3.2532175383797637 0.2426462124610736 
[30], 1, 20, 1, 0.001, 0.05, 1, False 3.2573955533991534 211.7253474730675 14.081430598251645 0.06878213039247882 3.9017430517280243 0.5431182172185831 
[15], 12, 5, 5, 0.001, 0.05, 1, False 3.4290738495515174 219.47019111171085 15.027408751364035 0.16993707617211584 9.964449997918713 1.4339630509571943 
[15], 36, 5, 5, 0.001, 0.05, 1, False 2.203647120038254 132.83155917619203 6.152219085533479 0.4320742964680818 29.297632469073264 2.362403688838275 
[5], 1, 20, 1, 0.001, 0.05, 1, False 3.39817054573343 217.85876664768682 14.75762998831886 0.10098675938942094 6.892442737264411 0.9322910080545155 
[5], 24, 20, 5, 0.001, 0.05, 1, False 1.8503432520596244 103.8404154284051 5.81489364649286 1.1831770696714539 78.84552245451957 6.373913814221723 
[5], 12, 20, 5, 0.001, 0.05, 1, False 2.1724476569590885 134.91673084757846 6.449515094451328 0.588182171040213 39.23255560178222 2.7349277733416 
[5], 24, 10, 10, 0.001, 0.05, 1, False 1.8964933607934256 113.34485413167833 4.524650748540256 0.3957502803126727 26.041476005430432 1.469708096305998 
[20], 12, 5, 5, 0.001, 0.05, 1, False 3.2889036998497665 210.91342610176125 14.115614032907802 0.1441060489178123 7.860990895486656 1.0358921653060575 
[30], 1, 5, 5, 0.001, 0.05, 1, False 3.420714306758924 212.85429572107924 14.588138956562686 0.053010128561718425 5.841726036488456 0.6403909280044379 
[5], 36, 20, 1, 0.001, 0.05, 1, False 2.794327798159793 168.52775633287567 10.61653143615383 0.8813927211200395 53.88492539146221 4.880249362026897 
[5], 12, 10, 10, 0.001, 0.05, 1, False 2.5309995447285476 151.8403778407007 7.962803378919269 0.45461433485691805 20.287098598909157 2.642858357070405 
[10], 24, 15, 1, 0.001, 0.05, 1, False 1.4273587295078434 81.76623483113731 2.7767908415734524 0.24190773771422525 21.938810796752925 0.8433666574193975 
[30], 24, 15, 1, 0.001, 0.05, 1, False 2.0987146386807716 130.3959307576492 5.535717476146318 0.23973079350541546 16.377564911639634 1.2927140903735572 
[30], 12, 5, 5, 0.001, 0.05, 1, False 3.192450710606796 203.35750065866713 13.45670370039094 0.011921393131187731 3.1058758643952564 0.13100700648777183 
[20], 24, 5, 5, 0.001, 0.05, 1, False 2.0001101312503495 122.96964556694148 5.2809889187825005 0.45819523418961544 31.498160914358298 2.2819221426040985 
[20], 36, 5, 5, 0.001, 0.05, 1, False 2.5196033967313944 152.44729333728182 7.58472645086306 0.0580915182781147 4.721132182704585 0.39416490704528356 
[30], 36, 15, 1, 0.001, 0.05, 1, False 2.5771664062618385 159.3857276577406 8.22279485469548 0.4122606159534613 26.64120743390638 2.531873811641065 
[10], 12, 20, 5, 0.001, 0.05, 1, False 1.9416678704838788 121.33885952380798 4.770602157957669 0.20350291159149742 14.980289022804053 1.132482425054123 
[10], 1, 20, 5, 0.001, 0.05, 1, False 4.116885069433462 257.06763681455953 21.49311141671049 0.3287493806526259 15.733659331968074 2.82384766798848 
[10], 1, 5, 5, 0.001, 0.05, 1, False 3.8051510038268233 238.35254794422266 18.108698303560672 0.29149894545398924 10.048066006083278 1.9182234821593758 
[5], 36, 5, 5, 0.001, 0.05, 1, False 1.4010900555195773 80.94579188942089 2.5750979789296253 0.16303859948089774 14.162742888327646 0.44763513219513507 
[5], 1, 5, 5, 0.001, 0.05, 1, False 3.456152593323754 222.69491282877482 15.445607045057146 0.07507658784098636 4.5591292151261404 0.6680025319412299 
[5], 12, 5, 5, 0.001, 0.05, 1, False 4.219400911350494 264.89868579127125 22.281346875226202 0.1543311399605052 10.533865937018001 1.8431331232541128 
[10], 1, 10, 10, 0.001, 0.05, 1, False 4.396627985720557 264.786128501548 24.33319529866915 0.26884903143364186 17.6281409104449 2.9088479755136096 
[5], 24, 15, 1, 0.001, 0.05, 1, False 1.5112182939304386 88.16811775889182 3.52550957234392 0.5069238092394367 40.73382377661502 2.307125409660863 
[10], 12, 10, 10, 0.001, 0.05, 1, False 2.457885539114337 152.19849762166885 7.699874027263547 0.46035348427245826 28.56574705211137 2.875648471940796 
[5], 12, 15, 1, 0.001, 0.05, 1, False 3.6511295145929417 231.76613747991527 17.135101882355162 0.28059896750634916 16.583133711824825 2.54829645628541 
[15], 1, 20, 5, 0.001, 0.05, 1, False 3.6634534276711452 227.28657267029647 16.96794336230026 0.0686136611705021 5.123146742903798 0.7399039683310048 
[10], 36, 10, 10, 0.001, 0.05, 1, False 2.0649874043133525 123.18343087905669 5.524321225916107 0.5350501147768584 33.42163695561351 2.868376556274313 
[15], 24, 20, 5, 0.001, 0.05, 1, False 2.230031063981975 134.4732600070047 6.304155431292503 0.46435954175798955 29.030886172551057 2.586049081071615 
[15], 12, 10, 10, 0.001, 0.05, 1, False 2.585504937299562 163.3412937841927 8.449978109956886 0.1437006922079215 8.993228929930844 0.9282122491606621 
[20], 1, 20, 5, 0.001, 0.05, 1, False 3.782373677980569 234.44110479146482 18.405784097776788 0.2694031302399755 14.103983382183928 2.2296446991907817 
[15], 36, 20, 5, 0.001, 0.05, 1, False 2.2820903585861543 137.6196972792342 6.657679172984902 0.5513020648285226 37.40146247178417 3.199012198494891 
[20], 1, 10, 10, 0.001, 0.05, 1, False 3.8741620954160623 234.14414259137206 19.030894595612526 0.18764102411842537 11.14932066494649 1.7088306585473354 
[10], 1, 15, 1, 0.001, 0.05, 1, False 3.403548198648626 220.1598962307526 15.103360721622773 0.17514514957191166 11.16703672113714 1.6298454378885694 
[15], 24, 10, 10, 0.001, 0.05, 1, False 1.9994555776455891 123.104125907668 4.8982251125567515 0.17149297770863836 11.227674919139881 0.7941445717033802 
[15], 12, 20, 5, 0.001, 0.05, 1, False 1.697250962769613 104.35373602578612 3.585951227518052 0.0784972495122076 6.083779084704045 0.3277163715754775 
[10], 12, 15, 1, 0.001, 0.05, 1, False 2.185485982374047 140.21560361848177 6.290572357259255 0.15491818403236962 12.64735646532925 0.9781721645188293 
[10], 36, 20, 5, 0.001, 0.05, 1, False 1.820251399899523 111.58155492322437 4.066160212441273 0.23164761712918183 14.160408348809067 0.9520915849657473 
[15], 1, 10, 10, 0.001, 0.05, 1, False 4.09219812265149 251.01121681149098 21.3172506503352 0.14179797910790562 6.9175279299156305 1.308750030939701 
[15], 36, 10, 10, 0.001, 0.05, 1, False 2.1352856980705703 124.47655427517577 5.755829342635425 0.4870628111234073 29.66949556454329 2.2847742204459047 
[30], 12, 20, 10, 0.001, 0.05, 1, False 2.102717504740037 131.38734102296172 5.577758600301432 0.06337980144895851 5.237520908290413 0.36057151429012274 
[10], 36, 15, 1, 0.001, 0.05, 1, False 2.1515840813931497 132.1525063523891 5.876459743616773 0.41482185065926175 24.48668695076214 1.8361907418923804 
[20], 12, 20, 5, 0.001, 0.05, 1, False 2.0746014434257867 130.47192102371426 5.463287848488741 0.06360035946239967 3.906749226053492 0.35735419573626964 
[15], 12, 15, 1, 0.001, 0.05, 1, False 2.1498187108517244 137.18127269621945 5.987922201159596 0.20392521315764756 14.476958507315182 1.1571551357892167 
[20], 36, 20, 5, 0.001, 0.05, 1, False 2.5677259651771576 153.61038155399044 8.1102691623742 0.4535343767053411 26.625976436532945 3.0833267669869207 
[20], 24, 20, 5, 0.001, 0.05, 1, False 2.579360486208289 157.84055097996134 8.069160513233463 0.18038914725480695 10.747736127698074 1.152335259245566 
[20], 12, 10, 10, 0.001, 0.05, 1, False 2.6850127691989427 169.9137845646034 9.10903455088233 0.09390575576173382 6.137985872694775 0.6244407637275161 
[20], 1, 15, 1, 0.001, 0.05, 1, False 3.2109246076671063 208.82092076364066 13.527243467042089 0.059699566796429925 3.5479341195209084 0.4657936915296106 
[15], 24, 15, 1, 0.001, 0.05, 1, False 1.6956240812264796 102.87878056072789 3.8102044853086334 0.4007116133082534 30.077227143597696 2.009167403678808 
[30], 1, 20, 5, 0.001, 0.05, 1, False 3.5007924052058823 216.330151115421 15.709715955524397 0.1179963360393174 7.381288559353186 1.0744691316557582 
[5], 1, 20, 5, 0.001, 0.05, 1, False 4.347304099060044 271.681554126551 24.03658410654458 0.7026894740696981 37.79536583054631 7.000753801629046 
[30], 36, 20, 10, 0.001, 0.05, 1, False 2.5529476916141527 155.07848460080925 7.880260511388069 0.1920824182308309 13.681945217189613 1.1416292508140324 
[20], 36, 10, 10, 0.001, 0.05, 1, False 2.7077267324310488 162.97746941653585 8.777099400707359 0.2968383903794654 17.381229598525227 1.7944544248603458 
[30], 1, 10, 10, 0.001, 0.05, 1, False 3.7351259060066067 225.70797156028814 17.632506171577393 0.07056071953803823 4.345379832871662 0.6526457611796671 
[30], 24, 20, 10, 0.001, 0.05, 1, False 2.315495666019895 141.5850284175057 6.4853133642481495 0.2266390447283236 14.221226469649022 1.1959840915328437 
[5], 36, 20, 5, 0.001, 0.05, 1, False 2.0769919887116113 128.5623086812304 5.390932334283182 0.2064498981281141 14.358120429044613 1.1147968442662983 
[15], 36, 15, 1, 0.001, 0.05, 1, False 2.0473600437640456 122.930432196016 5.281595912615754 0.3564103630485029 23.361701079528103 1.7200431408365942 
[15], 1, 15, 1, 0.001, 0.05, 1, False 3.0524803253960004 198.77886896028414 12.255870259535223 0.13624150504218646 8.343100195462275 1.0192325821623893 
[20], 24, 10, 10, 0.001, 0.05, 1, False 2.216187507993783 137.41120233974462 6.3764618514485685 0.5415606815897629 36.00317664391729 2.9904466532626235 
[5], 36, 10, 10, 0.001, 0.05, 1, False 1.2629156157357135 65.41418031536331 2.513018536230392 0.18110510344504546 17.34333394900073 0.5546167936110616 
[20], 12, 15, 1, 0.001, 0.05, 1, False 1.8794695909238526 118.59514745066467 4.5380398316303685 0.05055334537286438 4.277310469303068 0.27399796394170545 
[30], 12, 10, 10, 0.001, 0.05, 1, False 2.665134640451935 169.451761065415 9.14869212045597 0.06488229972360986 2.813963406382661 0.39288054905943565 
[10], 24, 20, 10, 0.001, 0.05, 1, False 2.0021666431144154 120.44421233931718 4.981304985509959 0.23907112650161513 14.085321491843954 1.0257120576644931 
[20], 36, 15, 1, 0.001, 0.05, 1, False 2.473765892204312 154.29493835631405 7.853509761396585 0.4075735061338457 26.28820387155099 2.6868181375107265 
[30], 1, 15, 1, 0.001, 0.05, 1, False 3.239672047448241 209.54137859069587 13.8120598058154 0.08802655735359467 4.099671902278505 0.6978756660662792 
[20], 24, 15, 1, 0.001, 0.05, 1, False 2.088118260878104 128.28955463159798 5.588526610542306 0.3774175424270746 27.947092039089718 2.100138637226142 
[5], 1, 10, 10, 0.001, 0.05, 1, False 4.287927250488213 262.7205666408867 23.27253304729474 0.3488137619691918 22.42435500578405 4.100245705561165 
[5], 12, 20, 10, 0.001, 0.05, 1, False 2.224904987026282 138.55550051927347 6.172131970939804 0.12448667733881247 6.553525537561174 0.6482182486186084 
[5], 36, 15, 1, 0.001, 0.05, 1, False 1.5192100915281725 87.2768068507026 3.5130541423011583 0.586987801891508 39.8274084512675 2.322323427509988 
[30], 12, 15, 1, 0.001, 0.05, 1, False 2.0800057485251244 132.11216982599743 5.657689075694132 0.182538036198152 11.088991857801151 0.9742305982484678 
[5], 24, 20, 10, 0.001, 0.05, 1, False 1.5446020628222161 91.58438937508669 3.214816705748493 0.3887869095701202 29.662413982920658 1.5434737111313097 
[5], 1, 15, 1, 0.001, 0.05, 1, False 3.759731849865919 241.00975100439334 18.207599382663982 0.25252027847858793 15.081487685697601 2.2970754007092924 
[10], 12, 20, 10, 0.001, 0.05, 1, False 1.5852793995549697 96.29960821043893 3.1342636838392317 0.08612591644399492 5.9948238881320215 0.3156264080345562 
[10], 1, 20, 10, 0.001, 0.05, 1, False 3.7235468403022325 229.94948917500514 18.011557961469652 0.7257556871225717 41.04799259554535 6.822701757247304 
[30], 1, 20, 10, 0.001, 0.05, 1, False 3.6514881820245475 224.32465391040736 16.855291779534113 0.23499256791055662 13.606836965320888 2.071052497583904 
[20], 36, 20, 10, 0.001, 0.05, 1, False 2.6013537846919568 157.36965246977954 8.358813436814472 0.42940472240328986 27.24148367447215 2.4051217766957196 
[20], 12, 20, 10, 0.001, 0.05, 1, False 1.9024381972814874 118.40893118378085 4.474177528994811 0.04332194454893037 3.4097078557216123 0.20894377871345476 
[20], 24, 20, 10, 0.001, 0.05, 1, False 2.061905681869636 124.18599939104955 5.075420055985286 0.055886587185274283 3.888420897422844 0.2061375177220386 
[15], 1, 20, 10, 0.001, 0.05, 1, False 4.082999197117709 249.458373337152 20.772437464102666 0.08898504051964644 5.648432308733922 1.0624072559830555 
[5], 36, 20, 10, 0.001, 0.05, 1, False 1.8888017004597242 109.48917706183761 4.308403026465075 0.04501207526150022 4.161366348841283 0.16582692154429662 
[15], 24, 20, 10, 0.001, 0.05, 1, False 1.8143951175165263 109.28362731642672 4.0850975827646705 0.2970876787817764 18.378852274898442 1.167793043525135 
[20], 1, 20, 10, 0.001, 0.05, 1, False 3.6172471865770173 222.7301016076644 16.60362041465513 0.36610929484427085 20.75547501658276 3.2714757848831577 
[5], 1, 20, 10, 0.001, 0.05, 1, False 4.364912484869087 269.03255030965005 23.87249967107982 0.11926599023582933 7.813116586308291 1.2599013485143398 
[15], 36, 20, 10, 0.001, 0.05, 1, False 2.4801463356517526 147.4841468541067 7.632322357289033 0.5544769371771404 33.958297837605215 3.3873260994284813 
[10], 36, 20, 10, 0.001, 0.05, 1, False 1.8972712885709135 108.25112675686849 4.83546197424327 0.40705480596370797 31.125129402918454 1.1662093853377573 
[15], 12, 20, 10, 0.001, 0.05, 1, False 1.7354399588752403 103.2948696488789 3.7780758396456986 0.14793493053589993 7.9159590178866654 0.7214171668488074 
