layers lag time_steps epochs l2 learning_rate mean_mae                         mean_mape mean_mse std mae std_mape std_mse 
[5], 1, 1, 1, 0.001, 0.05, 1, False 1.943176288713908 60.350660848525784 5.451946524911751 0.4448370233262632 2.7008977485678587 1.4902373693477788 
[5], 12, 1, 1, 0.001, 0.05, 1, False 1.982660390056359 57.976958842180835 5.828467960487927 0.6204355946754682 3.7800574766449078 2.6786156452039123 
[5], 1, 15, 5, 0.001, 0.05, 1, False 1.0310702336883102 47.13993732104734 2.2557489214651754 0.0059866689213388434 1.6649077444999745 0.14803957693800102 
[5], 24, 1, 1, 0.001, 0.05, 1, False 2.1899327205942463 65.98537531789457 6.686680216037065 0.5274797354014394 4.778602609708475 1.8544868285315939 
[5], 1, 1, 5, 0.001, 0.05, 1, False 2.544345070399275 57.835847311877764 7.34861204636838 0.05281502426574175 2.329008486281404 0.3461776172227314 
[10], 1, 1, 1, 0.001, 0.05, 1, False 1.7196720390459868 58.419839527439365 4.414640273272268 0.0723176191189458 0.9944997891591849 0.21276824706899 
[5], 12, 1, 5, 0.001, 0.05, 1, False 1.9159623465673237 59.34824414792754 5.58619264635691 0.5969614742310048 4.385691906557258 2.488911744536457 
[5], 36, 1, 1, 0.001, 0.05, 1, False 1.8591420249565058 52.55101693995877 4.688983306098096 0.27820334020317233 8.22977173715536 1.3794794016751915 
[10], 12, 1, 1, 0.001, 0.05, 1, False 2.7406492514885037 63.931534738365684 9.848764547328667 0.7684904006678014 10.515074366091165 5.11510889800006 
[5], 12, 15, 5, 0.001, 0.05, 1, False 1.2620366974250865 54.22143292418814 3.2374087765044 0.2670576767184051 14.374424148937232 1.4389994381662639 
