lags time_steps dense_nodes lstm_nodes processed scales                        epochs l2 learning_rate mean_mae mean_mape mean_mse                         std mae std_mape std_mse 
[1, 24], [24, 5], [1, 10], [20, 20], [0, 1], 1, 0.001, 1, False, True 3.499692025550003 75.05957499307299 18.546123559657214 0.5666973736514292 16.993754902233313 4.6932647570663235 
[1, 24], [24, 5], [1, 10], [30, 30], [0, 1], 1, 0.001, 1, False, True 2.7685277045212895 57.21444329727658 12.073989772934185 0.22752369256192487 13.916743443856195 0.9140159141777875 
[1, 24], [24, 5], [1, 5], [20, 20], [0, 1], 1, 0.001, 1, False, True 4.431885332905007 78.5476490363851 35.47895364648034 0.9759500655527676 19.75124117621638 12.177421749584216 
[1, 24], [24, 5], [1, 5], [30, 30], [0, 1], 1, 0.001, 1, False, True 4.792289927035044 93.13435865481934 42.08855860699611 1.8590423334225152 32.927946832506684 31.06808432564837 
[1, 24], [24, 10], [1, 5], [20, 20], [0, 1], 1, 0.001, 1, False, True 4.776343351811833 89.20277477143772 36.84156620568074 0.5062934082205949 9.272433473995777 6.528256477698648 
[1, 24], [24, 10], [1, 5], [30, 30], [0, 1], 1, 0.001, 1, False, True 8.786387882612567 182.3181096127581 130.926277056391 4.604413922058632 110.49116698235197 114.42214628445328 
[1, 24], [24, 10], [1, 10], [20, 20], [0, 1], 1, 0.001, 1, False, True 3.1277602457872558 61.883343660515116 16.879337869755233 0.31419867677503194 10.327714446572346 3.5203552776620364 
[1, 24], [24, 15], [1, 5], [30, 30], [0, 1], 1, 0.001, 1, False, True 4.1539474848869125 85.1520284272277 35.416864376835534 2.5605198128499103 47.64477410514391 38.11915141613923 
[1, 24], [24, 15], [1, 10], [30, 30], [0, 1], 1, 0.001, 1, False, True 4.5537977385015616 100.28474783900701 29.820858053670126 1.4263839811401484 35.51655711374035 16.297259475529522 
[1, 24], [24, 15], [1, 10], [20, 20], [0, 1], 1, 0.001, 1, False, True 3.0683864008566295 59.40736647715122 17.73419427458891 0.35223781879785343 5.105450026896241 4.330993406176587 
[1, 24], [24, 15], [1, 5], [20, 20], [0, 1], 1, 0.001, 1, False, True 5.2844593931920825 100.70577550693037 45.69829805598662 1.7610956808551967 41.705161034261735 22.106580154222364 
[1, 24], [24, 20], [1, 5], [30, 30], [0, 1], 1, 0.001, 1, False, True 9.993378918235086 229.8935813535716 151.4155972579044 4.073186663194865 86.7988568837679 93.64634446618558 
[1, 24], [24, 20], [1, 5], [20, 20], [0, 1], 1, 0.001, 1, False, True 7.039766846466982 139.0681542570913 73.98855132721144 0.7878696825829503 26.412972894658765 10.164864058947582 
[1, 24], [24, 10], [1, 10], [30, 30], [0, 1], 1, 0.001, 1, False, True 3.487130845636475 72.12526879843197 23.679263965893725 1.4745058065726784 20.446104631174997 20.297932585402734 
[1, 24], [24, 20], [1, 10], [20, 20], [0, 1], 1, 0.001, 1, False, True 3.1783961898354054 58.53858960346057 18.899572364647643 0.45888338076435486 8.13994450797243 5.666281477304522 
[1, 24], [24, 20], [1, 10], [30, 30], [0, 1], 1, 0.001, 1, False, True 4.114644179089615 83.29654380521735 32.48200062398349 2.013563292965238 36.582111820498596 27.513542860533665 
[1, 24], [24, 5], [1, 5], [20, 20], [1], 1, 0.001, 1, False, True 2.700177191692853 66.84406697596762 10.58562841456952 0.2763799126949384 18.5003104876538 1.2208283482010849 
[1, 24], [24, 5], [1, 10], [30, 30], [1], 1, 0.001, 1, False, True 2.632628838221232 68.03532110454546 9.339380371890513 0.434057642333659 18.20480804565569 1.90592394470161 
[1, 24], [24, 10], [1, 10], [20, 20], [1], 1, 0.001, 1, False, True 3.6300009658146237 100.59895922938824 16.48523157741253 0.34978239133745126 11.605548220826003 3.5016870843124113 
[1, 24], [24, 15], [1, 5], [30, 30], [1], 1, 0.001, 1, False, True 2.7264524609229905 60.54040184857818 10.166101152055502 0.24551815027489682 3.3026649041958684 2.0621045457994667 
[1, 24], [24, 20], [1, 5], [20, 20], [1], 1, 0.001, 1, False, True 2.6162801420109143 57.578637190620384 10.232659858962023 0.16328743001687793 10.08303238667825 1.153283469245668 
[1, 24], [24, 20], [1, 10], [30, 30], [1], 1, 0.001, 1, False, True 2.8043917209634355 62.30013670881482 11.275605028535429 0.04823331588288827 10.231291985488015 1.560334072516724 
[1, 24], [24, 5], [1, 5], [30, 30], [1], 1, 0.001, 1, False, True 2.8651147439019513 65.07231563429987 11.509645077570882 0.32571888315503306 9.306884929232844 4.394649028109857 
[1, 24], [24, 10], [1, 10], [30, 30], [1], 1, 0.001, 1, False, True 2.9081232084409785 76.46938661265962 10.066112798898017 0.07534501232765498 4.6179213812906434 0.5728306174025767 
[1, 24], [24, 10], [1, 5], [20, 20], [1], 1, 0.001, 1, False, True 2.89774571257057 73.86943370663165 10.185643256511476 0.27338087349995277 3.9898618078520705 2.0458238171696435 
[1, 24, 48], [24, 5, 5], [1, 10, 10], [20, 20, 20], [1, 2], 1, 0.001, 1, False, True 10.12164966405835 279.5490585063665 142.988403188018 3.7945224158540602 88.05417335099389 83.42980773486539 
[1, 24], [24, 15], [1, 10], [20, 20], [1], 1, 0.001, 1, False, True 3.2246945573810346 88.75013335157263 12.88524732321317 0.5359602579793007 18.926636946754236 4.2840728674713775 
[1, 24], [24, 20], [1, 5], [30, 30], [1], 1, 0.001, 1, False, True 3.084409241693922 63.85993868083096 15.383732379044147 0.3616128985507299 8.599800472307574 5.9965514917584954 
[1, 24, 48], [24, 5, 5], [1, 20, 20], [30, 30, 30], [1, 2], 1, 0.001, 1, False, True 6.596315277933523 178.98968389022335 79.28108821435247 3.5459547456683236 95.97234777948712 59.085291683940575 
[1, 24, 48], [24, 10, 5], [1, 20, 20], [20, 20, 20], [1, 2], 1, 0.001, 1, False, True 9.381303495479125 279.76550674451374 148.0997866808735 4.5145458159217124 89.53377277851067 86.78216759913585 
[1, 24, 48], [24, 15, 5], [1, 10, 10], [30, 30, 30], [1, 2], 1, 0.001, 1, False, True 7.990934081385945 198.3736381931808 97.41525318061444 3.6960368095004643 88.59678829715666 62.47091848289776 
[1, 24, 48], [24, 20, 20], [1, 10, 10], [20, 20, 20], [0, 1, 2], 1, 0.001, 1, False, True 3.3777231276102135 79.35918565004722 15.229830813597497 0.8226589878613344 17.06229484762606 7.244975203352733 
[1, 24], [24, 5], [1, 10], [20, 20], [1], 1, 0.001, 1, False, True 3.060734588570065 88.16934174077137 11.731852450656804 0.3069468770419395 7.937325546427871 2.313254927221549 
[1, 24, 48], [24, 20, 20], [1, 20, 20], [30, 30, 30], [0, 1, 2], 1, 0.001, 1, False, True 5.005717236221622 129.35933228851857 34.580954514171225 1.8466742116135733 42.94262013635226 22.300605348092166 
[1, 24, 48], [24, 20, 15], [1, 10, 10], [30, 30, 30], [0, 1, 2], 1, 0.001, 1, False, True 3.7145252422671073 108.11047982277292 18.8831099517314 1.0539090131184339 22.093241817015848 8.189896063928625 
[1, 24, 48], [24, 20, 10], [1, 20, 20], [20, 20, 20], [0, 1, 2], 1, 0.001, 1, False, True 6.165806080816588 202.79185602331063 77.83459994453797 0.7557168575233248 27.16244245076721 24.58060278258565 
[1, 24, 48], [24, 5, 5], [1, 10, 10], [20, 20, 20], [0, 1, 2], 1, 0.001, 1, False, True 7.35224368605823 229.1863887569128 87.81494217383005 0.49479860701210265 20.249457245378295 17.433706888164178 
[1, 24], [24, 10], [1, 5], [30, 30], [1], 1, 0.001, 1, False, True 2.8443633481282404 69.41531479606093 11.014938980516371 0.181443330813247 7.628030583552709 2.627440820096404 
[1, 24], [24, 15], [1, 5], [20, 20], [1], 1, 0.001, 1, False, True 3.2645983215352454 85.64525671476075 13.098927541820572 0.5074249347361836 12.968956502486277 4.403583595336743 
[1, 24, 48], [24, 20, 5], [1, 20, 20], [30, 30, 30], [0, 1, 2], 1, 0.001, 1, False, True 4.021738563622866 112.64371163880018 23.280206935128607 0.5991434671074846 19.745095467863905 6.429994583098946 
[1, 24], [24, 15], [1, 10], [30, 30], [1], 1, 0.001, 1, False, True 3.145855503912187 88.71892525951442 12.386094075719539 0.343710877836572 13.458346821605614 3.0318892123250594 
[1, 24, 48], [24, 20, 5], [1, 10, 10], [20, 20, 20], [0, 1, 2], 1, 0.001, 1, False, True 5.924243203932591 162.18436716124245 47.41614227975429 1.5196745712210327 20.808941124213597 17.213937341442342 
[1, 24], [24, 20], [1, 10], [20, 20], [1], 1, 0.001, 1, False, True 3.4472839717391057 91.0761795814041 15.76315683325035 0.7057552152954051 28.25165770517222 4.56349793867075 
[1, 24, 48], [24, 5, 5], [1, 20, 20], [30, 30, 30], [0, 1, 2], 1, 0.001, 1, False, True 5.321353662978098 128.93575346933937 42.8455244519839 3.112008765311867 70.63903030704145 38.93432141368128 
[1, 24, 48], [24, 10, 5], [1, 20, 20], [20, 20, 20], [0, 1, 2], 1, 0.001, 1, False, True 5.00292218233711 148.7683344403887 38.078795004310216 0.7585084479796097 32.35305997450451 15.115352798177943 
[1, 24, 48], [24, 15, 5], [1, 10, 10], [30, 30, 30], [0, 1, 2], 1, 0.001, 1, False, True 3.3999468228926335 95.9771547365119 15.865743465214015 0.2953566078932799 7.283107974780308 3.811585073900181 
[1, 24, 48], [24, 5, 5], [1, 10, 10], [30, 30, 30], [1, 2], 1, 0.001, 1, False, True 14.313112480400335 353.8017562669689 223.46245798194818 0.8153890739875125 37.255914449332636 18.352120951482657 
[1, 24, 48], [24, 10, 5], [1, 10, 10], [20, 20, 20], [1, 2], 1, 0.001, 1, False, True 8.36095011834814 225.36458689849815 91.33967156765327 1.9468851634898552 36.287637946686935 31.294326284095963 
[1, 24, 48], [24, 15, 5], [1, 20, 20], [20, 20, 20], [1, 2], 1, 0.001, 1, False, True 7.739794354120062 217.83314674419316 79.94675054048635 0.6663808761827981 29.037680128831283 17.23007699564236 
[1, 24, 48], [24, 10, 5], [1, 20, 20], [30, 30, 30], [1, 2], 1, 0.001, 1, False, True 8.729810199389854 230.44266968828478 99.76267331685301 1.9718117565672466 46.753043865734334 43.502757125583756 
[1, 24, 48], [24, 20, 15], [1, 10, 10], [30, 30, 30], [1, 2], 1, 0.001, 1, False, True 3.0394237286997616 99.66215701268366 19.206361092238453 0.8342936009908425 35.62343674334634 13.34267942342682 
[1, 24, 48], [24, 20, 5], [1, 10, 10], [20, 20, 20], [1, 2], 1, 0.001, 1, False, True 3.3703225247061774 82.58202657017209 17.404891167368675 1.220815825806924 36.18840092781185 10.68083986346766 
[1, 24, 48], [24, 20, 10], [1, 20, 20], [20, 20, 20], [1, 2], 1, 0.001, 1, False, True 9.71797872113271 263.09077128141394 142.5535720665711 5.62557048791585 137.34150359687345 140.133006158951 
[1, 24, 48], [24, 20, 5], [1, 20, 20], [30, 30, 30], [1, 2], 1, 0.001, 1, False, True 5.6201012516808175 161.22739025660584 42.008033293440675 1.3044515254475368 32.06204687916112 18.14732159308544 
[1, 24, 48], [24, 20, 20], [1, 10, 10], [30, 30, 30], [0, 1, 2], 1, 0.001, 1, False, True 6.142913780775335 161.66771499766696 46.1297898529891 1.4995568961073096 27.351010596535815 21.4539896830283 
[1, 24, 48], [24, 20, 15], [1, 20, 20], [20, 20, 20], [0, 1, 2], 1, 0.001, 1, False, True 4.455945215181931 104.99662138186012 32.64353192937602 1.8723110813498829 30.351801927543224 21.89930508316608 
[1, 24, 48], [24, 5, 5], [1, 10, 10], [20, 20, 20], [2], 1, 0.001, 1, False, True 5.425549757718627 171.21627406513957 47.86507496474555 1.2374017066467136 18.690671782751558 8.259724160496516 
[1, 24, 48], [24, 5, 5], [1, 20, 20], [30, 30, 30], [2], 1, 0.001, 1, False, True 5.923006695626234 192.02981409508232 61.305638043475334 0.6433793214306887 13.09066265231708 8.013195824762803 
[1, 24, 48], [24, 20, 20], [1, 10, 10], [20, 20, 20], [2], 1, 0.001, 1, False, True 6.192466691364017 182.57836625048276 59.71972889594556 2.2115604744886648 68.5468147583262 35.04168630705541 
[1, 24, 48], [24, 20, 15], [1, 10, 10], [30, 30, 30], [2], 1, 0.001, 1, False, True 7.01722552454168 186.98663231570592 57.78996647082326 1.1417686440046675 32.079248700232235 17.697322722147202 
[1, 24, 48], [24, 20, 10], [1, 20, 20], [20, 20, 20], [2], 1, 0.001, 1, False, True 7.428347656139414 229.3627917461142 92.97095056245558 3.0426722149536425 76.2506390836484 59.13937725800983 
[1, 24, 48], [24, 5, 5], [1, 10, 10], [30, 30, 30], [0, 1, 2], 1, 0.001, 1, False, True 5.148997627985147 145.41259698684212 35.41601721736972 1.0735390508744027 21.231969279022387 11.155834199826938 
[1, 24, 48], [24, 5, 5], [1, 20, 20], [20, 20, 20], [1, 2], 1, 0.001, 1, False, True 8.37994297126101 237.5061975712857 98.71719844264813 0.9553158261923157 47.45856519783084 38.14492682352541 
[1, 24, 48], [24, 20, 10], [1, 20, 20], [30, 30, 30], [0, 1, 2], 1, 0.001, 1, False, True 3.3368753186017446 87.03573503404668 18.753839735828986 0.8091891117402042 25.34714648261472 8.954829951015443 
[1, 24, 48], [24, 10, 5], [1, 10, 10], [30, 30, 30], [1, 2], 1, 0.001, 1, False, True 6.356740728686392 173.24868626523585 60.05592364108384 3.1062398452423574 80.7792608960391 40.933673167318005 
[1, 24, 48], [24, 20, 10], [1, 10, 10], [20, 20, 20], [0, 1, 2], 1, 0.001, 1, False, True 4.8597096179594725 129.4835832408996 41.16612657382991 2.8141462900676752 49.495465094495984 37.05775434741102 
[1, 24, 48], [24, 20, 15], [1, 20, 20], [20, 20, 20], [1, 2], 1, 0.001, 1, False, True 7.694894906857773 216.50396141888356 79.6430758291312 2.1564628230933462 54.99195228964462 41.627003654344584 
[1, 24, 48], [24, 20, 5], [1, 10, 10], [30, 30, 30], [0, 1, 2], 1, 0.001, 1, False, True 4.144424608523561 111.3310482786559 24.305444129627105 1.2864933111151389 43.28883389568712 14.098748318290069 
[1, 24, 48], [24, 20, 10], [1, 10, 10], [20, 20, 20], [1, 2], 1, 0.001, 1, False, True 3.7511251518675297 114.84122048840163 27.462166298109775 1.226156874225481 49.38457645081043 23.04542730044985 
[1, 24, 48], [24, 15, 5], [1, 20, 20], [30, 30, 30], [1, 2], 1, 0.001, 1, False, True 9.859216240413176 249.1955386496485 140.64527436605417 5.231032346242839 144.03889818007605 96.45021186904904 
[1, 24, 48], [24, 20, 10], [1, 20, 20], [30, 30, 30], [1, 2], 1, 0.001, 1, False, True 6.02443235227062 173.57307197639793 56.37671578793559 1.647085596063066 55.786963634368874 27.618342205020742 
[1, 24, 48], [24, 20, 5], [1, 10, 10], [30, 30, 30], [1, 2], 1, 0.001, 1, False, True 8.414719664574497 210.00437875826893 83.38903764377427 1.5697241577438126 19.843722663811526 25.64460495867626 
[1, 24, 48], [24, 15, 5], [1, 10, 10], [20, 20, 20], [1, 2], 1, 0.001, 1, False, True 8.709591236317323 235.16656217207444 111.21623515388336 4.452161776332064 114.51556461615432 89.0519653315192 
[1, 24, 48], [24, 10, 5], [1, 10, 10], [20, 20, 20], [0, 1, 2], 1, 0.001, 1, False, True 7.7259950810198275 211.9432562001481 84.06107879988325 2.8251170759594246 64.64502718586313 46.26311389801746 
[1, 24, 48], [24, 20, 20], [1, 10, 10], [20, 20, 20], [1, 2], 1, 0.001, 1, False, True 3.762851771250091 99.18258153502013 18.466433747925667 0.9020203743337972 27.309098583302184 7.703505434916677 
[1, 24, 48], [24, 20, 20], [1, 20, 20], [30, 30, 30], [1, 2], 1, 0.001, 1, False, True 8.605165447750025 223.07030148154436 85.9682954882238 2.6848234083923743 63.87785141220227 48.825213067069114 
[1, 24, 48], [24, 5, 5], [1, 10, 10], [30, 30, 30], [2], 1, 0.001, 1, False, True 4.963106823412494 153.5360605099932 44.8157599731749 0.4954734731946772 23.07683458501992 11.452194822607845 
[1, 24, 48], [24, 20, 20], [1, 10, 10], [30, 30, 30], [2], 1, 0.001, 1, False, True 5.846353225299605 161.62814483657675 48.67318192110654 2.673135494537077 71.55809159074285 41.48091919306152 
[1, 24, 48], [24, 20, 10], [1, 10, 10], [20, 20, 20], [2], 1, 0.001, 1, False, True 6.11911977121986 194.39951068269764 63.84188753228 1.0394036353043223 26.134626171324953 16.72444442486041 
[1, 24, 48], [24, 20, 15], [1, 20, 20], [20, 20, 20], [2], 1, 0.001, 1, False, True 6.982001090898282 203.96674782038568 64.83497121468845 1.0929320090946226 25.911989211493903 15.804621221796728 
[1, 24, 48], [24, 20, 10], [1, 20, 20], [30, 30, 30], [2], 1, 0.001, 1, False, True 8.173167751588066 241.5279859472339 98.16749975752582 0.704681396776816 13.142365405181472 8.707193317364613 
[1, 24, 48], [24, 20, 20], [1, 20, 20], [30, 30, 30], [2], 1, 0.001, 1, False, True 10.526986649322012 278.16052135275663 126.86315707415203 2.746169666098087 73.0212311127793 61.87174211222123 
[1, 24, 48], [24, 15, 5], [1, 20, 20], [20, 20, 20], [0, 1, 2], 1, 0.001, 1, False, True 4.410039991518069 140.66572683367414 39.366101180646595 1.5463075211925141 50.91347519561681 26.60295485061954 
[1, 24, 48], [24, 10, 5], [1, 20, 20], [30, 30, 30], [0, 1, 2], 1, 0.001, 1, False, True 6.082839527205322 153.13711206911216 47.82302478023598 2.4187919451895556 48.54869113075524 25.213772979544046 
[1, 24, 48], [24, 5, 5], [1, 20, 20], [20, 20, 20], [2], 1, 0.001, 1, False, True 5.449577670834131 184.85816641001009 57.44458795752007 0.21561301712339934 12.725010653702158 10.008007067008421 
[1, 24, 48], [24, 20, 20], [1, 20, 20], [20, 20, 20], [0, 1, 2], 1, 0.001, 1, False, True 4.385773166712305 112.74712599643551 27.182934513659557 0.8735071869416715 19.275784239708976 5.788364759950176 
[1, 24, 48], [24, 20, 20], [1, 20, 20], [20, 20, 20], [2], 1, 0.001, 1, False, True 6.283778678601677 188.32983938150838 56.33597148239962 1.140303715765719 27.235929625536684 15.154457289079508 
[1, 24, 48], [24, 20, 10], [1, 10, 10], [30, 30, 30], [2], 1, 0.001, 1, False, True 8.597879212225475 233.01397455115284 97.87291348328164 3.1374034312744365 70.11063805865017 51.800486902827245 
[1, 24, 48], [24, 20, 15], [1, 20, 20], [30, 30, 30], [1, 2], 1, 0.001, 1, False, True 6.840189756642751 176.30283548340984 68.15167729327648 3.6037593054200068 85.47573003127259 53.25426686862309 
[1, 24, 48], [24, 20, 15], [1, 10, 10], [20, 20, 20], [2], 1, 0.001, 1, False, True 7.982970445591058 233.0620706256041 87.31821213044634 2.0356244211651915 44.19274075996199 29.53428885589865 
[1, 24, 48], [24, 20, 15], [1, 20, 20], [30, 30, 30], [2], 1, 0.001, 1, False, True 7.40994013628612 205.80826409224582 64.2880839025055 0.670377867115542 10.654769092490517 6.8550944543096755 
[1, 24, 48], [24, 20, 5], [1, 20, 20], [20, 20, 20], [1, 2], 1, 0.001, 1, False, True 6.288457131023622 182.10941213727963 55.63887390372991 0.2635902212117388 23.029842606297684 14.829192460943453 
[1, 24, 48], [24, 20, 15], [1, 10, 10], [20, 20, 20], [1, 2], 1, 0.001, 1, False, True 5.189964508730918 141.8619063833933 43.60001567780315 1.782987012078529 67.5970761507623 20.284653843210112 
[1, 24, 48], [24, 20, 15], [1, 20, 20], [30, 30, 30], [0, 1, 2], 1, 0.001, 1, False, True 6.355625315638544 156.08826330460684 58.26038937897892 1.9012225683365545 48.87827670965815 30.697487912553488 
[1, 24, 48], [24, 20, 10], [1, 10, 10], [30, 30, 30], [1, 2], 1, 0.001, 1, False, True 4.896253378972133 140.77685943706283 39.79595317943484 2.5115526678085405 66.13836751820523 34.40628692316541 
[1, 24, 48], [24, 20, 20], [1, 10, 10], [30, 30, 30], [1, 2], 1, 0.001, 1, False, True 4.399493349426322 123.82593268886507 24.211226439952128 0.32105451455498474 12.15556694254841 4.294186519832338 
[1, 24, 48], [24, 20, 15], [1, 10, 10], [20, 20, 20], [0, 1, 2], 1, 0.001, 1, False, True 3.7504344472558135 107.40269014164977 22.166083034062208 0.7060099466125798 21.362042899252785 9.612868795339864 
[1, 24, 48], [24, 20, 10], [1, 10, 10], [30, 30, 30], [0, 1, 2], 1, 0.001, 1, False, True 3.1022203918718905 86.35067942881291 14.89254857134146 0.6294785833502539 20.520954202200805 5.455814303864839 
[1, 24, 48], [24, 5, 5], [1, 20, 20], [20, 20, 20], [0, 1, 2], 1, 0.001, 1, False, True 8.727307775423911 229.25776074508738 124.49448786540263 1.130967722155239 58.49726161605198 46.71825309839408 
[1, 24, 48], [24, 20, 5], [1, 20, 20], [20, 20, 20], [0, 1, 2], 1, 0.001, 1, False, True 3.747293800836498 111.9090851074841 30.604773449908905 1.0313803144253668 50.29747734635551 17.719231857484917 
[1, 24, 48], [24, 10, 5], [1, 10, 10], [30, 30, 30], [0, 1, 2], 1, 0.001, 1, False, True 3.382458510712065 85.1140052220892 19.41071805782944 0.7137145245498031 13.75670980352383 9.6043760602795 
[1, 24, 48], [24, 20, 20], [1, 20, 20], [20, 20, 20], [1, 2], 1, 0.001, 1, False, True 9.202391393586167 238.5582688152567 93.01621722991966 0.7286005631440441 16.8929334032918 11.850643804872318 
[1, 24, 48], [24, 15, 5], [1, 10, 10], [20, 20, 20], [0, 1, 2], 1, 0.001, 1, False, True 6.2558171357890515 153.66384518416055 54.77426569770527 2.1790688127791418 38.11996214147252 28.921959745267163 
[1, 24, 48], [24, 15, 5], [1, 20, 20], [30, 30, 30], [0, 1, 2], 1, 0.001, 1, False, True 3.2546515044376805 94.88443075807196 16.20142968256485 1.0635124021630327 25.837047247385705 10.321587929910255 
