lags time_steps dense_nodes lstm_nodes processed scales                        epochs l2 learning_rate mean_mae mean_mape mean_mse                         std mae std_mape std_mse 
[1, 12, 24, 48], [24, 5, 5, 5], [1, 5, 5, 5], [5, 5, 5, 5], [0, 1, 2, 3], 1, 0.001, 512, False, True 9.802532770853041 85.61731241748957 143.2547730419097 6.077058850479674 55.909267930345315 159.93909008828476 
[1, 12, 24, 48], [24, 5, 5, 5], [1, 5, 5, 5], [5, 5, 5, 5], [0, 1, 2, 3], 5, 0.001, 512, False, True 5.769208214281955 46.23680348833813 42.05616849614946 0.537388944692261 3.2777552821108142 8.06074544979946 
[1, 12, 24, 48], [24, 5, 5, 5], [1, 5, 5, 5], [10, 10, 10, 10], [0, 1, 2, 3], 1, 0.001, 512, False, True 5.403422617790945 44.0117055336209 36.679498304843136 0.06321612539784423 0.3286355602408435 0.8849220119451429 
[1, 12, 24, 48], [24, 5, 5, 5], [1, 5, 5, 5], [10, 10, 10, 10], [0, 1, 2, 3], 5, 0.001, 512, False, True 5.641146210435536 45.46375312454755 40.258186585538056 0.5216673307763201 3.148291844277566 7.7934213785642035 
[1, 12, 24, 48], [24, 5, 5, 5], [1, 10, 10, 10], [5, 5, 5, 5], [0, 1, 2, 3], 1, 0.001, 512, False, True 6.905436912966548 57.04666987244144 63.90894998710885 2.6551159399460285 22.901305441041274 47.841939592745604 
[1, 12, 24, 48], [24, 5, 5, 5], [1, 10, 10, 10], [5, 5, 5, 5], [0, 1, 2, 3], 5, 0.001, 512, False, True 5.644593575799717 45.44108138373629 40.10417532969709 0.3536117197133299 2.0630315447317575 5.0272967674989175 
[1, 12, 24, 48], [24, 5, 5, 5], [1, 10, 10, 10], [10, 10, 10, 10], [0, 1, 2, 3], 1, 0.001, 512, False, True 6.029073628957039 48.86260671282385 46.6787205383365 1.3074446919374216 9.885159206605634 20.72475952419358 
[1, 12, 24, 48], [24, 5, 5, 5], [1, 10, 10, 10], [10, 10, 10, 10], [0, 1, 2, 3], 5, 0.001, 512, False, True 5.522510029454957 44.741341225737735 38.31438152093862 0.2557708086039272 1.4537402787967164 3.5463271681004325 
[1, 12, 24, 48], [24, 10, 5, 5], [1, 5, 5, 5], [5, 5, 5, 5], [0, 1, 2, 3], 1, 0.001, 512, False, True 7.371250732436259 63.088024993478044 76.8424363890188 3.69135431796542 31.43397831545402 70.2289428255877 
[1, 12, 24, 48], [24, 10, 5, 5], [1, 5, 5, 5], [5, 5, 5, 5], [0, 1, 2, 3], 5, 0.001, 512, False, True 5.510687238434501 44.611691137591016 38.147735039458766 0.09983184651732407 0.5665494953757335 1.3609884842945463 
