lags time_steps dense_nodes lstm_nodes processed scales                        epochs l2 learning_rate mean_mae mean_mape mean_mse                         std mae std_mape std_mse 
[1, 24], [24, 5], [1, 5], [20, 20], [0, 1], 1, 0.001, 1, False, False 1.8241871266729304 38.10650906166262 5.61164932648174 0.017289232495128495 0.07345482870114323 0.08150190649389674 
[1, 24], [24, 1], [1, 5], [10, 10], [0, 1], 1, 0.001, 1, False, False 1.8790762708556876 37.86467823411409 5.8355118460482664 0.014113997803927093 0.04027296985782581 0.06468225114128522 
[1, 24], [24, 5], [1, 10], [10, 10], [0, 1], 5, 0.001, 1, False, False 1.6589177003751197 31.73606966891988 4.223892137062626 0.05570018670410712 1.3518726401712353 0.3950968788276197 
[1, 24], [24, 1], [1, 5], [20, 20], [0, 1], 5, 0.001, 1, False, False 1.7827559565642366 37.09806827604938 5.351112236416825 0.022118305243700842 0.5468836151288043 0.1598452307034947 
[1, 24], [24, 15], [1, 10], [20, 20], [0, 1], 1, 0.001, 1, False, False 1.7989404880752167 37.54062623230383 5.4627433198996345 0.03292263012091193 0.6332212249619249 0.17702722926059425 
[1, 24], [24, 10], [1, 10], [10, 10], [0, 1], 1, 0.001, 1, False, False 1.8634019037225735 37.66606985393372 5.742429216194328 0.014561666060751077 0.08140518584186424 0.05872360637485444 
[1, 24], [24, 1], [1, 5], [10, 10], [0, 1], 5, 0.001, 1, False, False 1.8675305647982494 37.45148020663576 5.77006744635329 0.023510082811340025 0.44997402852084006 0.13721089752194837 
[1, 24], [24, 5], [1, 5], [20, 20], [0, 1], 5, 0.001, 1, False, False 1.7022463862818702 35.383844145723806 4.70348115013705 0.03227930925276113 0.7741778250770783 0.13601047735441898 
[1, 24], [24, 5], [1, 5], [10, 10], [1], 1, 0.001, 1, False, False 1.906531973321129 37.59706343064113 5.936878509194357 0.056878067844050716 0.6072861376141204 0.2746935051060297 
[1, 24], [24, 10], [1, 5], [20, 20], [1], 1, 0.001, 1, False, False 1.842469758016092 37.860691677471415 5.679059471786011 0.012398554717979526 0.17366851550339873 0.0466822848031087 
[1, 24], [24, 1], [1, 10], [10, 10], [0, 1], 10, 0.001, 1, False, False 1.581625007975985 29.888883549821852 3.8172316593754325 0.05006774855302633 0.638945953797624 0.23553343158715717 
[1, 24], [24, 5], [1, 5], [20, 20], [1], 5, 0.001, 1, False, False 1.6824753441606408 32.387414263847944 4.473936853506907 0.09770364086423036 3.1989365345233525 0.7256039040942577 
[1, 24], [24, 5], [1, 5], [10, 10], [1], 5, 0.001, 1, False, False 1.7971755650308399 35.79007957761349 5.372516248074387 0.043331146206024164 0.5349296564542712 0.2608066397901125 
[1, 24], [24, 10], [1, 5], [20, 20], [1], 5, 0.001, 1, False, False 1.7132314599498557 34.69729948421902 4.819107457290188 0.07673997288596032 1.6837426953033234 0.5728695743560667 
[1, 24], [24, 10], [1, 10], [20, 20], [0, 1], 5, 0.001, 1, False, False 1.72702581220203 34.585154253156816 4.842517875211343 0.04635007285214944 0.8047110494000969 0.33652857586352536 
[1, 24], [24, 15], [1, 10], [10, 10], [1], 1, 0.001, 1, False, False 1.8858667166006786 37.65199825950757 5.84369052078933 0.010016789516346533 0.339760389953895 0.04053208772638486 
[1, 24], [24, 10], [1, 10], [10, 10], [1], 5, 0.001, 1, False, False 1.6272359118003539 31.324863667833927 4.180248245385833 0.06629807786716306 2.4078515215673053 0.48367069825394565 
[1, 24], [24, 5], [1, 10], [10, 10], [1], 10, 0.001, 1, False, False 1.5860277173419794 28.661766973273732 3.8348878077819073 0.06855251158530552 0.8934315545878899 0.3551759702185462 
[1, 24], [24, 15], [1, 10], [20, 20], [0, 1], 5, 0.001, 1, False, False 1.6785339210596346 32.87970403563327 4.476356207708274 0.032373819617664217 2.2302441465742815 0.3684241567041192 
[1, 24], [24, 10], [1, 10], [10, 10], [0, 1], 5, 0.001, 1, False, False 1.7092249256041316 34.08358699881993 4.733010150804103 0.022873449815859526 0.8784288162278724 0.4036965792875931 
[1, 24], [24, 5], [1, 10], [20, 20], [0, 1], 10, 0.001, 1, False, False 1.584675884826316 29.647114002165484 3.846943193940561 0.03471174383268173 0.6661600550169436 0.17066501894376773 
[1, 24], [24, 10], [1, 10], [20, 20], [1], 10, 0.001, 1, False, False 1.6489720034999429 28.67465807981223 4.214313852452103 0.07612626713506403 0.7426155382403038 0.38863878621949105 
[1, 24], [24, 15], [1, 10], [20, 20], [1], 5, 0.001, 1, False, False 1.683353320122869 33.34316109486118 4.394508422752224 0.052266959687558005 1.3724573156966495 0.3487099649468922 
[1, 24], [24, 5], [1, 5], [20, 20], [1], 10, 0.001, 1, False, False 1.6452308919004819 30.21459245911446 4.263164616628132 0.11587791800726899 2.2284824657971583 0.5669315290709489 
[1, 24], [24, 5], [1, 10], [10, 10], [0, 1], 10, 0.001, 1, False, False 1.5463936148694268 28.341863016453658 3.7137317801084317 0.030408872795919015 0.3032484533545175 0.11763140826646305 
[1, 24], [24, 1], [1, 5], [20, 20], [0, 1], 10, 0.001, 1, False, False 1.641713479106073 33.15014074096245 4.129899883478256 0.07041788964099117 2.053116148977528 0.49654780585925545 
[1, 24], [24, 15], [1, 10], [10, 10], [1], 5, 0.001, 1, False, False 1.7023745152133483 33.887497049912405 4.757047597901945 0.0388667736557988 0.5935225994332127 0.17131225769962857 
[1, 24], [24, 1], [1, 5], [10, 10], [0, 1], 10, 0.001, 1, False, False 1.6805625771482786 33.28741836605169 4.371684832989469 0.0796572436016451 2.0082848589616256 0.7177436943341878 
[1, 24], [24, 5], [1, 5], [10, 10], [1], 10, 0.001, 1, False, False 1.6565417713865085 32.10006784394037 4.073251369661186 0.028049402320350345 1.0695468837375601 0.1971066824554124 
[1, 24], [24, 10], [1, 5], [20, 20], [1], 10, 0.001, 1, False, False 1.5944917534374528 28.3427201045895 3.9282720508150306 0.0459130492313574 1.2563532452014026 0.2606629520033266 
[1, 24], [24, 5], [1, 5], [20, 20], [0, 1], 10, 0.001, 1, False, False 1.5742832128924353 29.51922167841961 3.7453242547661856 0.040850805166283165 0.49951596464938947 0.1631072827625593 
[1, 24], [24, 1], [1, 10], [20, 20], [1], 1, 0.001, 1, False, False 1.8324756900193517 37.16146269910615 5.608828148343466 0.03453971849329243 0.43101803073658546 0.15962275966782202 
[1, 24], [24, 5], [1, 10], [20, 20], [1], 20, 0.001, 1, False, False 1.4593211543021931 26.89121192061415 3.3673085396747076 0.009920561196189325 0.26042523847036053 0.05623572090715848 
[1, 24], [24, 10], [1, 10], [10, 10], [1], 10, 0.001, 1, False, False 1.5230998640259106 27.743230052264977 3.558472998747009 0.024412483171349045 0.22954892230058788 0.1806175177973217 
[1, 24], [24, 1], [1, 5], [10, 10], [1], 10, 0.001, 1, False, False 1.6515008214447235 32.73947559100119 4.268673079536278 0.06854020613772056 1.0953974637468553 0.5050894029071976 
[1, 24], [24, 10], [1, 5], [10, 10], [1], 1, 0.001, 1, False, False 1.8908957800517487 37.82593052500246 5.863217073697805 0.0373770342782334 0.14472124527613792 0.16036719238612135 
[1, 24], [24, 1], [1, 10], [20, 20], [0, 1], 20, 0.001, 1, False, False 1.4942603571271456 29.148496818239803 3.326609964780637 0.02050548165415639 0.5033980387753397 0.17189432123958184 
[1, 24], [24, 1], [1, 10], [20, 20], [1], 5, 0.001, 1, False, False 1.7342124441707576 35.06495089518893 4.84868629121854 0.0750998174937977 1.1499585969407486 0.4579350079807692 
[1, 24, 48], [24, 1, 1], [1, 10, 10], [10, 10, 10], [0, 1, 2], 1, 0.001, 1, False, False 1.8365637162493336 37.490982134388126 5.622194917870048 0.041971138284263916 0.28777708186351625 0.19454909682813004 
[1, 24], [24, 15], [1, 5], [10, 10], [0, 1], 10, 0.001, 1, False, False 1.6739972834923753 32.63904047188668 4.549440152779139 0.06657156586674008 2.965109984457584 0.5381091147980632 
[1, 24], [24, 5], [1, 5], [10, 10], [0, 1], 1, 0.001, 1, False, False 1.8711032458201606 37.72877649310448 5.803733262266303 0.003445122838031031 0.20438520858191397 0.015581975113926295 
[1, 24], [24, 10], [1, 5], [10, 10], [1], 5, 0.001, 1, False, False 1.7064556002754856 34.01157653772871 4.715538533002166 0.05991872105530528 1.721398980624491 0.3293189098442866 
[1, 24], [24, 1], [1, 10], [20, 20], [1], 10, 0.001, 1, False, False 1.631302413882481 29.86283483226381 4.031640004299775 0.04605097913458419 0.6056408981312887 0.3241447131204241 
[1, 24], [24, 1], [1, 5], [20, 20], [1], 20, 0.001, 1, False, False 1.5467251679135696 29.100093843002963 3.548013942159368 0.03570438340381067 0.3394759786356192 0.13583332350474886 
[1, 24, 48], [24, 10, 1], [1, 5, 5], [10, 10, 10], [0, 1, 2], 1, 0.001, 1, False, False 1.8438650335426685 37.65042066107785 5.6531568261068195 0.03800122992738997 0.2571119566285464 0.17898925195326823 
[1, 24, 48], [24, 5, 1], [1, 10, 10], [20, 20, 20], [0, 1, 2], 1, 0.001, 1, False, False 1.8474015757579496 37.34944053638444 5.669841637315493 0.07660311356916473 0.1932375903441834 0.3302832035097706 
[1, 24, 48], [24, 15, 1], [1, 5, 5], [20, 20, 20], [0, 1, 2], 1, 0.001, 1, False, False 1.8340563234493692 37.98230879893897 5.623779259035033 0.01855578655638445 0.11150716319936141 0.081212081990905 
[1, 24, 48], [24, 15, 5], [1, 10, 10], [10, 10, 10], [0, 1, 2], 1, 0.001, 1, False, False 1.7909713891921222 37.11292203512863 5.450563935054753 0.03847194104226066 0.4684349302963912 0.1728897210856404 
[1, 24], [24, 1], [1, 10], [10, 10], [1], 1, 0.001, 1, False, False 1.910428821985369 37.78230624419715 5.97093016491186 0.02426659371171582 0.12451639299049772 0.08847694631105409 
[1, 24], [24, 5], [1, 10], [10, 10], [1], 20, 0.001, 1, False, False 1.4856840316206217 26.997903879410984 3.426407057669607 0.0013398901060385068 0.15666798645108448 0.008627631251765326 
[1, 24], [24, 15], [1, 10], [20, 20], [1], 10, 0.001, 1, False, False 1.488780261245039 27.703944442891963 3.3422296501166806 0.013770606860759598 0.4408748657397058 0.04945330509216436 
[1, 24], [24, 5], [1, 10], [20, 20], [1], 1, 0.001, 1, False, False 1.8385968262674632 37.501299387891144 5.597704249771302 0.03998575939811613 0.48371254524319884 0.2121357045687869 
[1, 24], [24, 15], [1, 10], [10, 10], [1], 10, 0.001, 1, False, False 1.5027123481242197 27.704733782275458 3.3804306227832224 0.0348905509856842 1.1292727003264407 0.13890165985194922 
[1, 24], [24, 10], [1, 5], [10, 10], [0, 1], 20, 0.001, 1, False, False 1.4921851845803085 27.640592164705087 3.4065409514793052 0.03844546684434214 0.502933897078086 0.21441937542607217 
[1, 24], [24, 1], [1, 10], [10, 10], [1], 5, 0.001, 1, False, False 1.7760762006872233 34.81258106400213 5.1419324981075105 0.03921347629884096 0.5944987511747397 0.3188920342954861 
[1, 24], [24, 1], [1, 5], [10, 10], [1], 20, 0.001, 1, False, False 1.5269554165226442 28.805778836762457 3.5023992300462456 0.01323589591017075 0.2662502228825362 0.052114591108505415 
[1, 24], [24, 5], [1, 5], [10, 10], [0, 1], 5, 0.001, 1, False, False 1.8278074454378201 36.879310035508105 5.575566073741913 0.031707209995407576 0.8286575184617972 0.1576219190541344 
[1, 24], [24, 10], [1, 10], [20, 20], [1], 20, 0.001, 1, False, False 1.4755877300131102 27.5973686680704 3.366880182942065 0.009696792354759756 0.27376291313487233 0.03988290139820082 
[1, 24, 48], [24, 1, 1], [1, 10, 10], [20, 20, 20], [0, 1, 2], 5, 0.001, 1, False, False 1.6005445427157816 28.465103033238634 3.9749956683414056 0.003137928228338994 0.6982867319604866 0.10752522488874501 
[1, 24], [24, 1], [1, 5], [20, 20], [1], 1, 0.001, 1, False, False 1.9178312609455102 37.99762309907958 6.001360158187136 0.01006686298629642 0.118881256466193 0.029171638818449377 
[1, 24], [24, 10], [1, 5], [20, 20], [0, 1], 1, 0.001, 1, False, False 1.8414865494740233 37.67984366514642 5.669842371580111 0.024784992887568476 0.4192906141444175 0.12311544819928848 
[1, 24], [24, 15], [1, 5], [10, 10], [1], 1, 0.001, 1, False, False 1.9080787729885849 37.98738459524645 5.958745542083128 0.024025161078821425 0.0855847409555226 0.09959401333824679 
[1, 24], [24, 10], [1, 10], [20, 20], [0, 1], 10, 0.001, 1, False, False 1.533715636835054 28.63720395002073 3.5472549225749366 0.0649263389644045 1.2395885017283637 0.3183416988967577 
[1, 24], [24, 15], [1, 5], [10, 10], [1], 20, 0.001, 1, False, False 1.4183399419196778 25.616644651193656 3.1708157286655365 0.057002193629764254 0.9855406818766149 0.22931946850927543 
[1, 24], [24, 5], [1, 5], [20, 20], [1], 20, 0.001, 1, False, False 1.4805561552859017 27.12064999508729 3.459132875311696 0.0384232553042589 0.6613346459288402 0.1796916183923686 
[1, 24, 48], [24, 15, 15], [1, 10, 10], [20, 20, 20], [0, 1, 2], 1, 0.001, 1, False, False 1.7823953442689449 36.87086375781812 5.303216221626803 0.03092445497504569 0.6887211723171373 0.1527131404861924 
[1, 24], [24, 15], [1, 5], [20, 20], [1], 1, 0.001, 1, False, False 1.8283046362438693 37.48164024843833 5.614780367272547 0.041765632715327246 0.5203272606483003 0.24878750121115456 
[1, 24], [24, 5], [1, 10], [20, 20], [1], 5, 0.001, 1, False, False 1.6177912416419498 31.51474476360581 4.014900697875871 0.06257440504298033 1.5196603429552964 0.37183586735084445 
[1, 24], [24, 5], [1, 10], [10, 10], [1], 1, 0.001, 1, False, False 1.871405470578207 37.37709764640661 5.801379289622073 0.013237972683268063 0.15307013780272366 0.09380009192954615 
[1, 24], [24, 10], [1, 5], [10, 10], [1], 10, 0.001, 1, False, False 1.5838638078145408 28.426529617567457 3.860300779501365 0.10374138085439955 2.913968957331471 0.4620326936380623 
[1, 24], [24, 5], [1, 5], [10, 10], [1], 20, 0.001, 1, False, False 1.4897975626781033 27.04848545686917 3.475583710126729 0.020067648621523854 0.10861559357600603 0.09457977171115539 
[1, 24, 48], [24, 1, 1], [1, 10, 10], [10, 10, 10], [0, 1, 2], 5, 0.001, 1, False, False 1.6600490353035706 31.220431984765913 4.3205857184176715 0.06790264105413547 2.007037181953044 0.38154989560375296 
[1, 24], [24, 1], [1, 5], [20, 20], [1], 5, 0.001, 1, False, False 1.7968131836641719 36.44073692532138 5.486541137758411 0.05080017704164235 0.6736584251418725 0.22210580859243115 
[1, 24], [24, 1], [1, 10], [10, 10], [1], 10, 0.001, 1, False, False 1.6215670149359438 29.971240297449313 4.038546075721935 0.037927047112426684 1.385728493025169 0.2044942307596508 
[1, 24], [24, 10], [1, 10], [10, 10], [1], 20, 0.001, 1, False, False 1.4796629576012492 27.211390608301624 3.392231137455299 0.019349064597478052 0.6717863261374836 0.09706302660155716 
[1, 24], [24, 5], [1, 5], [20, 20], [1], 1, 0.001, 1, False, False 1.8375091795982037 37.57972841147033 5.609826195368271 0.010426017511640665 0.14769028644540041 0.1015394213655305 
[1, 24], [24, 15], [1, 10], [20, 20], [0, 1], 10, 0.001, 1, False, False 1.5440252185143806 28.271556482509926 3.696531302595883 0.06350359007400866 1.163774208364384 0.32609277182446816 
[1, 24], [24, 10], [1, 10], [10, 10], [0, 1], 10, 0.001, 1, False, False 1.573700973915833 28.329958448999367 3.8243746852920757 0.036895824542980446 0.3581286175081637 0.18611531334922604 
[1, 24], [24, 1], [1, 10], [20, 20], [1], 20, 0.001, 1, False, False 1.4773031036059063 28.156908146176665 3.2844153883796583 0.017727255148793763 0.7366446287438069 0.02410018947767862 
[1, 24], [24, 10], [1, 10], [20, 20], [1], 1, 0.001, 1, False, False 1.846393873777103 37.814432954918196 5.6932023042394 0.006473832538587943 0.28365338015259045 0.057823477019893044 
[1, 24], [24, 15], [1, 5], [10, 10], [1], 5, 0.001, 1, False, False 1.8138711665791494 36.12194949445336 5.444159662199077 0.03399179939154964 0.6034459471808613 0.21142050448669042 
[1, 24], [24, 10], [1, 5], [20, 20], [1], 20, 0.001, 1, False, False 1.4875894711732316 26.76535406243102 3.4515876996721864 0.056119995109712585 1.3093799660563021 0.15883723997917656 
[1, 24], [24, 10], [1, 10], [10, 10], [1], 1, 0.001, 1, False, False 1.8137518874886966 36.91656088590307 5.4714398144357155 0.039887292955269216 0.10663804621991384 0.17824085972356218 
[1, 24], [24, 1], [1, 10], [10, 10], [0, 1], 20, 0.001, 1, False, False 1.4993094387567705 28.570087522209224 3.4026410915087406 0.01192783929611093 0.29089177713888936 0.08475652980909151 
[1, 24], [24, 5], [1, 10], [10, 10], [1], 5, 0.001, 1, False, False 1.6313254886341315 31.566754513267217 4.271078615108682 0.03410167150451764 0.7728805450969521 0.20290493522261646 
[1, 24], [24, 15], [1, 5], [20, 20], [1], 5, 0.001, 1, False, False 1.6643282407549795 32.75324800430411 4.5309123013265165 0.04517863905774653 2.3178779400187377 0.32489658695909474 
[1, 24], [24, 1], [1, 10], [20, 20], [0, 1], 1, 0.001, 1, False, False 1.8437776154941983 37.93369177560995 5.693556648676981 0.00690916922410915 0.09862387881892684 0.024352922711965087 
[1, 24, 48], [24, 15, 1], [1, 10, 10], [10, 10, 10], [0, 1, 2], 5, 0.001, 1, False, False 1.5925438529501361 28.898428887517614 3.83996081943299 0.016928529465533648 0.6106703849062038 0.11789616686729908 
[1, 24, 48], [24, 15, 5], [1, 10, 10], [20, 20, 20], [0, 1, 2], 5, 0.001, 1, False, False 1.587010033677022 28.330639815047594 3.8734196387645468 0.014323226288938024 0.5885069064857233 0.01847734781505184 
[1, 24], [24, 1], [1, 5], [20, 20], [1], 10, 0.001, 1, False, False 1.6464702057065788 30.98079599935875 4.0785394883551 0.08180545579872148 1.2692525604998894 0.5322502387661642 
[1, 24], [24, 15], [1, 5], [20, 20], [0, 1], 20, 0.001, 1, False, False 1.4905863367986898 28.526243035203894 3.3483241014083647 0.015313176682127993 0.8386804793622314 0.10112969151041067 
[1, 24, 48], [24, 10, 1], [1, 5, 5], [20, 20, 20], [0, 1, 2], 5, 0.001, 1, False, False 1.6752252292577872 31.79696572218741 4.32663476506371 0.05615498648245992 1.7163716851927135 0.41008005176776363 
[1, 24], [24, 10], [1, 10], [20, 20], [1], 5, 0.001, 1, False, False 1.6621199837851302 31.62285944109207 4.262227182388874 0.08576376539711471 3.0867709390244364 0.34371727321793316 
[1, 24, 48], [24, 5, 1], [1, 5, 5], [10, 10, 10], [0, 1, 2], 5, 0.001, 1, False, False 1.696335928321437 32.60504998491529 4.67095776220576 0.04586420692847406 2.6489705263016803 0.27481541334354476 
[1, 24], [24, 10], [1, 5], [20, 20], [0, 1], 5, 0.001, 1, False, False 1.7199999463778957 34.9816819409238 4.798440173900448 0.060080344846231794 1.8151307091613176 0.43509176480477074 
[1, 24], [24, 15], [1, 10], [10, 10], [0, 1], 1, 0.001, 1, False, False 1.8352878761236315 37.574360763438285 5.6175043052056175 0.005957455719221631 0.3692704122961873 0.010002706902532063 
[1, 24], [24, 5], [1, 10], [20, 20], [1], 10, 0.001, 1, False, False 1.5541056015287282 29.20842096021551 3.672897535169108 0.012744020134037864 0.36612917120401967 0.08173052948162222 
[1, 24, 48], [24, 15, 15], [1, 5, 5], [10, 10, 10], [0, 1, 2], 5, 0.001, 1, False, False 1.6298797918069698 29.673149198104312 4.105926003634949 0.016540998773588136 1.51754840876276 0.12687850597592365 
[1, 24, 48], [24, 10, 1], [1, 5, 5], [10, 10, 10], [0, 1, 2], 5, 0.001, 1, False, False 1.6753184219891277 33.027103451616796 4.362468904039756 0.021294405200812633 0.6323704172972511 0.058750934865949664 
[1, 24, 48], [24, 15, 1], [1, 5, 5], [20, 20, 20], [0, 1, 2], 5, 0.001, 1, False, False 1.649994111136982 29.942527282896197 4.176998376489652 0.06217992223330806 0.6365735098355093 0.27624203979246337 
[1, 24, 48], [24, 5, 1], [1, 10, 10], [20, 20, 20], [0, 1, 2], 5, 0.001, 1, False, False 1.6143474244271168 30.231630979112833 4.054059289343338 0.09975136783569392 0.9510976930928563 0.4721406141570383 
[1, 24], [24, 15], [1, 5], [10, 10], [1], 10, 0.001, 1, False, False 1.558124252105201 29.06681580681841 3.7903120069801624 0.05649638981271955 0.624773248720838 0.2307347983840174 
[1, 24, 48], [24, 15, 5], [1, 10, 10], [10, 10, 10], [0, 1, 2], 5, 0.001, 1, False, False 1.6202204872336654 29.951548465129303 3.9156194861501756 0.012474527352528244 0.7226962107481887 0.06757187372816051 
[1, 24, 48], [24, 1, 1], [1, 5, 5], [10, 10, 10], [0, 1, 2], 10, 0.001, 1, False, False 1.6022700883862049 28.33894729265964 3.9299639016615644 0.06293815742765269 1.5855579614960391 0.25920475054142794 
[1, 24], [24, 1], [1, 10], [10, 10], [1], 20, 0.001, 1, False, False 1.5209998468695967 28.09295619943131 3.5307527132157586 0.04410861790586238 1.3312953681017503 0.13023947647527082 
[1, 24, 48], [24, 1, 1], [1, 5, 5], [10, 10, 10], [1, 2], 1, 0.001, 1, False, False 1.8705625474452976 37.75182375536018 5.7949934251179505 0.021690231447400895 0.03186339892063523 0.09432129333191984 
[1, 24, 48], [24, 10, 1], [1, 5, 5], [20, 20, 20], [1, 2], 1, 0.001, 1, False, False 1.7914628483630997 37.44752805940558 5.440938300280785 0.025692833015220365 0.40339613412543235 0.1559961169414215 
[1, 24, 48], [24, 15, 5], [1, 5, 5], [10, 10, 10], [0, 1, 2], 10, 0.001, 1, False, False 1.4826267618134068 25.83485265511794 3.5147848173098235 0.04649393982912354 1.162380390951141 0.12657796217620593 
[1, 24], [24, 5], [1, 5], [10, 10], [0, 1], 10, 0.001, 1, False, False 1.5789363599071902 29.771772590247192 3.752723052948093 0.06863460690519776 0.7731204118237746 0.2942335711795162 
[1, 24], [24, 5], [1, 10], [10, 10], [0, 1], 20, 0.001, 1, False, False 1.4947204453801668 27.474295553025755 3.4672644917667683 0.026903764946620168 0.33342319930503334 0.13401993245717864 
[1, 24], [24, 1], [1, 10], [20, 20], [0, 1], 5, 0.001, 1, False, False 1.7588664054732635 36.249832957932 5.1856284385625875 0.039090185225191997 0.840341780354572 0.28568396571297766 
[1, 24, 48], [24, 15, 15], [1, 10, 10], [20, 20, 20], [0, 1, 2], 5, 0.001, 1, False, False 1.5852175365857504 27.991464065209346 3.789481558446885 0.040730880834083535 1.3480502607490303 0.13504469554556972 
[1, 24], [24, 1], [1, 5], [20, 20], [0, 1], 20, 0.001, 1, False, False 1.5032015647877148 29.386896624571182 3.3717095825450465 0.043494872527889125 0.7134530531885556 0.15502304210708787 
[1, 24], [24, 5], [1, 10], [20, 20], [0, 1], 1, 0.001, 1, False, False 1.819483216520813 37.98754682247719 5.590092533767289 0.0023554226173003595 0.34891248875091874 0.013935746543535108 
[1, 24], [24, 1], [1, 5], [10, 10], [0, 1], 20, 0.001, 1, False, False 1.5211345625006494 29.558880249632825 3.4143645183051867 0.02219812034736241 0.7714110822821956 0.10148621419518408 
[1, 24], [24, 15], [1, 5], [20, 20], [1], 10, 0.001, 1, False, False 1.6390163211496895 30.616000530491945 4.1443583010995555 0.14838798055301541 3.604975662357674 0.6863240210881685 
[1, 24], [24, 1], [1, 10], [10, 10], [0, 1], 1, 0.001, 1, False, False 1.9006783274174843 37.775349568131496 5.92420687818937 0.025229443333180165 0.14263724289151503 0.1144583721175433 
[1, 24], [24, 5], [1, 5], [20, 20], [0, 1], 20, 0.001, 1, False, False 1.5162902944755776 28.61530245471927 3.5032930705086813 0.014842923534156484 0.5921319671832352 0.12893696930382365 
[1, 24], [24, 15], [1, 10], [20, 20], [1], 20, 0.001, 1, False, False 1.4646719004269 27.299456444474668 3.3073752488684547 0.04249198739302798 1.1409313082054195 0.1740600154785639 
[1, 24], [24, 1], [1, 5], [20, 20], [0, 1], 1, 0.001, 1, False, False 1.8330411355942486 38.00657962748895 5.650671302858933 0.006201904121494219 0.08098654700567005 0.01732707001119581 
[1, 24, 48], [24, 15, 10], [1, 5, 5], [10, 10, 10], [1, 2], 5, 0.001, 1, False, False 1.6357690145572024 30.335205322778837 4.20916878908749 0.0652814551238706 1.5539712909216497 0.4062544067007809 
[1, 24, 48], [24, 1, 1], [1, 5, 5], [20, 20, 20], [1, 2], 5, 0.001, 1, False, False 1.721131728589535 32.5954423999523 4.840557632296277 0.03168265900675359 1.4486800111643592 0.14153217390463557 
[1, 24], [24, 1], [1, 5], [10, 10], [1], 1, 0.001, 1, False, False 1.9286177278530825 37.83537652524999 6.043633040122304 0.02337947832683026 0.21168589047773373 0.11908738777704266 
[1, 24], [24, 15], [1, 10], [10, 10], [1], 20, 0.001, 1, False, False 1.4137403550247354 26.13968500991997 3.049812033853573 0.04051342652414533 1.176704367909656 0.13723972018462782 
[1, 24, 48], [24, 10, 1], [1, 5, 5], [20, 20, 20], [1, 2], 5, 0.001, 1, False, False 1.6540619159738223 29.527516013670247 4.249885891316496 0.07564701043476749 0.8884037355674368 0.15484471670507266 
[1, 24], [24, 5], [1, 10], [10, 10], [0, 1], 1, 0.001, 1, False, False 1.883833469933382 37.83881943484237 5.854401659392149 0.02200497426972166 0.1590918089738538 0.10862962290826847 
[1, 24], [24, 5], [1, 10], [20, 20], [0, 1], 20, 0.001, 1, False, False 1.4655729223732594 28.258735699697343 3.1935255095406556 0.006670869414802029 0.0894304199507558 0.09684491446382722 
[1, 24, 48], [24, 15, 5], [1, 5, 5], [10, 10, 10], [1, 2], 1, 0.001, 1, False, False 1.8137309937565416 36.9751016996938 5.532188254376852 0.018621362596017883 0.5406300449952167 0.042077996555065604 
[1, 24, 48], [24, 1, 1], [1, 5, 5], [10, 10, 10], [1, 2], 5, 0.001, 1, False, False 1.679834625138729 32.16571260337167 4.4800925144455235 0.09324984690652367 3.2173802573750723 0.7453378858823764 
[1, 24], [24, 15], [1, 10], [20, 20], [1], 1, 0.001, 1, False, False 1.8175696806361283 36.945041352323834 5.509656381478691 0.056144664483176225 0.8086673539919229 0.3069637103470516 
[1, 24], [24, 15], [1, 10], [10, 10], [0, 1], 5, 0.001, 1, False, False 1.6526954157208953 32.24318838563898 4.372547164260863 0.1356310273545748 3.5400311795172517 0.8841403730125221 
[1, 24], [24, 10], [1, 5], [10, 10], [1], 20, 0.001, 1, False, False 1.4979511758036637 27.269259826853432 3.4729215771571176 0.021926256931721552 0.196051237025374 0.026881448569526872 
[1, 24, 48], [24, 15, 1], [1, 10, 10], [20, 20, 20], [0, 1, 2], 10, 0.001, 1, False, False 1.4986008253086496 26.948101727784962 3.510657264388824 0.04900588414490032 0.7895776133986057 0.1462926837980175 
[1, 24], [24, 10], [1, 5], [10, 10], [0, 1], 1, 0.001, 1, False, False 1.8651337965633037 37.940555217494996 5.781148255308651 0.011666166585066388 0.10919824671618712 0.03433996873551575 
[1, 24, 48], [24, 15, 1], [1, 10, 10], [10, 10, 10], [0, 1, 2], 10, 0.001, 1, False, False 1.4886683641553475 27.26365902328111 3.499804134398705 0.020102437547778063 0.13759743088387924 0.05862620271596035 
[1, 24, 48], [24, 5, 1], [1, 5, 5], [20, 20, 20], [0, 1, 2], 10, 0.001, 1, False, False 1.4777401501036904 26.749212926805612 3.4190308823052455 0.0035408491582317025 1.0112035375930586 0.014226135496601984 
[1, 24], [24, 1], [1, 5], [10, 10], [1], 5, 0.001, 1, False, False 1.8404074591067106 36.39525640679498 5.586217082485644 0.05363437994352535 0.9297617487616086 0.295028506134411 
[1, 24, 48], [24, 5, 1], [1, 5, 5], [10, 10, 10], [2], 1, 0.001, 1, False, False 1.926670947367395 37.869351815976835 6.041079245669054 0.00629380031361042 0.05904809205206878 0.016900632217770974 
[1, 24, 48], [24, 1, 1], [1, 10, 10], [20, 20, 20], [0, 1, 2], 10, 0.001, 1, False, False 1.5022291851678382 27.74193663370353 3.4897188709095297 0.030376261312005343 0.8814183665871936 0.13869963145657488 
[1, 24, 48], [24, 20, 5], [1, 5, 5], [20, 20, 20], [2], 1, 0.001, 1, False, False 1.8707555792949824 37.5911736645713 5.769898942802712 0.01572511359772332 0.30120926068319664 0.11095530545706396 
[1, 24, 48], [24, 20, 15], [1, 10, 10], [20, 20, 20], [2], 1, 0.001, 1, False, False 1.8489275714037599 37.45392187513087 5.666116200010482 0.02291940900306798 0.3777347306888901 0.12241147391040917 
[1, 24, 48], [24, 20, 10], [1, 10, 10], [10, 10, 10], [2], 1, 0.001, 1, False, False 1.9042518428768276 37.87981231558695 5.9531036843585765 0.004685170213502815 0.056748757409140815 0.0046662452411112805 
[1, 24], [24, 5], [1, 10], [20, 20], [0, 1], 5, 0.001, 1, False, False 1.6694390300937272 33.73984992752628 4.419170535028746 0.0749453932473284 1.5069975431626792 0.5260637942133133 
[1, 24, 48], [24, 1, 1], [1, 5, 5], [20, 20, 20], [0, 1, 2], 20, 0.001, 1, False, False 1.5012898153177014 28.387696445725222 3.453703653960338 0.02135968265621155 0.8696985455590591 0.052984297620463965 
[1, 24], [24, 1], [1, 10], [10, 10], [0, 1], 5, 0.001, 1, False, False 1.7707327156017225 35.54573654036498 5.229800650286982 0.08165392821104465 1.2892573980945745 0.44802597107311065 
[1, 24, 48], [24, 5, 1], [1, 5, 5], [10, 10, 10], [1, 2], 10, 0.001, 1, False, False 1.5816283424005466 27.65338611966565 3.9871561709993775 0.07772575205900095 1.2503461913438252 0.3954484972638693 
[1, 24, 48], [24, 5, 1], [1, 5, 5], [20, 20, 20], [2], 5, 0.001, 1, False, False 1.8185417708975298 32.54360529152135 5.368510439462727 0.10306721796170383 1.0122406244590378 0.4779286557251251 
[1, 24, 48], [24, 20, 5], [1, 10, 10], [10, 10, 10], [2], 5, 0.001, 1, False, False 1.6693564052245133 32.17609037527178 4.553820137146421 0.038924570767787464 0.7235677571970264 0.39559542331355574 
[1, 24, 48], [24, 15, 5], [1, 5, 5], [20, 20, 20], [1, 2], 5, 0.001, 1, False, False 1.6674032653509465 31.684535906250613 4.157947055822438 0.03667147153021314 1.749903880105347 0.24030378843994424 
[1, 24, 48], [24, 5, 1], [1, 10, 10], [10, 10, 10], [0, 1, 2], 1, 0.001, 1, False, False 1.8254815983137602 37.48993614552847 5.560794480975191 0.02730100284316079 0.2318462611817768 0.12438094247888178 
[1, 24, 48], [24, 20, 10], [1, 10, 10], [20, 20, 20], [2], 5, 0.001, 1, False, False 1.7264156941393463 30.74722236022515 4.565963847976889 0.09354525145342374 2.760233796265939 0.41537724542329885 
[1, 24], [24, 10], [1, 5], [20, 20], [0, 1], 10, 0.001, 1, False, False 1.5315541141149074 28.807700818471858 3.5319281498506427 0.025651017092668784 1.2554280306646237 0.1834844695886911 
[1, 24, 48], [24, 5, 1], [1, 5, 5], [10, 10, 10], [2], 5, 0.001, 1, False, False 1.7481571754095733 33.768134720657976 5.262448516459823 0.09836771083039095 2.488967431672052 0.5212608507511058 
[1, 24, 48], [24, 20, 5], [1, 5, 5], [20, 20, 20], [2], 5, 0.001, 1, False, False 1.7042790918162576 32.204965975312064 4.614952158734835 0.1122106932610029 3.447670226128512 0.6049063235587089 
[1, 24, 48], [24, 1, 1], [1, 10, 10], [10, 10, 10], [0, 1, 2], 10, 0.001, 1, False, False 1.5332494582842895 27.256453247687663 3.722572102106835 0.04139100979691979 0.2516585100124775 0.189374737091645 
[1, 24, 48], [24, 20, 10], [1, 10, 10], [10, 10, 10], [2], 5, 0.001, 1, False, False 1.6741658489599274 29.49681584643659 4.517174045736759 0.10625321913300362 2.95744041160076 0.558111715706299 
[1, 24, 48], [24, 20, 15], [1, 10, 10], [20, 20, 20], [2], 5, 0.001, 1, False, False 1.6479870647605923 30.186441157797702 4.218913985820406 0.1009936762284821 2.1782239611151586 0.37651730166451297 
[1, 24], [24, 1], [1, 10], [20, 20], [0, 1], 10, 0.001, 1, False, False 1.598593434139534 30.608983393381518 3.9121878147764835 0.043341668394808436 0.6807279034679902 0.2503713351130785 
[1, 24, 48], [24, 15, 5], [1, 5, 5], [10, 10, 10], [1, 2], 5, 0.001, 1, False, False 1.6318840390209253 30.06675038544383 3.93957386587088 0.05277363444000503 1.1430474653846177 0.27727067096580155 
[1, 24], [24, 15], [1, 5], [10, 10], [0, 1], 20, 0.001, 1, False, False 1.5036623343273445 27.985344195296296 3.4223709843643086 0.07770402288401151 1.6409190082412166 0.3267423565069768 
[1, 24, 48], [24, 5, 1], [1, 10, 10], [10, 10, 10], [2], 10, 0.001, 1, False, False 1.5346567895539385 25.50379759512931 3.900338326622206 0.03376846439178033 1.196093745395629 0.06248435678900526 
[1, 24, 48], [24, 20, 5], [1, 10, 10], [20, 20, 20], [2], 10, 0.001, 1, False, False 1.528358053788543 26.45072292725645 3.7539688220668004 0.05340781132572865 1.4727817235705611 0.19484650796750067 
[1, 24], [24, 10], [1, 5], [10, 10], [0, 1], 5, 0.001, 1, False, False 1.7641560110229035 35.598928398750765 5.177717315223352 0.05990429797514452 1.5658015706239392 0.39802311541354546 
[1, 24], [24, 15], [1, 5], [20, 20], [0, 1], 1, 0.001, 1, False, False 1.8335532494579205 38.038653871710956 5.643747217423098 0.00894796871807365 0.18353584163592007 0.0411351943827155 
[1, 24, 48], [24, 15, 5], [1, 5, 5], [20, 20, 20], [0, 1, 2], 20, 0.001, 1, False, False 1.4800444348473798 26.925313043048934 3.3803627279056077 0.028476413964097565 0.19584570965935805 0.04590723297678062 
[1, 24, 48], [24, 15, 10], [1, 5, 5], [20, 20, 20], [1, 2], 10, 0.001, 1, False, False 1.6009129391224304 29.941814945294613 3.8296567106411015 0.03978810562204405 0.9508096709551239 0.18125082382658222 
[1, 24, 48], [24, 20, 15], [1, 5, 5], [10, 10, 10], [2], 10, 0.001, 1, False, False 1.6854582680734218 27.184423053707274 4.3647319066876005 0.010245574030804155 0.7080815248765804 0.2072405687017195 
[1, 24, 48], [24, 10, 1], [1, 5, 5], [20, 20, 20], [1, 2], 10, 0.001, 1, False, False 1.544162376328475 28.538748859533627 3.6839933053612843 0.010558428048369792 0.5611611666963964 0.163894742297447 
[1, 24, 48], [24, 1, 1], [1, 5, 5], [20, 20, 20], [1, 2], 10, 0.001, 1, False, False 1.6002312633312412 28.07123300326452 4.024795548758449 0.04105668806160267 0.940232647149615 0.2670776597098835 
[1, 24, 48], [24, 15, 10], [1, 5, 5], [10, 10, 10], [1, 2], 10, 0.001, 1, False, False 1.5612874896369044 27.49596306533323 3.6903110456223325 0.053518472468596735 1.206001250337371 0.18401096287851526 
[1, 24, 48], [24, 15, 15], [1, 10, 10], [10, 10, 10], [0, 1, 2], 1, 0.001, 1, False, False 1.8135314273061578 37.40819142750596 5.4933647290427325 0.03142307037322225 0.8012234575682153 0.2340538908696181 
[1, 24, 48], [24, 5, 1], [1, 5, 5], [20, 20, 20], [1, 2], 20, 0.001, 1, False, False 1.5083799481046973 28.008453377059993 3.466875995829234 0.01281192285087211 0.6094082690695568 0.04029354203077786 
[1, 24, 48], [24, 15, 15], [1, 5, 5], [20, 20, 20], [0, 1, 2], 10, 0.001, 1, False, False 1.5656903467382548 28.700821891237894 3.6867852388259617 0.06422932065190111 0.8658622468848174 0.231759274760915 
[1, 24, 48], [24, 5, 1], [1, 5, 5], [20, 20, 20], [2], 10, 0.001, 1, False, False 1.7328581811860204 30.34920881035646 4.811500218548818 0.07700298272922955 2.8694046284641903 0.48511480308945193 
[1, 24, 48], [24, 1, 1], [1, 5, 5], [10, 10, 10], [1, 2], 10, 0.001, 1, False, False 1.5895163607956084 28.028059700552777 3.877625281658686 0.04997014283295832 0.9824175223877605 0.25860397451617917 
[1, 24, 48], [24, 15, 15], [1, 5, 5], [10, 10, 10], [0, 1, 2], 10, 0.001, 1, False, False 1.6305353953882502 28.47983084779511 3.9679833713983546 0.02756949435814539 0.5613190878745029 0.15952498260495415 
[1, 24, 48], [24, 20, 5], [1, 10, 10], [10, 10, 10], [2], 10, 0.001, 1, False, False 1.622194189336841 27.745623987299883 4.0447654717169765 0.07370849513199958 0.7153109927911173 0.37400034899668555 
[1, 24, 48], [24, 10, 1], [1, 5, 5], [10, 10, 10], [1, 2], 1, 0.001, 1, False, False 1.8693162869110154 37.85727033352831 5.799746053257 0.006964670026963741 0.1005701939556358 0.020895721249187007 
[1, 24, 48], [24, 5, 1], [1, 10, 10], [10, 10, 10], [0, 1, 2], 5, 0.001, 1, False, False 1.6445522242467165 29.706420925641456 4.16374474716505 0.058821199036646524 1.1327996248278642 0.30412090700441324 
[1, 24, 48], [24, 5, 1], [1, 5, 5], [10, 10, 10], [2], 10, 0.001, 1, False, False 1.6845616365058556 28.177726732158494 4.457892196211476 0.03806864152654375 2.5487863606516163 0.19540115936201297 
[1, 24, 48], [24, 20, 5], [1, 5, 5], [20, 20, 20], [2], 10, 0.001, 1, False, False 1.6856986040318456 30.50108226119734 4.325490978938167 0.00047073309629485743 1.127734355843548 0.21641042057831814 
[1, 24, 48], [24, 20, 10], [1, 10, 10], [20, 20, 20], [2], 10, 0.001, 1, False, False 1.5402371559361068 27.001195916281706 3.6748266838752053 0.06373145396789243 0.7470357064323313 0.2688650954683639 
[1, 24, 48], [24, 5, 1], [1, 5, 5], [10, 10, 10], [0, 1, 2], 10, 0.001, 1, False, False 1.5962612653565076 27.661618385773057 4.086631794797855 0.09623646092880052 1.0294620740177707 0.45651676994999124 
[1, 24, 48], [24, 10, 1], [1, 5, 5], [20, 20, 20], [0, 1, 2], 10, 0.001, 1, False, False 1.574060351918969 28.135413031537933 3.7658787817936665 0.027859799419749854 0.9316746227767689 0.10651431667061101 
[1, 24, 48], [24, 15, 1], [1, 10, 10], [10, 10, 10], [0, 1, 2], 10, 0.001, 1, False, False 1.4797987669775334 26.728868284827104 3.492265373987907 0.03667031480412537 0.9329644826282557 0.10076377679738871 
[1, 24, 48], [24, 20, 15], [1, 10, 10], [20, 20, 20], [2], 10, 0.001, 1, False, False 1.5852213690816255 26.615474065725703 3.980025770582968 0.054931264489582465 0.3036963807882912 0.1740457248808513 
[1, 24, 48], [24, 20, 10], [1, 10, 10], [10, 10, 10], [2], 10, 0.001, 1, False, False 1.5916650815418478 27.400411700021778 3.817277478951293 0.048373737664312605 0.4521199154208848 0.1921012145636689 
[1, 24], [24, 15], [1, 5], [20, 20], [1], 20, 0.001, 1, False, False 1.519692538878708 27.793462238926818 3.5884809221397798 0.023855190408205138 0.45594650656668106 0.2495914366785892 
[1, 24, 48], [24, 5, 1], [1, 10, 10], [20, 20, 20], [2], 20, 0.001, 1, False, False 1.4812754739213876 26.1041905118052 3.597448153631173 0.04484453780461015 1.297089353258767 0.12744426535820422 
[1, 24, 48], [24, 15, 5], [1, 10, 10], [20, 20, 20], [0, 1, 2], 10, 0.001, 1, False, False 1.4855064691078885 27.246407094565438 3.41325345751493 0.013778770640298022 0.5742511189239793 0.06886252193031377 
[1, 24, 48], [24, 15, 15], [1, 5, 5], [10, 10, 10], [1, 2], 10, 0.001, 1, False, False 1.5669462761393298 27.36774233468238 3.763257954811923 0.028835335134813348 0.9878303083104053 0.018056221742449856 
[1, 24], [24, 5], [1, 5], [10, 10], [0, 1], 20, 0.001, 1, False, False 1.4696379528001504 26.890710550603227 3.3558216232000824 0.020020122099313413 0.46153881876284514 0.13945583838472964 
[1, 24, 48], [24, 15, 15], [1, 10, 10], [20, 20, 20], [0, 1, 2], 10, 0.001, 1, False, False 1.5408629806298348 27.1936839083882 3.7260765126089854 0.036778287145526396 0.49564099168664794 0.16835829499484978 
[1, 24, 48], [24, 20, 5], [1, 5, 5], [10, 10, 10], [2], 1, 0.001, 1, False, False 1.924737171194068 38.11970114328688 6.076299471378398 0.043359518027579404 0.4439321782329241 0.22305640780023542 
[1, 24, 48], [24, 20, 10], [1, 5, 5], [10, 10, 10], [2], 20, 0.001, 1, False, False 1.4600304833647832 25.742297969570245 3.4056249452769953 0.027228020160330123 1.2670909689815604 0.10312729395273 
[1, 24, 48], [24, 15, 1], [1, 5, 5], [20, 20, 20], [0, 1, 2], 10, 0.001, 1, False, False 1.5481562757381688 27.3490585209272 3.7868874113422506 0.022719439750637394 1.1572872076658838 0.12208944886762023 
[1, 24, 48], [24, 20, 15], [1, 5, 5], [20, 20, 20], [2], 20, 0.001, 1, False, False 1.5125649041254763 26.45705805985367 3.4624088842509817 0.04051802355451929 1.4269722186940785 0.28105870315757925 
[1, 24], [24, 15], [1, 10], [10, 10], [0, 1], 10, 0.001, 1, False, False 1.550021482300427 28.415394393476884 3.6155773533053033 0.028984370479501663 0.6121620070180241 0.11790999731127502 
[1, 24, 48], [24, 5, 1], [1, 10, 10], [20, 20, 20], [0, 1, 2], 10, 0.001, 1, False, False 1.5406111093375972 27.297015566188694 3.7475548199372777 0.04873437168088559 1.3115335924172005 0.18635322675492286 
[1, 24, 48], [24, 20, 10], [1, 5, 5], [20, 20, 20], [2], 1, 0.001, 1, False, False 1.8497741082200303 37.529166384065405 5.683541084658625 0.023892981906698037 0.24027109114802914 0.06613133016177049 
[1, 24, 48], [24, 1, 1], [1, 5, 5], [30, 30, 30], [1, 2], 1, 0.001, 1, False, False 1.8462051292950357 38.076578393026175 5.706010422110701 0.01770023855071163 0.09724442971512039 0.06590231183139102 
[1, 24, 48], [24, 20, 15], [1, 10, 10], [10, 10, 10], [2], 1, 0.001, 1, False, False 1.914609721302987 37.76852663478865 5.965340973779791 0.026454592033825212 0.08118403859708215 0.14600320520655036 
[1, 24, 48], [24, 10, 1], [1, 5, 5], [10, 10, 10], [0, 1, 2], 10, 0.001, 1, False, False 1.6077296272403114 29.367585547039777 3.888890295701655 0.01747396268788047 2.4240222882069995 0.03693546943914423 
[1, 24], [24, 10], [1, 10], [20, 20], [0, 1], 20, 0.001, 1, False, False 1.4915675536625919 28.246418956853557 3.309915951208381 0.01889696810946316 0.6259240965479913 0.1137396716892268 
[1, 24, 48], [24, 15, 5], [1, 10, 10], [10, 10, 10], [0, 1, 2], 10, 0.001, 1, False, False 1.4932658045104257 26.25603692742544 3.5424068042840537 0.02509673080066543 0.5989498531432431 0.12306960758620239 
[1, 24], [24, 15], [1, 5], [20, 20], [0, 1], 5, 0.001, 1, False, False 1.725385856214497 36.055574067227944 4.9861359193764665 0.051089332176829684 1.108692839797021 0.38827022272049216 
[1, 24, 48], [24, 15, 15], [1, 10, 10], [10, 10, 10], [0, 1, 2], 5, 0.001, 1, False, False 1.636596128654977 28.783974931003623 4.020445646779708 0.07229706929988103 1.2805303113689426 0.28363465357122725 
[1, 24, 48], [24, 10, 1], [1, 5, 5], [10, 10, 10], [1, 2], 5, 0.001, 1, False, False 1.6775303754541608 31.43608140370434 4.279887509066319 0.040873226831827175 0.5433170674886388 0.25110618222780756 
[1, 24], [24, 15], [1, 10], [20, 20], [0, 1], 20, 0.001, 1, False, False 1.4544972848285127 27.466678474093197 3.2074299681434826 0.012120798366885219 0.11546495876782535 0.1280877609705517 
[1, 24, 48], [24, 15, 1], [1, 5, 5], [10, 10, 10], [1, 2], 20, 0.001, 1, False, False 1.4520972936034753 27.025395869327685 3.3092877730503525 0.03697056273389276 0.7906805609998279 0.19839274691426137 
[1, 24, 48], [24, 15, 5], [1, 5, 5], [20, 20, 20], [1, 2], 10, 0.001, 1, False, False 1.5340200432334787 27.52821976747695 3.5814979145172754 0.045359427152196576 0.9971511746882558 0.1999888894872458 
[1, 24, 48], [24, 20, 5], [1, 5, 5], [10, 10, 10], [2], 5, 0.001, 1, False, False 1.7890268926819168 35.217611339459204 5.202234635508758 0.03832531946955463 0.2582898539355442 0.2720382824923386 
[1, 24], [24, 15], [1, 5], [10, 10], [0, 1], 1, 0.001, 1, False, False 1.8601535012738575 37.908745570198455 5.762861050718183 0.018360148616690938 0.05341575038355714 0.07661597320298578 
[1, 24, 48], [24, 5, 1], [1, 5, 5], [40, 40, 40], [1, 2], 1, 0.001, 1, False, False 1.8118572516297853 37.86011782068791 5.521000488162167 0.013060279374328788 0.2588030503951289 0.08886211868830762 
[1, 24, 48], [24, 15, 1], [1, 5, 5], [20, 20, 20], [1, 2], 1, 0.001, 1, False, False 1.801948914621715 37.6223326843329 5.531982782625572 0.009539628205737699 0.25499158466426475 0.06514035711622083 
[1, 24], [24, 10], [1, 10], [10, 10], [0, 1], 20, 0.001, 1, False, False 1.4508932916723467 27.040900123158426 3.217929427482284 0.029542116483057455 0.6410653134262965 0.1375823326847061 
[1, 24, 48], [24, 5, 1], [1, 10, 10], [10, 10, 10], [2], 20, 0.001, 1, False, False 1.498721257362653 25.51469756980958 3.67003724912708 0.02136432319310118 0.3685309779860606 0.12417100824683248 
[1, 24, 48], [24, 20, 10], [1, 5, 5], [20, 20, 20], [2], 5, 0.001, 1, False, False 1.6664174703536212 33.12315280501761 4.394094515244585 0.03357806594504041 1.8964076895092368 0.373398360122042 
[1, 24, 48], [24, 20, 15], [1, 10, 10], [10, 10, 10], [2], 5, 0.001, 1, False, False 1.7756184456800976 33.296815972642776 4.782694489582837 0.01786873828110499 1.9978831659742422 0.35958490546371735 
[1, 24, 48], [24, 15, 5], [1, 5, 5], [10, 10, 10], [1, 2], 10, 0.001, 1, False, False 1.5994883343025492 27.788793464708323 3.939276561434132 0.01697488433057725 0.28901209953175344 0.025961641061822763 
[1, 24, 48], [24, 5, 1], [1, 10, 10], [20, 20, 20], [2], 1, 0.001, 1, False, False 1.8551301064728591 37.63460195777184 5.758345292816778 0.011757372050241665 0.357395801582096 0.04077648177251764 
[1, 24, 48], [24, 10, 1], [1, 20, 20], [30, 30, 30], [1, 2], 1, 0.001, 1, False, False 1.7703416873459463 37.078453221585775 5.2654865476611965 0.017613923485129537 0.09492000905227384 0.07191855610765685 
[1, 24, 48], [24, 15, 10], [1, 20, 20], [40, 40, 40], [1, 2], 1, 0.001, 1, False, False 1.7508165661383561 36.40982474294233 5.153765774126083 0.021027972593703738 0.7919522255554443 0.14743516136773338 
[1, 24], [24, 10], [1, 10], [20, 20], [0, 1], 1, 0.001, 1, False, False 1.8307228409443743 37.829672836333486 5.621761304873011 0.026791701225200804 0.19476819149024036 0.11770859215959063 
[1, 24, 48], [24, 20, 5], [1, 10, 10], [20, 20, 20], [2], 20, 0.001, 1, False, False 1.4404003124753084 25.540244290262706 3.298645421499201 0.061660235649537945 1.237256685761636 0.25766915485673086 
[1, 24], [24, 10], [1, 5], [10, 10], [0, 1], 10, 0.001, 1, False, False 1.5738108351964641 31.20736472503947 3.7757246773939332 0.08616482658515455 2.4235647947847947 0.3493414401243295 
[1, 24, 48], [24, 1, 1], [1, 5, 5], [40, 40, 40], [1, 2], 5, 0.001, 1, False, False 1.6782898136725029 30.965338551247996 4.351299794604944 0.057061786521153623 0.35114640056444235 0.09770690646430984 
[1, 24, 48], [24, 20, 10], [1, 5, 5], [10, 10, 10], [2], 1, 0.001, 1, False, False 1.8989345525425898 38.068339816163295 5.893063946383578 0.029136952770691487 0.174460618809308 0.16005155247276195 
[1, 24, 48], [24, 10, 1], [1, 10, 10], [10, 10, 10], [0, 1, 2], 20, 0.001, 1, False, False 1.4270756123587491 26.656228697590475 3.2628094347868646 0.02287626737701874 0.9238509529198871 0.02875862187706867 
[1, 24, 48], [24, 20, 15], [1, 5, 5], [10, 10, 10], [2], 20, 0.001, 1, False, False 1.544214568390614 25.19633590383611 3.703088767407888 0.03532863264231121 0.34517211515962865 0.16163742115925706 
[1, 24, 48], [24, 1, 1], [1, 5, 5], [30, 30, 30], [1, 2], 5, 0.001, 1, False, False 1.7164736195708867 34.031894210604904 4.375639675352747 0.03725104287446595 0.5617160938044703 0.1571651999882297 
[1, 24, 48], [24, 15, 1], [1, 10, 10], [20, 20, 20], [0, 1, 2], 20, 0.001, 1, False, False 1.5232258512052121 27.709088437235593 3.682849866007173 0.03651327410356101 0.39559608515097405 0.2464390335194168 
[1, 24, 48], [24, 5, 1], [1, 5, 5], [20, 20, 20], [2], 20, 0.001, 1, False, False 1.515562894767909 25.534062094225067 3.750560782583315 0.05474915862172629 0.2112469387275337 0.40625088955166816 
[1, 24, 48], [24, 5, 1], [1, 5, 5], [40, 40, 40], [1, 2], 5, 0.001, 1, False, False 1.6671502342033715 30.442834015428545 4.409940963023291 0.005818051300279002 0.9457058987463077 0.04181690686630233 
[1, 24, 48], [24, 20, 15], [1, 5, 5], [20, 20, 20], [2], 1, 0.001, 1, False, False 1.8389044361257998 37.53036496107813 5.667412748103554 0.02019231354593921 0.2566734815259996 0.09650548468112892 
[1, 24, 48], [24, 15, 1], [1, 5, 5], [10, 10, 10], [0, 1, 2], 20, 0.001, 1, False, False 1.4737024470404894 25.961742403315238 3.4464871600833717 0.02894707744269796 0.6033826629843462 0.1943734639457202 
[1, 24, 48], [24, 5, 1], [1, 10, 10], [20, 20, 20], [2], 5, 0.001, 1, False, False 1.661946263660987 31.219327747900707 4.456708656450538 0.0127408562956579 1.463619547893304 0.251067285184753 
[1, 24, 48], [24, 5, 1], [1, 5, 5], [10, 10, 10], [2], 20, 0.001, 1, False, False 1.6316702609536824 26.56891332785648 4.270541286862984 0.052204190111495664 0.7750753707457794 0.2096909645254128 
[1, 24, 48], [24, 5, 1], [1, 10, 10], [10, 10, 10], [2], 1, 0.001, 1, False, False 1.9114627337704109 38.04335892850341 6.001852521148481 0.05242106696764256 0.09728666741063506 0.22163628424304913 
[1, 24, 48], [24, 20, 5], [1, 10, 10], [10, 10, 10], [2], 20, 0.001, 1, False, False 1.4770428751215894 25.297712042809266 3.6473169632767486 0.03963637854349862 0.71885632074101 0.1879563896755806 
[1, 24, 48], [24, 15, 1], [1, 5, 5], [20, 20, 20], [1, 2], 5, 0.001, 1, False, False 1.6182194496194524 29.579358580706188 3.939073699194483 0.06471649810400665 1.00579595274008 0.2764208833017269 
[1, 24, 48], [24, 15, 1], [1, 5, 5], [30, 30, 30], [1, 2], 5, 0.001, 1, False, False 1.7277626109757909 31.417801658994463 4.564941845657405 0.02262094309536074 0.7393059634808158 0.0733309781996875 
[1, 24, 48], [24, 20, 5], [1, 5, 5], [10, 10, 10], [2], 10, 0.001, 1, False, False 1.5520838211738957 26.73176346060383 3.8652925792910686 0.06264725857814357 1.305655363201099 0.23613890883881689 
[1, 24, 48], [24, 5, 1], [1, 20, 20], [30, 30, 30], [1, 2], 5, 0.001, 1, False, False 1.5654853019311474 27.645560006981224 3.870324337881929 0.02741621579537904 0.5732430438690455 0.14756328290877818 
[1, 24, 48], [24, 10, 1], [1, 20, 20], [40, 40, 40], [1, 2], 5, 0.001, 1, False, False 1.525827610720363 27.607598504458707 3.6135603072262854 0.01935469070392463 0.5132005127945433 0.0832582577380794 
[1, 24, 48], [24, 15, 15], [1, 5, 5], [20, 20, 20], [1, 2], 20, 0.001, 1, False, False 1.4897243447049904 26.890825202956858 3.3571150272616648 0.024540700817095317 0.6237739692983396 0.11454016580043362 
[1, 24, 48], [24, 5, 1], [1, 5, 5], [20, 20, 20], [2], 1, 0.001, 1, False, False 1.8977300542234274 37.675435295693006 5.923246879618271 0.03655753100437599 0.3488659057843408 0.1412519767658737 
[1, 24, 48], [24, 20, 5], [1, 10, 10], [20, 20, 20], [2], 1, 0.001, 1, False, False 1.8505075272448641 37.91188310654055 5.579178402250778 0.026181582689517476 0.22187990925709067 0.2667093867891003 
[1, 24], [24, 15], [1, 5], [10, 10], [0, 1], 5, 0.001, 1, False, False 1.7905343200597503 35.999802345967844 5.2655288506049445 0.07592289573987798 1.2443967082526672 0.5701147219503795 
[1, 24, 48], [24, 10, 1], [1, 10, 10], [20, 20, 20], [0, 1, 2], 1, 0.001, 1, False, False 1.7944414492420577 37.73676757661446 5.439994848340824 0.019898682937835345 0.5874849836959508 0.1704921514868715 
[1, 24, 48], [24, 15, 5], [1, 5, 5], [10, 10, 10], [0, 1, 2], 20, 0.001, 1, False, False 1.503667911362869 27.06120805129775 3.450377054354451 0.01752994680436486 0.43109209274779947 0.059283756607969335 
[1, 24, 48], [24, 15, 5], [1, 5, 5], [30, 30, 30], [1, 2], 1, 0.001, 1, False, False 1.7799613178052285 37.26159734666156 5.345298775801648 0.039158041307273725 0.5556204681853852 0.22662391971990783 
[1, 24, 48], [24, 20, 10], [1, 5, 5], [10, 10, 10], [2], 5, 0.001, 1, False, False 1.7675116142189065 33.62093676568492 5.099919490321188 0.04801677654537172 2.316376020793439 0.31547471906170044 
[1, 24, 48], [24, 10, 1], [1, 20, 20], [30, 30, 30], [1, 2], 5, 0.001, 1, False, False 1.5836528100763205 28.613664328014064 3.8462778648397986 0.022695584352274343 0.31064593986152905 0.08994414949712541 
[1, 24, 48], [24, 15, 1], [1, 5, 5], [10, 10, 10], [0, 1, 2], 1, 0.001, 1, False, False 1.8162512252728147 37.30475551549974 5.513366184210121 0.045568531820757284 0.5964029886764789 0.23093992029843366 
[1, 24, 48], [24, 20, 5], [1, 5, 5], [20, 20, 20], [2], 20, 0.001, 1, False, False 1.4896859043864188 25.97401122994457 3.505802003665781 0.08772338962380566 1.5191335867544469 0.39260891373563056 
[1, 24, 48], [24, 15, 1], [1, 5, 5], [20, 20, 20], [0, 1, 2], 1, 0.001, 1, False, False 1.8126820243757085 38.01234547282363 5.543279572933958 0.014295595333156148 0.18658432099613156 0.12036335392138565 
[1, 24, 48], [24, 5, 1], [1, 10, 10], [10, 10, 10], [0, 1, 2], 10, 0.001, 1, False, False 1.512647050212103 27.257728674627675 3.5575006209673052 0.012570546169792272 0.5241986109844345 0.06353012755621797 
[1, 24, 48], [24, 1, 1], [1, 5, 5], [10, 10, 10], [0, 1, 2], 20, 0.001, 1, False, False 1.516892944911012 27.904641534913733 3.597481940016735 0.05190062522466722 0.3789410866245294 0.3778738952708636 
[1, 24, 48], [24, 1, 1], [1, 20, 20], [30, 30, 30], [1, 2], 10, 0.001, 1, False, False 1.5183727503788695 27.972599305502168 3.5493335806774393 0.04677400921850224 0.5703763704575446 0.22538786024387336 
[1, 24, 48], [24, 20, 10], [1, 10, 10], [20, 20, 20], [2], 20, 0.001, 1, False, False 1.4210023735684378 24.636156201526177 3.159363240334738 0.03462461203727749 0.6275017558689535 0.1342113622242626 
[1, 24, 48], [24, 20, 5], [1, 10, 10], [10, 10, 10], [2], 1, 0.001, 1, False, False 1.8947708382236745 37.64862149453071 5.88085179274578 0.019936608922354986 0.2513759775578996 0.10901400769086435 
[1, 24, 48], [24, 20, 10], [1, 5, 5], [20, 20, 20], [2], 10, 0.001, 1, False, False 1.745359654724598 31.852585096183486 4.779899954783962 0.08984379621928458 4.3543253025138835 0.7223558448642137 
[1, 24, 48], [24, 15, 10], [1, 20, 20], [40, 40, 40], [1, 2], 5, 0.001, 1, False, False 1.5119711969737655 26.998911502365857 3.547026850641954 0.027124342777619114 0.5229301648188297 0.029781324698624448 
[1, 24, 48], [24, 20, 15], [1, 10, 10], [10, 10, 10], [2], 10, 0.001, 1, False, False 1.692896613437269 28.726969877124002 4.315313861788614 0.08059856047536276 1.7369554499711328 0.2601602679621113 
[1, 24, 48], [24, 20, 15], [1, 5, 5], [20, 20, 20], [2], 5, 0.001, 1, False, False 1.6671263011241397 32.76241141446565 4.457350410658967 0.0883046238960343 2.4865330280242537 0.531406180665776 
[1, 24, 48], [24, 5, 1], [1, 10, 10], [10, 10, 10], [2], 5, 0.001, 1, False, False 1.6955391883850102 31.742388017011322 4.610146501636669 0.03789885913701285 2.8975356188911143 0.24964620277417202 
[1, 24, 48], [24, 15, 5], [1, 5, 5], [20, 20, 20], [0, 1, 2], 1, 0.001, 1, False, False 1.8085823020449396 37.950206288344226 5.507551186815637 0.006796918336371583 0.17609873273203644 0.03437368587630494 
[1, 24, 48], [24, 20, 15], [1, 5, 5], [10, 10, 10], [2], 1, 0.001, 1, False, False 1.887854739016405 37.76776418287178 5.870568238762043 0.027665901870339397 0.11577942556244764 0.10908362383213334 
[1, 24, 48], [24, 10, 1], [1, 5, 5], [10, 10, 10], [1, 2], 10, 0.001, 1, False, False 1.5300441723040965 25.90515410061863 3.670469921559452 0.013943217723965302 0.4181703578298878 0.16336227707579037 
[1, 24, 48], [24, 20, 15], [1, 10, 10], [20, 20, 20], [2], 20, 0.001, 1, False, False 1.435110995884019 24.930949307529854 3.2948260383937336 0.03542783941573011 0.7323149131654108 0.12172342632413569 
[1, 24, 48], [24, 20, 10], [1, 10, 10], [10, 10, 10], [2], 20, 0.001, 1, False, False 1.4479724743024065 24.565868082341847 3.49441420137548 0.04585863087277408 1.5075485408541798 0.1110779375101341 
[1, 24, 48], [24, 20, 5], [1, 10, 10], [20, 20, 20], [2], 5, 0.001, 1, False, False 1.7147839379669338 31.78566545960753 4.396119752997392 0.06466966198715036 0.5322322076631447 0.2940018949431969 
[1, 24, 48], [24, 20, 10], [1, 10, 10], [20, 20, 20], [2], 1, 0.001, 1, False, False 1.8252562467560727 37.6777320601777 5.5337062266074115 0.01820281844192529 0.2778398805850919 0.09163494252897861 
[1, 24, 48], [24, 5, 1], [1, 5, 5], [10, 10, 10], [1, 2], 20, 0.001, 1, False, False 1.6144383896211234 27.021567462058883 4.201068655842945 0.06937077879958867 0.9041855520922809 0.31326465367426426 
[1, 24, 48], [24, 1, 1], [1, 5, 5], [20, 20, 20], [0, 1, 2], 1, 0.001, 1, False, False 1.8263649577067962 37.97994839524275 5.6143835594080755 0.01532401034204503 0.19937722678172176 0.061354064000810754 
[1, 24, 48], [24, 15, 15], [1, 5, 5], [40, 40, 40], [1, 2], 1, 0.001, 1, False, False 1.7997068221922277 37.938989038286174 5.398712185274396 0.028395396062083616 0.5937303437452255 0.2003940354821649 
[1, 24, 48], [24, 5, 1], [1, 10, 10], [20, 20, 20], [2], 10, 0.001, 1, False, False 1.6272892815233382 26.877515156062614 4.230629143366936 0.06458329154055475 0.8005398007462736 0.32860881519837576 
[1, 24, 48], [24, 20, 15], [1, 5, 5], [10, 10, 10], [2], 5, 0.001, 1, False, False 1.7416034542300085 32.75734577628151 4.903527458630884 0.02289596570482523 1.3833139862289636 0.1225602148895872 
[1, 24, 48], [24, 5, 1], [1, 20, 20], [40, 40, 40], [1, 2], 10, 0.001, 1, False, False 1.489283753283046 26.891235040119614 3.5255090956989785 0.054304588628465635 1.8548965580647385 0.16114285671879525 
[1, 24, 48], [24, 5, 1], [1, 5, 5], [20, 20, 20], [1, 2], 1, 0.001, 1, False, False 1.8347892569998903 37.76304197725542 5.694986140846303 0.023642680919762113 0.3750461351390381 0.06494863691465497 
[1, 24, 48], [24, 10, 1], [1, 5, 5], [20, 20, 20], [1, 2], 20, 0.001, 1, False, False 1.4789109503505407 27.06458615466573 3.442822877263714 0.03072150486327604 0.7179667147186106 0.22193486156800044 
[1, 24, 48], [24, 20, 10], [1, 5, 5], [10, 10, 10], [2], 10, 0.001, 1, False, False 1.5976191245433355 28.10962565016675 4.23489866649195 0.022055780510105906 1.7550104769810224 0.24209961676518507 
[1, 24, 48], [24, 15, 10], [1, 5, 5], [20, 20, 20], [1, 2], 20, 0.001, 1, False, False 1.47453494431382 26.443282626095215 3.304408010025892 0.05315513232574225 0.6608032825480652 0.21295701849718507 
[1, 24], [24, 15], [1, 5], [20, 20], [0, 1], 10, 0.001, 1, False, False 1.5562746046455922 29.373068650955204 3.634395998854537 0.06852227729814626 1.1512358085062409 0.25342919401958836 
[1, 24, 48], [24, 15, 10], [1, 5, 5], [30, 30, 30], [1, 2], 10, 0.001, 1, False, False 1.5069550699243945 27.27087957363605 3.4907935862539663 0.027048975465546656 0.28588690653402105 0.16815714658291642 
[1, 24, 48], [24, 20, 15], [1, 5, 5], [20, 20, 20], [2], 10, 0.001, 1, False, False 1.5705437576122308 27.196410498973567 4.0087424879891005 0.04685365181322872 0.4161595542056 0.35623184985612644 
[1, 24], [24, 10], [1, 5], [20, 20], [0, 1], 20, 0.001, 1, False, False 1.4964426685538557 27.619096215937645 3.5374364475568925 0.07763320132712888 0.8337991490241442 0.400191217181867 
[1, 24, 48], [24, 15, 10], [1, 5, 5], [10, 10, 10], [1, 2], 1, 0.001, 1, False, False 1.8342939670853042 37.45001031095591 5.685031509050522 0.03681041489623313 0.5111556049069881 0.16488509026485074 
[1, 24, 48], [24, 15, 1], [1, 5, 5], [10, 10, 10], [1, 2], 1, 0.001, 1, False, False 1.8776321531445894 37.68214704247678 5.821714132070436 0.05725475172922596 0.18933375996712323 0.2618085578153318 
[1, 24, 48], [24, 15, 10], [1, 5, 5], [10, 10, 10], [1, 2], 20, 0.001, 1, False, False 1.4875073870850934 26.28440129852676 3.3713680803755715 0.028299559522453825 0.5664012751047705 0.0988157045990723 
[1, 24, 48], [24, 15, 15], [1, 5, 5], [10, 10, 10], [1, 2], 20, 0.001, 1, False, False 1.459171105272792 26.215634465547797 3.3053338206758007 0.03849643502896211 0.9726499026017316 0.15520105071981044 
[1, 24, 48], [24, 1, 1], [1, 20, 20], [40, 40, 40], [1, 2], 20, 0.001, 1, False, False 1.4905553295932437 27.95144142890028 3.6013313399445277 0.023403944335559052 1.6920404712632546 0.03159434210237241 
[1, 24, 48], [24, 5, 1], [1, 5, 5], [40, 40, 40], [1, 2], 10, 0.001, 1, False, False 1.550927028397995 28.08667965715559 3.6111566796297687 0.012922940481763788 0.7653559768275491 0.09899499987062498 
[1, 24, 48], [24, 15, 15], [1, 10, 10], [10, 10, 10], [0, 1, 2], 10, 0.001, 1, False, False 1.5285981511214268 27.228650360247006 3.6081255581024636 0.02986790966678652 0.6913436460907074 0.08363820724802924 
[1, 24, 48], [24, 1, 1], [1, 5, 5], [20, 20, 20], [1, 2], 20, 0.001, 1, False, False 1.4894147534613256 26.862694903929278 3.5446910306887105 0.014031806229483334 0.8122762419105615 0.1248103650962828 
[1, 24, 48], [24, 15, 15], [1, 5, 5], [20, 20, 20], [1, 2], 1, 0.001, 1, False, False 1.8188044743129506 37.83894770319219 5.590631193708739 0.009332610326291053 0.32295344367863965 0.05552816024582321 
[1, 24, 48], [24, 15, 5], [1, 5, 5], [30, 30, 30], [1, 2], 5, 0.001, 1, False, False 1.578790879773873 30.062812762316117 3.8361481022511934 0.02724332199383826 0.7219418088320975 0.08284223658497492 
[1, 24, 48], [24, 15, 5], [1, 5, 5], [40, 40, 40], [1, 2], 5, 0.001, 1, False, False 1.6482969560280996 31.154368742287502 4.011556570653142 0.08994895083407556 2.915961042773543 0.3379336387563613 
[1, 24, 48], [24, 15, 15], [1, 20, 20], [30, 30, 30], [1, 2], 5, 0.001, 1, False, False 1.5351944486162177 27.440565622177356 3.666657698426071 0.05093012993158781 0.9684816245077339 0.20710898633512104 
[1, 24, 48], [24, 15, 10], [1, 5, 5], [20, 20, 20], [1, 2], 1, 0.001, 1, False, False 1.805949580545227 37.64056460799794 5.462843443087169 0.00967894630859234 0.43983192329125287 0.09207878166395755 
[1, 24, 48], [24, 5, 1], [1, 5, 5], [30, 30, 30], [1, 2], 1, 0.001, 1, False, False 1.8233481633028499 38.05661020493144 5.55375522576741 0.019961572312999144 0.39361735861939834 0.10115643303207801 
[1, 24, 48], [24, 20, 5], [1, 5, 5], [10, 10, 10], [2], 20, 0.001, 1, False, False 1.610427483888688 26.90722670317247 4.146669863058335 0.08430737416000082 0.7331478663950036 0.4374156528714906 
[1, 24, 48], [24, 5, 1], [1, 5, 5], [10, 10, 10], [1, 2], 1, 0.001, 1, False, False 1.8344769556903182 37.26372044378588 5.6238627475340595 0.021445045282809563 0.1261352499474387 0.14161984676714237 
[1, 24, 48], [24, 1, 1], [1, 5, 5], [10, 10, 10], [1, 2], 20, 0.001, 1, False, False 1.4742026605194922 26.70959885514712 3.4389671089718354 0.033044261131632315 0.08954943357554017 0.13263457759376546 
[1, 24, 48], [24, 15, 1], [1, 5, 5], [20, 20, 20], [1, 2], 10, 0.001, 1, False, False 1.637703552276448 28.538848658784485 4.236959115219598 0.09750671085497578 1.229283533642413 0.5813353280620491 
[1, 24, 48], [24, 5, 1], [1, 20, 20], [30, 30, 30], [1, 2], 10, 0.001, 1, False, False 1.4714344332132627 26.98339043063169 3.4249838268396253 0.03338039384190283 0.44098259674128304 0.19720962603896108 
[1, 24, 48], [24, 15, 15], [1, 5, 5], [40, 40, 40], [1, 2], 5, 0.001, 1, False, False 1.748199009798743 31.84105349809204 4.561343638520512 0.07278365224223744 1.290831145486352 0.4604881424245395 
[1, 24, 48], [24, 1, 1], [1, 5, 5], [40, 40, 40], [1, 2], 10, 0.001, 1, False, False 1.5706001193573078 28.766625934230905 3.872943529890011 0.013704344748613739 1.3697253413997166 0.09717173096000353 
[1, 24, 48], [24, 20, 10], [1, 5, 5], [20, 20, 20], [2], 20, 0.001, 1, False, False 1.4601411150492452 24.878831173653666 3.3918591989872975 0.044982568569653165 0.9431480684569291 0.27898319403657845 
[1, 24, 48], [24, 10, 1], [1, 20, 20], [40, 40, 40], [1, 2], 10, 0.001, 1, False, False 1.5090558916813246 27.75925824889507 3.528689417194846 0.007980910540608769 1.389778996737469 0.11035392319701579 
[1, 24, 48], [24, 1, 1], [1, 10, 10], [20, 20, 20], [0, 1, 2], 20, 0.001, 1, False, False 1.4631848554506348 27.332206224010275 3.3653957895595124 0.034340240206043336 0.6218733171624625 0.11938671132128163 
[1, 24, 48], [24, 20, 15], [1, 10, 10], [10, 10, 10], [2], 20, 0.001, 1, False, False 1.4964054655214702 25.49217096596374 3.606070130086138 0.01904704590320466 0.6254953898688685 0.1794282394449617 
[1, 24, 48], [24, 15, 5], [1, 5, 5], [20, 20, 20], [0, 1, 2], 5, 0.001, 1, False, False 1.6213327201152292 29.68788486357416 3.9824596912559946 0.04518149558613996 1.69725217241582 0.08526146849924224 
[1, 24, 48], [24, 15, 1], [1, 5, 5], [30, 30, 30], [1, 2], 10, 0.001, 1, False, False 1.618392150835307 29.636591823663668 4.052463291221268 0.07767164602102061 2.187065057527594 0.31554879454835 
[1, 24, 48], [24, 1, 1], [1, 5, 5], [20, 20, 20], [1, 2], 1, 0.001, 1, False, False 1.821108234673739 37.49470771685967 5.61983544849113 0.020416648716779277 0.2555284859482937 0.11169981270082294 
[1, 24, 48], [24, 5, 1], [1, 5, 5], [20, 20, 20], [1, 2], 5, 0.001, 1, False, False 1.696106669306755 31.89185335837978 4.36124789253558 0.01929818313928219 0.6245648361011052 0.1992213092882318 
[1, 24, 48], [24, 10, 1], [1, 20, 20], [30, 30, 30], [1, 2], 10, 0.001, 1, False, False 1.481948653953495 27.2220022897302 3.406849785568353 0.0008545636929242849 0.8887625388579415 0.14401383216597935 
[1, 24, 48], [24, 10, 1], [1, 10, 10], [20, 20, 20], [0, 1, 2], 5, 0.001, 1, False, False 1.6509078545840803 30.229108077941046 4.084213704383207 0.0333479344561257 0.9407146855389841 0.22317487126102925 
[1, 24, 48], [24, 15, 15], [1, 5, 5], [20, 20, 20], [1, 2], 5, 0.001, 1, False, False 1.694610360996039 30.963030166732064 4.51089500047174 0.08003044702357565 3.0376517378059527 0.46911642250114516 
[1, 24, 48], [24, 1, 1], [1, 5, 5], [30, 30, 30], [1, 2], 10, 0.001, 1, False, False 1.6007273875590835 28.351322440698883 3.979720759774063 0.0213519193958881 0.21260133894659453 0.129326010831431 
[1, 24, 48], [24, 15, 1], [1, 5, 5], [10, 10, 10], [1, 2], 5, 0.001, 1, False, False 1.7241253611252265 33.36777320284199 4.887840447867574 0.018881384853421765 0.5886658177690072 0.21888419342288684 
[1, 24, 48], [24, 15, 1], [1, 5, 5], [10, 10, 10], [0, 1, 2], 5, 0.001, 1, False, False 1.6369643388798945 30.434169164315666 4.226724225135693 0.052037489485801176 1.9886612421199361 0.2874556257292847 
[1, 24, 48], [24, 15, 1], [1, 5, 5], [40, 40, 40], [1, 2], 10, 0.001, 1, False, False 1.5339813109970202 28.003228012989425 3.6673113903420016 0.04494656624981883 0.1702028672390424 0.21325636771025813 
[1, 24, 48], [24, 15, 1], [1, 5, 5], [20, 20, 20], [0, 1, 2], 5, 0.001, 1, False, False 1.6663951498766743 32.92604871085552 4.288359210880238 0.06184015386612104 2.6185874599608736 0.5151851180229661 
[1, 24, 48], [24, 1, 1], [1, 5, 5], [20, 20, 20], [0, 1, 2], 5, 0.001, 1, False, False 1.6527047243797117 31.549704444808384 4.324049206092208 0.0730210087782551 2.409635879558882 0.5109166622948641 
[1, 24, 48], [24, 1, 1], [1, 5, 5], [10, 10, 10], [0, 1, 2], 1, 0.001, 1, False, False 1.877593889459968 37.865183766974326 5.828431101459408 0.027000200476488035 0.0544132690332982 0.11244392903814694 
[1, 24, 48], [24, 5, 1], [1, 5, 5], [30, 30, 30], [1, 2], 5, 0.001, 1, False, False 1.6805395561373897 32.79572481227256 4.393796799609763 0.03410777186429473 1.0001956879407863 0.1588952329576266 
[1, 24, 48], [24, 15, 10], [1, 20, 20], [40, 40, 40], [1, 2], 10, 0.001, 1, False, False 1.4731285751348846 26.35757409620609 3.438300336288405 0.009696441549127617 0.5441551182503468 0.040012231059670375 
[1, 24, 48], [24, 15, 10], [1, 5, 5], [20, 20, 20], [1, 2], 5, 0.001, 1, False, False 1.6653406800633228 31.93292311984936 4.26321825860316 0.03294658603757951 1.1819642873877858 0.15298475605608922 
[1, 24, 48], [24, 5, 1], [1, 5, 5], [10, 10, 10], [1, 2], 5, 0.001, 1, False, False 1.6595292008447429 30.256526142486724 4.25482277940053 0.019485851709947082 1.1319521564323476 0.15312902842742598 
[1, 24, 48], [24, 15, 5], [1, 20, 20], [30, 30, 30], [1, 2], 10, 0.001, 1, False, False 1.4639306893779171 26.50257235533668 3.3815588129952356 0.03403912030386241 0.7408793630049901 0.1008880492519415 
[1, 24, 48], [24, 15, 15], [1, 20, 20], [40, 40, 40], [1, 2], 10, 0.001, 1, False, False 1.4787195732886043 27.153327123638608 3.4453759295353454 0.03398163887786887 1.5024492659016928 0.0666041048991471 
[1, 24, 48], [24, 10, 1], [1, 5, 5], [30, 30, 30], [1, 2], 20, 0.001, 1, False, False 1.4343214268899624 26.794113002952198 3.168187011734968 0.022557943119281044 1.036059846270592 0.07358476455685789 
[1, 24, 48], [24, 1, 1], [1, 10, 10], [10, 10, 10], [0, 1, 2], 20, 0.001, 1, False, False 1.4608011736844977 26.434018401566348 3.512934395739155 0.020869229496019343 0.8046554981994909 0.009734251967801356 
[1, 24, 48], [24, 10, 1], [1, 5, 5], [40, 40, 40], [1, 2], 1, 0.001, 1, False, False 1.7770945871731751 37.43293711209278 5.325172678117785 0.045901179012146215 1.05759570082535 0.28124097663217784 
[1, 24, 48], [24, 15, 10], [1, 5, 5], [40, 40, 40], [1, 2], 20, 0.001, 1, False, False 1.470582415066935 26.358997538223903 3.4607844415062297 0.015412168797868895 0.282827185246006 0.07355548765657806 
[1, 24, 48], [24, 15, 15], [1, 5, 5], [20, 20, 20], [0, 1, 2], 20, 0.001, 1, False, False 1.4826255444713217 27.299701639550392 3.386973606724643 0.02166263293331434 1.0854757229498613 0.04630111810576474 
[1, 24, 48], [24, 15, 5], [1, 5, 5], [20, 20, 20], [1, 2], 20, 0.001, 1, False, False 1.455223966272617 26.369440508042032 3.228005224964115 0.028575729805963943 1.133558885536151 0.0647224839382257 
[1, 24, 48], [24, 1, 1], [1, 10, 10], [20, 20, 20], [0, 1, 2], 1, 0.001, 1, False, False 1.8018334521463624 37.64387758192124 5.486044363019694 0.018707446221504553 0.21364379229664493 0.08166960612463764 
[1, 24, 48], [24, 15, 1], [1, 10, 10], [20, 20, 20], [0, 1, 2], 20, 0.001, 1, False, False 1.4467838674852693 26.942243805469477 3.301313858694007 0.017665283415271685 1.251948125532676 0.10192256739893409 
[1, 24, 48], [24, 15, 10], [1, 20, 20], [30, 30, 30], [1, 2], 1, 0.001, 1, False, False 1.737039019332992 36.07411088688384 4.942198465237723 0.03347818741449073 0.8729521675584331 0.20790972761082685 
[1, 24, 48], [24, 15, 1], [1, 10, 10], [10, 10, 10], [0, 1, 2], 20, 0.001, 1, False, False 1.4446807990057604 26.587629631924255 3.35732102711509 0.04504609515589359 1.1796964648941934 0.21156197732842738 
[1, 24], [24, 15], [1, 10], [10, 10], [0, 1], 20, 0.001, 1, False, False 1.4317929304446337 26.533212294623194 3.123122853424373 0.020944953555228952 0.9302276500615102 0.06485928664667982 
[1, 24, 48], [24, 15, 15], [1, 5, 5], [20, 20, 20], [1, 2], 10, 0.001, 1, False, False 1.540391746197862 27.592772141390753 3.6678422302101286 0.005318043058654385 0.5148281860189923 0.04677638713747127 
[1, 24, 48], [24, 15, 15], [1, 5, 5], [10, 10, 10], [1, 2], 1, 0.001, 1, False, False 1.845284015078236 37.72071802783162 5.693769730650363 0.02468622795230262 0.16185081645010135 0.06859605392187126 
[1, 24, 48], [24, 5, 1], [1, 5, 5], [20, 20, 20], [0, 1, 2], 20, 0.001, 1, False, False 1.495586664477984 27.842080297844106 3.4686252137507876 0.027338896865784845 0.9236091263255606 0.029165841632119147 
[1, 24, 48], [24, 10, 1], [1, 5, 5], [10, 10, 10], [1, 2], 20, 0.001, 1, False, False 1.4559635556061512 26.176393449798905 3.369486990121335 0.017350330347581065 0.13657595983207682 0.023253352466526028 
[1, 24, 48], [24, 15, 1], [1, 10, 10], [20, 20, 20], [0, 1, 2], 1, 0.001, 1, False, False 1.801457621985012 37.73478335255367 5.4718733432159326 0.007924432465734802 0.3796575835913254 0.04975589079080789 
[1, 24, 48], [24, 15, 1], [1, 5, 5], [10, 10, 10], [0, 1, 2], 1, 0.001, 1, False, False 1.8495271992904172 38.06656330935124 5.723968667739384 0.028005241842796826 0.03622426234693589 0.08794497688962122 
[1, 24, 48], [24, 15, 1], [1, 5, 5], [10, 10, 10], [1, 2], 10, 0.001, 1, False, False 1.6216852906953403 28.67696358644213 4.076235911094499 0.049727172576718916 1.5648139852341785 0.178513432538148 
[1, 24, 48], [24, 1, 1], [1, 5, 5], [10, 10, 10], [0, 1, 2], 5, 0.001, 1, False, False 1.7364600295683854 34.2488022434143 4.803352159756861 0.05598374274642437 1.793121841346205 0.3610913265455682 
[1, 24, 48], [24, 5, 1], [1, 5, 5], [20, 20, 20], [1, 2], 10, 0.001, 1, False, False 1.6367421530877 29.24722253877292 4.01450140186657 0.05564570473588115 1.4676728408223851 0.22706608669618594 
[1, 24, 48], [24, 15, 15], [1, 20, 20], [30, 30, 30], [1, 2], 10, 0.001, 1, False, False 1.4638065701281582 26.10816725710451 3.429751431677865 0.03012925005520134 0.394095548748071 0.10100763892228722 
[1, 24, 48], [24, 15, 5], [1, 5, 5], [40, 40, 40], [1, 2], 10, 0.001, 1, False, False 1.588426298558436 28.538180303871798 3.8797147984167215 0.033163878195288946 1.0299783302717078 0.29562892902593285 
[1, 24, 48], [24, 15, 5], [1, 5, 5], [10, 10, 10], [1, 2], 20, 0.001, 1, False, False 1.4729199882527746 26.62010154260479 3.355592389954701 0.016820440083224433 0.5962910925051844 0.08946770754694228 
[1, 24, 48], [24, 10, 1], [1, 5, 5], [40, 40, 40], [1, 2], 5, 0.001, 1, False, False 1.6925294425752426 31.647897341211433 4.237704049885623 0.03955862485608613 1.0105081308301935 0.1909670624845818 
[1, 24, 48], [24, 10, 1], [1, 10, 10], [10, 10, 10], [0, 1, 2], 1, 0.001, 1, False, False 1.8380580676374614 37.60670092540081 5.634642598404873 0.0329077312715166 0.4517017462169051 0.18609616722882635 
[1, 24, 48], [24, 1, 1], [1, 20, 20], [30, 30, 30], [1, 2], 20, 0.001, 1, False, False 1.4622417464714361 26.612504590908742 3.5353977297427 0.00918311287507043 0.4068404207553492 0.07821782587165597 
[1, 24, 48], [24, 15, 15], [1, 5, 5], [40, 40, 40], [1, 2], 10, 0.001, 1, False, False 1.5719853570684792 28.734382018473145 3.800098734039255 0.04629538511155841 1.1122060072450934 0.24615956565679933 
[1, 24, 48], [24, 5, 1], [1, 5, 5], [30, 30, 30], [1, 2], 10, 0.001, 1, False, False 1.5368793855386753 27.59887060595783 3.7320614577430784 0.03956810292682583 0.5155937104680948 0.31283602581933917 
[1, 24, 48], [24, 15, 5], [1, 5, 5], [30, 30, 30], [1, 2], 10, 0.001, 1, False, False 1.5446713372858036 27.877004315363635 3.674167208088916 0.03746682073865421 1.1033005738726582 0.12054348920542254 
[1, 24, 48], [24, 15, 5], [1, 5, 5], [20, 20, 20], [1, 2], 1, 0.001, 1, False, False 1.790313777410322 37.52502841528954 5.442873669265644 0.0321251066962978 0.46277212028266046 0.18047773923077565 
[1, 24, 48], [24, 15, 10], [1, 20, 20], [30, 30, 30], [1, 2], 5, 0.001, 1, False, False 1.5098516019199184 27.071050511725854 3.602205423263582 0.0207084469861004 0.3277044542389995 0.13184247026793855 
[1, 24, 48], [24, 1, 1], [1, 20, 20], [40, 40, 40], [1, 2], 1, 0.001, 1, False, False 1.7520427428599863 36.78380960080731 5.17849547405164 0.03434417992572243 0.7047416423240271 0.18351570376423795 
[1, 24, 48], [24, 5, 1], [1, 20, 20], [40, 40, 40], [1, 2], 20, 0.001, 1, False, False 1.4421524558009375 25.72343556889898 3.4799171980173647 0.018418437388613942 0.870126503125182 0.05283207743779465 
[1, 24, 48], [24, 15, 15], [1, 5, 5], [10, 10, 10], [0, 1, 2], 20, 0.001, 1, False, False 1.497808028736876 27.267271288273744 3.4316903364461626 0.024191525213143834 0.11296724576306502 0.08490111463993086 
[1, 24, 48], [24, 15, 1], [1, 5, 5], [20, 20, 20], [1, 2], 20, 0.001, 1, False, False 1.469534187984687 27.52904467227937 3.3076202596380426 0.01520179178627836 0.2963951123027834 0.05938980936861425 
[1, 24, 48], [24, 15, 15], [1, 5, 5], [10, 10, 10], [1, 2], 5, 0.001, 1, False, False 1.6806208276362333 30.362787414252168 4.352063677760012 0.07081123685416985 1.8205082458390698 0.18931752677294678 
[1, 24, 48], [24, 10, 1], [1, 5, 5], [30, 30, 30], [1, 2], 1, 0.001, 1, False, False 1.801717012734325 37.51929492539995 5.4626981334947535 0.015090141104203038 0.3982803027786691 0.07923182210012537 
[1, 24, 48], [24, 15, 5], [1, 5, 5], [20, 20, 20], [0, 1, 2], 10, 0.001, 1, False, False 1.5537946459388845 29.020447363975304 3.675379970855888 0.0708654198565129 2.0550621162774703 0.20988927298450327 
[1, 24, 48], [24, 15, 1], [1, 20, 20], [30, 30, 30], [1, 2], 20, 0.001, 1, False, False 1.4519678966452678 27.18384145819613 3.3008813464038163 0.014489204110184827 0.6949461836702295 0.07932337404153283 
[1, 24, 48], [24, 15, 5], [1, 20, 20], [40, 40, 40], [1, 2], 20, 0.001, 1, False, False 1.4566548076768722 25.09511105705035 3.628614231331234 0.017782148416719785 0.02013872948064168 0.11139951372575749 
[1, 24, 48], [24, 5, 1], [1, 5, 5], [40, 40, 40], [1, 2], 20, 0.001, 1, False, False 1.4809553540277263 27.4627683575698 3.3934941181711036 0.04728590510391489 1.7467147302592207 0.16241935623965453 
[1, 24, 48], [24, 15, 15], [1, 5, 5], [20, 20, 20], [0, 1, 2], 1, 0.001, 1, False, False 1.779044929174362 37.25082307581773 5.368481750969238 0.042553533200338736 0.7667837663371313 0.18281227020451815 
[1, 24, 48], [24, 15, 15], [1, 5, 5], [30, 30, 30], [1, 2], 1, 0.001, 1, False, False 1.8077973715133135 38.205082396324535 5.502477696722384 0.011754493718874525 0.24506965741372183 0.05814501997948284 
[1, 24, 48], [24, 5, 1], [1, 20, 20], [30, 30, 30], [1, 2], 1, 0.001, 1, False, False 1.810452244623944 37.35762076333416 5.533760934715421 0.028630258490769132 0.11917496561800676 0.16854029788153727 
[1, 24, 48], [24, 15, 1], [1, 20, 20], [40, 40, 40], [1, 2], 1, 0.001, 1, False, False 1.7685506445252235 37.066706799055574 5.2553388701362245 0.01137349164312251 0.3947788115491444 0.09853405427325043 
[1, 24, 48], [24, 1, 1], [1, 5, 5], [20, 20, 20], [0, 1, 2], 10, 0.001, 1, False, False 1.5846335023089695 28.74669706823822 3.8845461645590347 0.03774565770039415 0.8529585687853904 0.2433413243337415 
[1, 24, 48], [24, 15, 15], [1, 10, 10], [20, 20, 20], [0, 1, 2], 20, 0.001, 1, False, False 1.4692115264841255 26.66344387647524 3.404647675874705 0.007993111334091332 0.4167980374850412 0.07537227571534019 
[1, 24, 48], [24, 15, 10], [1, 5, 5], [30, 30, 30], [1, 2], 20, 0.001, 1, False, False 1.4775945380675024 27.701926317554328 3.374610395292322 0.014615805261991058 0.854823758263882 0.041707018135368576 
[1, 24, 48], [24, 15, 1], [1, 10, 10], [10, 10, 10], [0, 1, 2], 20, 0.001, 1, False, False 1.41340820501662 25.641095717800894 3.1753049360430836 0.04328315332107285 1.0455175892492758 0.132576203902364 
[1, 24, 48], [24, 1, 1], [1, 20, 20], [40, 40, 40], [1, 2], 5, 0.001, 1, False, False 1.6025242415498253 29.540486957900665 3.8745656478326045 0.019326379354626052 1.0688853259981952 0.06082169661423503 
[1, 24, 48], [24, 5, 1], [1, 5, 5], [10, 10, 10], [0, 1, 2], 20, 0.001, 1, False, False 1.5794575550351986 30.595658986361226 4.103178499683544 0.1720082796929807 5.528745848251567 1.054423484689937 
[1, 24, 48], [24, 15, 10], [1, 5, 5], [40, 40, 40], [1, 2], 1, 0.001, 1, False, False 1.7991718975344195 37.6837329482643 5.475192973839089 0.013809294218971212 0.5139672006566317 0.0863089865307487 
[1, 24, 48], [24, 15, 1], [1, 5, 5], [10, 10, 10], [0, 1, 2], 5, 0.001, 1, False, False 1.6417519133124088 32.212829809235195 4.157099444748309 0.03801398927765337 1.3500794597362973 0.24696989088354065 
[1, 24, 48], [24, 15, 15], [1, 5, 5], [10, 10, 10], [0, 1, 2], 1, 0.001, 1, False, False 1.8385187051224492 37.958348898209486 5.640577127520653 0.01875883129998159 0.15825990653200867 0.04972134418200245 
[1, 24, 48], [24, 5, 1], [1, 20, 20], [30, 30, 30], [1, 2], 20, 0.001, 1, False, False 1.4323531949823654 26.10517560391401 3.3176622122463506 0.024576069943198234 0.9311051662242683 0.10895724531570616 
[1, 24, 48], [24, 15, 1], [1, 10, 10], [20, 20, 20], [0, 1, 2], 5, 0.001, 1, False, False 1.5676843317156586 28.90963525609584 3.727521630803254 0.030294209367646235 0.6516069556420653 0.12188763336745483 
[1, 24, 48], [24, 10, 1], [1, 5, 5], [20, 20, 20], [0, 1, 2], 20, 0.001, 1, False, False 1.4944169978369717 27.069922244972712 3.5030536069447726 0.03606545255827218 0.29652126222236286 0.21572049554758543 
[1, 24, 48], [24, 10, 1], [1, 5, 5], [30, 30, 30], [1, 2], 5, 0.001, 1, False, False 1.6774071861886315 30.10689270705319 4.35198094540388 0.027366530937654177 0.4398975631347426 0.16891751718771092 
[1, 24, 48], [24, 10, 1], [1, 10, 10], [20, 20, 20], [0, 1, 2], 10, 0.001, 1, False, False 1.5334276665485016 27.605780468543244 3.7672806056248462 0.0231160952305229 0.6554619831374073 0.07064173801005635 
[1, 24, 48], [24, 15, 1], [1, 5, 5], [10, 10, 10], [0, 1, 2], 10, 0.001, 1, False, False 1.5408200612567642 26.957301293410396 3.7179136005592954 0.05648024673290365 0.2827588349756941 0.2653537740753355 
[1, 24, 48], [24, 15, 1], [1, 10, 10], [20, 20, 20], [0, 1, 2], 1, 0.001, 1, False, False 1.7758804508933317 37.09051514201923 5.300788937058065 0.002593466227356737 0.032387361672049406 0.029045473989813476 
[1, 24, 48], [24, 1, 1], [1, 5, 5], [40, 40, 40], [1, 2], 20, 0.001, 1, False, False 1.523306056291417 29.26227271833496 3.4943092950891974 0.010316430308284556 0.791871203715405 0.08215155346117455 
[1, 24, 48], [24, 10, 1], [1, 10, 10], [10, 10, 10], [0, 1, 2], 5, 0.001, 1, False, False 1.6080121568576606 29.021061191207036 3.913464096251314 0.01784266898114481 0.8752000947297328 0.08166309138317497 
[1, 24, 48], [24, 5, 1], [1, 20, 20], [40, 40, 40], [1, 2], 1, 0.001, 1, False, False 1.7481336128794487 36.15788093801718 5.05887604174096 0.038538518904513264 1.483670878660277 0.3247325404898919 
[1, 24, 48], [24, 15, 1], [1, 5, 5], [20, 20, 20], [0, 1, 2], 10, 0.001, 1, False, False 1.5520611197584204 28.57933822910945 3.670995050007241 0.009085837505691098 0.04795523444386092 0.014360053033861002 
[1, 24, 48], [24, 5, 1], [1, 5, 5], [20, 20, 20], [0, 1, 2], 1, 0.001, 1, False, False 1.823796825800781 37.937283946712945 5.614313094235232 0.008248081090883107 0.20257910132171414 0.03945108510536281 
[1, 24, 48], [24, 15, 1], [1, 5, 5], [20, 20, 20], [0, 1, 2], 20, 0.001, 1, False, False 1.4804939460492241 27.503568686275333 3.360534036776387 0.02298332062493321 0.8929956176061484 0.10190577358435499 
[1, 24, 48], [24, 10, 1], [1, 5, 5], [10, 10, 10], [0, 1, 2], 20, 0.001, 1, False, False 1.5425006965796155 26.971139161606136 3.6873169671631008 0.02382212083332811 0.5138038988373871 0.058253091652801965 
[1, 24, 48], [24, 15, 5], [1, 10, 10], [20, 20, 20], [0, 1, 2], 20, 0.001, 1, False, False 1.424614205032035 25.581923164987558 3.286553353217284 0.025285331694248445 0.46323734629009633 0.1678376206645449 
[1, 24, 48], [24, 15, 1], [1, 5, 5], [30, 30, 30], [1, 2], 20, 0.001, 1, False, False 1.4543180447209767 26.44052900782208 3.451007863412728 0.03955767715662962 0.4631642203569828 0.2547437072575892 
[1, 24, 48], [24, 5, 1], [1, 10, 10], [20, 20, 20], [0, 1, 2], 20, 0.001, 1, False, False 1.4700746428014504 26.977921322450317 3.456204645226192 0.05007479860816911 1.0977804413820134 0.14344910418396592 
[1, 24, 48], [24, 10, 1], [1, 20, 20], [30, 30, 30], [1, 2], 20, 0.001, 1, False, False 1.4421061460066726 26.190163845405497 3.5028545849200814 0.026970137112494394 0.14583475320293413 0.2574994425804314 
[1, 24, 48], [24, 15, 1], [1, 10, 10], [10, 10, 10], [0, 1, 2], 1, 0.001, 1, False, False 1.8631478863733788 37.783868410326015 5.729543063481329 0.06077379832334181 0.14652903719659982 0.2804692714932954 
[1, 24, 48], [24, 10, 1], [1, 5, 5], [40, 40, 40], [1, 2], 10, 0.001, 1, False, False 1.5380511942561028 27.965224055151737 3.579752690835997 0.045221782474225966 0.6467446491654263 0.2494597911765387 
[1, 24, 48], [24, 1, 1], [1, 20, 20], [30, 30, 30], [1, 2], 1, 0.001, 1, False, False 1.8023436434429003 37.687974763008945 5.5054158787085905 0.014073981241072873 0.16320226431698526 0.02753154025167826 
[1, 24, 48], [24, 5, 1], [1, 10, 10], [10, 10, 10], [0, 1, 2], 20, 0.001, 1, False, False 1.453795675560832 26.788710957612277 3.3725060412170813 0.017086672584121474 0.6390796388623831 0.0969184763954025 
[1, 24, 48], [24, 15, 15], [1, 5, 5], [30, 30, 30], [1, 2], 5, 0.001, 1, False, False 1.679257151098163 32.22767622120841 4.337285545675745 0.07133469622918794 1.2883349910943829 0.3561214101872917 
[1, 24, 48], [24, 1, 1], [1, 5, 5], [30, 30, 30], [1, 2], 20, 0.001, 1, False, False 1.485215847649508 26.75070503636027 3.5498352993192945 0.05726666173592653 1.900602196141982 0.18832701867925558 
[1, 24, 48], [24, 10, 1], [1, 20, 20], [40, 40, 40], [1, 2], 20, 0.001, 1, False, False 1.4734177392734973 27.15131606404712 3.511127815228884 0.017835730508106072 0.5380393623549479 0.17731526696713765 
[1, 24, 48], [24, 15, 5], [1, 10, 10], [10, 10, 10], [0, 1, 2], 20, 0.001, 1, False, False 1.4211436059601879 25.431172020375968 3.2459854805994155 0.020736770948788646 0.6440808527875399 0.12480991575524482 
[1, 24, 48], [24, 15, 1], [1, 5, 5], [40, 40, 40], [1, 2], 1, 0.001, 1, False, False 1.8208696463731704 38.17045202244389 5.545865584690634 0.010601389353103913 0.10278702917348688 0.07349100755500297 
[1, 24, 48], [24, 15, 1], [1, 20, 20], [40, 40, 40], [1, 2], 5, 0.001, 1, False, False 1.5424040507318246 27.99447146178616 3.746394034109437 0.027398757391040612 0.63751226942597 0.10334056131269516 
[1, 24, 48], [24, 10, 1], [1, 20, 20], [40, 40, 40], [1, 2], 1, 0.001, 1, False, False 1.7703731702985588 36.53643108626363 5.201764321784318 0.011980861493183755 1.0209200427929674 0.14877646695360727 
[1, 24, 48], [24, 15, 1], [1, 10, 10], [10, 10, 10], [0, 1, 2], 1, 0.001, 1, False, False 1.8358753544036992 37.781934757615716 5.651520131199457 0.018053843608189627 0.3473681365196233 0.11072469807879261 
[1, 24, 48], [24, 10, 1], [1, 5, 5], [20, 20, 20], [0, 1, 2], 1, 0.001, 1, False, False 1.8109829149312446 37.67682294117581 5.551645782526793 0.01814878421982445 0.19621242114231505 0.12490745849780183 
[1, 24, 48], [24, 1, 1], [1, 5, 5], [40, 40, 40], [1, 2], 1, 0.001, 1, False, False 1.8025030813835288 37.93834918432543 5.517947119918993 0.008224535622319333 0.09761713874716856 0.014642429464923713 
[1, 24, 48], [24, 15, 10], [1, 5, 5], [30, 30, 30], [1, 2], 1, 0.001, 1, False, False 1.7904100884304004 36.896826521251505 5.399905698125212 0.046255810714644074 0.8014635461413014 0.26505342377833924 
[1, 24, 48], [24, 15, 5], [1, 5, 5], [10, 10, 10], [0, 1, 2], 1, 0.001, 1, False, False 1.8658963818241052 37.55842159237287 5.798192945823614 0.07112307504543104 0.1969876428962268 0.2778295358783217 
[1, 24, 48], [24, 5, 1], [1, 5, 5], [10, 10, 10], [0, 1, 2], 1, 0.001, 1, False, False 1.8707158021766832 37.83785998116584 5.811774254446468 0.0044908733107657875 0.18583605242272505 0.020359691842583752 
[1, 24, 48], [24, 15, 15], [1, 10, 10], [10, 10, 10], [0, 1, 2], 20, 0.001, 1, False, False 1.4143648125093293 25.710271466954506 3.1498320680479375 0.03825433066270653 0.39599567728694685 0.1761814489396575 
[1, 24, 48], [24, 15, 10], [1, 20, 20], [30, 30, 30], [1, 2], 10, 0.001, 1, False, False 1.4880858780747213 26.609434094781204 3.514384022072335 0.03819741070028192 1.1347544397689633 0.11746813587172356 
[1, 24, 48], [24, 15, 5], [1, 10, 10], [20, 20, 20], [0, 1, 2], 1, 0.001, 1, False, False 1.7760763056162334 37.15957159746181 5.372899863241504 0.020141844996172012 0.43957719570455667 0.08690377054354773 
[1, 24, 48], [24, 15, 15], [1, 5, 5], [20, 20, 20], [0, 1, 2], 5, 0.001, 1, False, False 1.6249769012271253 29.41139245809147 4.030576422893698 0.034035048551079 0.9208461056513512 0.0997568434011841 
[1, 24, 48], [24, 15, 10], [1, 5, 5], [40, 40, 40], [1, 2], 5, 0.001, 1, False, False 1.6393781217435996 29.365311409330875 4.100668243539569 0.05705562450747888 1.7837457105278536 0.1704200636366014 
[1, 24, 48], [24, 5, 1], [1, 20, 20], [40, 40, 40], [1, 2], 5, 0.001, 1, False, False 1.58160098342018 28.161349533281022 3.8686916313417297 0.025650956930808436 0.43849279420241016 0.16401642778287953 
[1, 24, 48], [24, 15, 5], [1, 20, 20], [30, 30, 30], [1, 2], 20, 0.001, 1, False, False 1.452445703027425 27.58745017172832 3.2958431634668544 0.024130969725716926 0.28458302635994254 0.16144729407352681 
[1, 24, 48], [24, 1, 1], [1, 20, 20], [30, 30, 30], [1, 2], 5, 0.001, 1, False, False 1.541235267205371 27.929909535832305 3.7063033046497442 0.028235456106546104 0.9480271044984114 0.08246496845965344 
[1, 24, 48], [24, 15, 1], [1, 5, 5], [40, 40, 40], [1, 2], 20, 0.001, 1, False, False 1.5040467317871478 28.65527461994833 3.4307840851009015 0.03067355305306437 1.115147244595326 0.10470434144092855 
[1, 24, 48], [24, 5, 1], [1, 5, 5], [30, 30, 30], [1, 2], 20, 0.001, 1, False, False 1.475925005406693 27.504278321933672 3.3297469432088924 0.042440081830195896 0.5968519797700595 0.16171719871528933 
[1, 24, 48], [24, 15, 10], [1, 20, 20], [40, 40, 40], [1, 2], 20, 0.001, 1, False, False 1.4616627840877132 26.68310573244341 3.356004092852917 0.0239883273455891 1.1125917728931605 0.07424047399280427 
[1, 24, 48], [24, 15, 5], [1, 20, 20], [40, 40, 40], [1, 2], 1, 0.001, 1, False, False 1.769172181589184 36.86622785173794 5.15877125593402 0.03685352880968814 1.2897577617552736 0.2562855259234241 
[1, 24, 48], [24, 15, 15], [1, 20, 20], [40, 40, 40], [1, 2], 20, 0.001, 1, False, False 1.4402362743185628 25.97017214450578 3.3767791627323986 0.022331995957290168 1.5995140092288114 0.03280062594008581 
[1, 24, 48], [24, 15, 1], [1, 5, 5], [40, 40, 40], [1, 2], 5, 0.001, 1, False, False 1.7236344414038793 32.16246222335 4.409896342562561 0.04921852383452558 1.0570300204595913 0.2006219085732527 
[1, 24, 48], [24, 15, 1], [1, 5, 5], [30, 30, 30], [1, 2], 1, 0.001, 1, False, False 1.7925874570039688 37.40903338230504 5.430011749965494 0.058379617659618244 0.9534090754927416 0.3095861944741435 
[1, 24, 48], [24, 15, 1], [1, 20, 20], [30, 30, 30], [1, 2], 1, 0.001, 1, False, False 1.7724104869558854 37.241637824405494 5.267999799102026 0.01513307004176651 0.2400380105205074 0.15794402857177758 
[1, 24, 48], [24, 1, 1], [1, 20, 20], [40, 40, 40], [1, 2], 10, 0.001, 1, False, False 1.4691935227218051 26.598681437122725 3.514156795961709 0.02488239602334032 0.4794637857548407 0.18477967050889862 
[1, 24, 48], [24, 15, 1], [1, 10, 10], [20, 20, 20], [0, 1, 2], 5, 0.001, 1, False, False 1.6746161453563861 31.23430169949107 4.3234443701789305 0.062824566081354 2.2325820194367463 0.3550594789398473 
[1, 24, 48], [24, 5, 1], [1, 5, 5], [20, 20, 20], [0, 1, 2], 5, 0.001, 1, False, False 1.7236153674898327 33.42365587058418 4.55788743591606 0.07184541548280485 2.7955234597838268 0.6241740125265457 
[1, 24, 48], [24, 15, 10], [1, 5, 5], [30, 30, 30], [1, 2], 5, 0.001, 1, False, False 1.6302892044048616 31.314138771423004 4.028200499402109 0.028747807680232263 1.5647904116079618 0.2594754914717318 
[1, 24, 48], [24, 15, 1], [1, 10, 10], [10, 10, 10], [0, 1, 2], 5, 0.001, 1, False, False 1.6122046524382856 28.98167073187788 3.9063528580524713 0.02424466779616321 0.9656744962335417 0.09095332205364028 
[1, 24, 48], [24, 10, 1], [1, 5, 5], [30, 30, 30], [1, 2], 10, 0.001, 1, False, False 1.6215389686464163 28.759233173500736 4.258928747050592 0.06172839660582281 1.3369625066302033 0.4224055180813803 
[1, 24, 48], [24, 15, 5], [1, 5, 5], [10, 10, 10], [0, 1, 2], 5, 0.001, 1, False, False 1.6095769841085985 30.4517762992252 3.9923839962064616 0.09316911236666406 2.3352503944115885 0.346027144247985 
[1, 24, 48], [24, 15, 15], [1, 20, 20], [30, 30, 30], [1, 2], 20, 0.001, 1, False, False 1.446752124879923 25.67352207278404 3.458385599422103 0.01967049859368461 0.5492432507728692 0.049804007222072164 
[1, 24, 48], [24, 15, 5], [1, 5, 5], [40, 40, 40], [1, 2], 20, 0.001, 1, False, False 1.4738536047507769 26.626361926247004 3.4467341454373237 0.04033877059135526 1.5401895256724527 0.09281980363816915 
[1, 24, 48], [24, 15, 1], [1, 10, 10], [20, 20, 20], [0, 1, 2], 10, 0.001, 1, False, False 1.4781227868464262 26.577326494539715 3.576580911009883 0.039776904158937275 0.8607017355887026 0.20947678903556777 
[1, 24, 48], [24, 15, 1], [1, 5, 5], [10, 10, 10], [0, 1, 2], 10, 0.001, 1, False, False 1.5689758276083954 28.836938566758537 3.796043128517066 0.02479702956822186 1.4703191572756236 0.05879634412808778 
[1, 24, 48], [24, 15, 5], [1, 20, 20], [40, 40, 40], [1, 2], 5, 0.001, 1, False, False 1.54026694505441 28.020524990261947 3.6904779320675587 0.01933360558249306 0.19482657810396167 0.13007734562540604 
[1, 24, 48], [24, 15, 15], [1, 5, 5], [30, 30, 30], [1, 2], 10, 0.001, 1, False, False 1.538977856051039 27.324938594298143 3.7662772113889127 0.04343275360734735 0.5234273778501896 0.33198770183314785 
[1, 24, 48], [24, 10, 1], [1, 10, 10], [10, 10, 10], [0, 1, 2], 10, 0.001, 1, False, False 1.5022054597666419 26.379439443654718 3.5518033900116692 0.011157640665074612 0.3754959206341522 0.15703286819320936 
[1, 24, 48], [24, 15, 5], [1, 20, 20], [30, 30, 30], [1, 2], 1, 0.001, 1, False, False 1.74928905936303 36.19056585316462 5.0448475483371835 0.022409007609534733 0.9944891650929318 0.21504659632307432 
[1, 24, 48], [24, 15, 15], [1, 20, 20], [40, 40, 40], [1, 2], 1, 0.001, 1, False, False 1.7782713328936588 37.28287386927314 5.291966215582854 0.010110881779472787 0.10345905149872169 0.009661941816998688 
[1, 24, 48], [24, 15, 1], [1, 20, 20], [40, 40, 40], [1, 2], 10, 0.001, 1, False, False 1.4870315435170023 27.988114588509706 3.442141432082222 0.02619255370298215 0.1675893581361694 0.12536576952175688 
[1, 24, 48], [24, 15, 15], [1, 5, 5], [40, 40, 40], [1, 2], 20, 0.001, 1, False, False 1.521555776845802 28.36031346016075 3.5392978371390527 0.011801935132258088 0.8212074074398156 0.062379899794999555 
[1, 24, 48], [24, 15, 1], [1, 20, 20], [30, 30, 30], [1, 2], 5, 0.001, 1, False, False 1.5867743496748588 28.877276713316164 3.914167290655739 0.029433887518307913 0.8449862885031261 0.11410387996036904 
[1, 24, 48], [24, 15, 10], [1, 5, 5], [40, 40, 40], [1, 2], 10, 0.001, 1, False, False 1.5329285382534623 27.904713850572417 3.5743370073356258 0.04657665787262593 0.1162496284918795 0.23280415364534102 
[1, 24, 48], [24, 15, 5], [1, 5, 5], [30, 30, 30], [1, 2], 20, 0.001, 1, False, False 1.4574812279669223 27.64952986590154 3.2184961539473895 0.05338101263128891 1.5031865334610615 0.11961270986228542 
[1, 24, 48], [24, 15, 15], [1, 20, 20], [30, 30, 30], [1, 2], 1, 0.001, 1, False, False 1.7485740023630638 36.514918333877866 5.0761470353420775 0.004300504202414952 0.3359788853393896 0.07228385576926558 
[1, 24, 48], [24, 15, 5], [1, 5, 5], [40, 40, 40], [1, 2], 1, 0.001, 1, False, False 1.811324441281182 37.94096524920076 5.544794457808982 0.011536309018443668 0.19976769145936413 0.06098949341648598 
[1, 24, 48], [24, 15, 15], [1, 20, 20], [40, 40, 40], [1, 2], 5, 0.001, 1, False, False 1.519579454939123 27.573476279510135 3.6114965965905896 0.03060267605756337 0.19666787649345488 0.21458105635217514 
[1, 24, 48], [24, 15, 5], [1, 20, 20], [30, 30, 30], [1, 2], 5, 0.001, 1, False, False 1.540044005615292 27.846288434751457 3.7263895000439065 0.048309441559751844 1.4587445189233212 0.10479139939278476 
[1, 24, 48], [24, 10, 1], [1, 5, 5], [40, 40, 40], [1, 2], 20, 0.001, 1, False, False 1.5173170988620432 29.2557021331537 3.482823844689951 0.05238346381222122 1.315664380023298 0.17024777026521315 
[1, 24, 48], [24, 15, 5], [1, 20, 20], [40, 40, 40], [1, 2], 10, 0.001, 1, False, False 1.4650555728624266 27.119495911548665 3.3447106534399187 0.028890878658700065 0.38488485570814635 0.13325840752108037 
[1, 24, 48], [24, 15, 10], [1, 20, 20], [30, 30, 30], [1, 2], 20, 0.001, 1, False, False 1.4742327594577718 27.262694702881646 3.3974109389266496 0.030973156699935698 1.4745464804065522 0.08799966518128231 
[1, 24, 48], [24, 15, 1], [1, 20, 20], [30, 30, 30], [1, 2], 10, 0.001, 1, False, False 1.4700277355878992 27.318996206763625 3.403087636434709 0.021501267684204257 1.2215303137373916 0.04779672089892156 
[1, 24, 48], [24, 10, 1], [1, 10, 10], [20, 20, 20], [0, 1, 2], 20, 0.001, 1, False, False 1.4411862064290932 26.45021664947323 3.3337971319343165 0.01240417668170027 0.33765049728129437 0.07554129861366458 
[1, 24, 48], [24, 15, 1], [1, 5, 5], [10, 10, 10], [0, 1, 2], 20, 0.001, 1, False, False 1.5144386024731729 26.09557282698394 3.7516497268745845 0.04981279306179297 0.34601833150950473 0.2704313493817623 
[1, 24, 48], [24, 15, 1], [1, 5, 5], [20, 20, 20], [0, 1, 2], 20, 0.001, 1, False, False 1.4961403547544725 27.525311895471486 3.459992732921205 0.035044360877950514 1.8014178007072668 0.0751071287800167 
[1, 24, 48], [24, 15, 15], [1, 5, 5], [30, 30, 30], [1, 2], 20, 0.001, 1, False, False 1.4752726933539468 26.721603014132352 3.336398741197792 0.027221274198797586 0.6773612430388904 0.19920294996162513 
[1, 24, 48], [24, 15, 1], [1, 20, 20], [40, 40, 40], [1, 2], 20, 0.001, 1, False, False 1.4313070878593461 26.700700480685317 3.2631122525309895 0.009385927878458196 0.6251037011222689 0.05102312665843734 
