lags time_steps dense_nodes lstm_nodes processed scales                        epochs l2 learning_rate mean_mae mean_mape mean_mse                         std mae std_mape std_mse 
[1, 24], [24, 10], [1, 10], [20, 20], [0, 1], 1, 0.001, 1, False, True 1.4317141917016771 30.710541827747623 3.25134936517385 0.03487514751666447 1.1669318438722218 0.21520949696107702 
[1, 24], [24, 20], [1, 10], [20, 20], [0, 1], 1, 0.001, 1, False, True 1.4315963846803816 29.89230030572098 3.211110819085457 0.02753617774069063 0.6340934613578173 0.1002878406947922 
[1, 24], [24, 15], [1, 10], [20, 20], [0, 1], 1, 0.001, 1, False, True 1.4878783734860246 30.30171633018486 3.337465083685053 0.03245225558797302 0.9117407225324969 0.134744271321736 
[1, 24], [24, 5], [1, 10], [20, 20], [0, 1], 1, 0.001, 1, False, True 1.4837543161378968 31.276113308560372 3.3900248591440483 0.04956425237817605 1.4159840897469265 0.14709931624461867 
[1, 24], [24, 10], [1, 10], [30, 30], [0, 1], 1, 0.001, 1, False, True 1.4642107609659434 30.777797385242412 3.385377312898607 0.032890885184618905 0.31002019014882337 0.09102274983785463 
[1, 24], [24, 5], [1, 10], [30, 30], [0, 1], 1, 0.001, 1, False, True 1.4832014545384382 31.734039189777416 3.4402737890078146 0.0218712873065639 0.7709798440127686 0.03323293096279104 
[1, 24], [24, 20], [1, 10], [30, 30], [0, 1], 1, 0.001, 1, False, True 1.4617029423790948 30.615442662700673 3.380738404297178 0.04650562332062842 0.6640823455380535 0.13545851827872302 
[1, 24], [24, 10], [1, 5], [20, 20], [0, 1], 1, 0.001, 1, False, True 1.5206383440505578 31.589418264754126 3.464002921600681 0.030183743223392148 0.9478035180936953 0.07921604188551432 
[1, 24], [24, 20], [1, 5], [20, 20], [0, 1], 1, 0.001, 1, False, True 1.4370117389217574 30.480348266814463 3.261731343588011 0.06100112131488648 1.5273008026753394 0.17460121677339857 
[1, 24], [24, 20], [1, 5], [30, 30], [0, 1], 1, 0.001, 1, False, True 1.4392499025911094 30.01007749348466 3.278918761575919 0.0482300843025893 1.315556608539051 0.13267164481287388 
[1, 24], [24, 10], [1, 5], [30, 30], [0, 1], 1, 0.001, 1, False, True 1.5804128848292212 33.376389735550816 3.827274063598111 0.030364884471881466 0.5966052972273737 0.19925909595008154 
[1, 24], [24, 15], [1, 10], [30, 30], [0, 1], 1, 0.001, 1, False, True 1.455582648281146 30.301560753964154 3.3133977312139766 0.007529964422047002 0.16469577740757316 0.012949436880700408 
[1, 24], [24, 15], [1, 5], [30, 30], [0, 1], 1, 0.001, 1, False, True 1.5096493946043432 31.246038806308267 3.4857617356592256 0.04339977516728074 1.180826610226199 0.12745565802048758 
[1, 24], [24, 5], [1, 5], [30, 30], [0, 1], 1, 0.001, 1, False, True 1.5442455460627873 31.80620737666554 3.7870192809047882 0.04380904341944333 1.2844164550865627 0.22757049323766307 
[1, 24, 48], [24, 10, 5], [1, 10, 10], [20, 20, 20], [0, 1, 2], 1, 0.001, 1, False, True 1.5864500084546982 33.82112288650225 3.8656961620545416 0.19539000385839517 2.08719648514436 0.9361091511864863 
[1, 24, 48], [24, 15, 5], [1, 10, 10], [30, 30, 30], [0, 1, 2], 1, 0.001, 1, False, True 1.6166510198955184 36.054401092332505 4.054765098216616 0.18831402705375536 2.858271548035014 0.6633816322919649 
[1, 24, 48], [24, 5, 5], [1, 20, 20], [20, 20, 20], [0, 1, 2], 1, 0.001, 1, False, True 1.750993410042591 35.02191565783573 4.779419709999583 0.01469065480178677 0.6700286587869435 0.09601614658965797 
[1, 24, 48], [24, 5, 5], [1, 10, 10], [20, 20, 20], [0, 1, 2], 1, 0.001, 1, False, True 1.9044282547439693 38.825838273702345 5.276632086785873 0.11233295179088246 2.5929657212680115 0.6068732111877376 
[1, 24, 48], [24, 15, 5], [1, 10, 10], [20, 20, 20], [0, 1, 2], 1, 0.001, 1, False, True 1.5011718538072376 32.44918501899975 3.42888607624912 0.028761331009130142 0.637778551903989 0.13961113452170246 
[1, 24, 48], [24, 5, 5], [1, 20, 20], [30, 30, 30], [0, 1, 2], 1, 0.001, 1, False, True 1.7606785187428748 36.39814668423677 4.673666690367512 0.04686348012681399 0.529466076223246 0.3862260462521416 
[1, 24, 48], [24, 5, 5], [1, 10, 10], [30, 30, 30], [0, 1, 2], 1, 0.001, 1, False, True 1.8649357053278772 38.65595433679096 5.160586817344992 0.02838900053242998 1.4425408997445825 0.3379311325878679 
[1, 24, 48], [24, 10, 5], [1, 20, 20], [20, 20, 20], [0, 1, 2], 1, 0.001, 1, False, True 1.6929303664162205 33.86276932842699 4.4435328701371475 0.026599541288625263 0.6668298825249643 0.342634016281906 
[1, 24, 48], [24, 10, 5], [1, 20, 20], [30, 30, 30], [0, 1, 2], 1, 0.001, 1, False, True 1.7100956549247106 35.15039449573379 4.378092599452166 0.09493931390405652 0.9867852529372559 0.6454652119879798 
[1, 24, 48], [24, 10, 5], [1, 10, 10], [30, 30, 30], [0, 1, 2], 1, 0.001, 1, False, True 1.5581574075613862 34.35178918756428 3.8852579323141825 0.14742270521917072 2.226162893182642 0.6939515989007995 
[1, 24, 48], [24, 20, 20], [1, 20, 20], [20, 20, 20], [0, 1, 2], 1, 0.001, 1, False, True 1.5299963978015716 32.59603052791838 3.6005162956687067 0.09031663916124189 0.6563844936552986 0.2937916755669957 
[1, 24, 48], [24, 20, 20], [1, 20, 20], [30, 30, 30], [0, 1, 2], 1, 0.001, 1, False, True 1.6453750829729772 35.48849558667084 4.038308554300449 0.11565287111031848 1.7782167763600998 0.465307400325571 
[1, 24, 48], [24, 15, 5], [1, 20, 20], [30, 30, 30], [0, 1, 2], 1, 0.001, 1, False, True 1.664221357609387 35.23497100129067 4.156289381839444 0.1173112124434476 1.7275788683095796 0.5179969353483544 
[1, 24, 48], [24, 20, 5], [1, 10, 10], [20, 20, 20], [0, 1, 2], 1, 0.001, 1, False, True 1.7131984165835157 35.05707745586918 4.432258480207824 0.19842499436741262 2.545461440614927 0.9003909742899315 
[1, 24, 48], [24, 20, 5], [1, 20, 20], [20, 20, 20], [0, 1, 2], 1, 0.001, 1, False, True 1.7274521526501134 34.195449523658425 4.657065492187169 0.07801895536347336 1.3250156913528428 0.48225940020139674 
[1, 24, 48], [24, 15, 5], [1, 20, 20], [20, 20, 20], [0, 1, 2], 1, 0.001, 1, False, True 1.7228413077140299 34.97045679428076 4.4691832282678785 0.053117958247337144 0.5201728017595141 0.4088690702062199 
[1, 24, 48], [24, 20, 5], [1, 10, 10], [30, 30, 30], [0, 1, 2], 1, 0.001, 1, False, True 1.4957269273974276 32.57856913876494 3.295009325761527 0.06780243300623606 1.08671245042713 0.1800438206016899 
[1, 24, 48], [24, 20, 20], [1, 10, 10], [20, 20, 20], [0, 1, 2], 1, 0.001, 1, False, True 1.4880434237558535 32.95372561888136 3.393909053976962 0.025499861600491357 1.0782412532114412 0.16214869154430744 
[1, 24, 48], [24, 20, 20], [1, 10, 10], [30, 30, 30], [0, 1, 2], 1, 0.001, 1, False, True 1.5842681838682404 35.53138025504649 3.8099446020617904 0.1728316025811539 3.5270044817634743 0.638375957221211 
[1, 24, 48], [24, 20, 15], [1, 20, 20], [30, 30, 30], [0, 1, 2], 1, 0.001, 1, False, True 1.7332206175421125 35.90763970948854 4.56958890864918 0.10392516912038181 0.8671660775373192 0.49256172762450373 
[1, 24, 48], [24, 20, 15], [1, 20, 20], [20, 20, 20], [0, 1, 2], 1, 0.001, 1, False, True 1.7741348470802663 35.067485490244366 4.63951205700267 0.08202555180265196 0.6265190200994302 0.557669819718648 
[1, 24, 48], [24, 20, 15], [1, 10, 10], [30, 30, 30], [0, 1, 2], 1, 0.001, 1, False, True 1.5536461215328288 34.25835238637459 3.7519161131057164 0.08770300089574437 1.2410195372599693 0.225729715495766 
[1, 24, 48], [24, 20, 15], [1, 10, 10], [20, 20, 20], [0, 1, 2], 1, 0.001, 1, False, True 1.675534786435741 34.67133519761449 4.144658845894319 0.1586216447002079 2.8207074035820185 0.7468308378320404 
[1, 24, 48], [24, 20, 10], [1, 20, 20], [30, 30, 30], [0, 1, 2], 1, 0.001, 1, False, True 1.7780727896563435 36.64996042065718 4.692013818269793 0.05376313603691032 1.2703731885668075 0.5072958916074337 
[1, 24, 48], [24, 20, 10], [1, 10, 10], [20, 20, 20], [0, 1, 2], 1, 0.001, 1, False, True 1.6468945091383322 34.9978218742572 4.120919895268747 0.10918371889268516 1.842495356788962 0.6576445157935732 
[1, 24, 48], [24, 20, 5], [1, 20, 20], [30, 30, 30], [0, 1, 2], 1, 0.001, 1, False, True 1.6506800485429942 34.76116571025862 4.160091277196771 0.1847205428003326 2.0418737002667373 0.890618694714622 
[1, 24, 48], [24, 20, 10], [1, 10, 10], [30, 30, 30], [0, 1, 2], 1, 0.001, 1, False, True 1.5664729606636145 33.90791011643336 3.546034442598573 0.09492673294078778 1.6556228476631216 0.2805532781233921 
[1, 24, 48], [24, 20, 10], [1, 20, 20], [20, 20, 20], [0, 1, 2], 1, 0.001, 1, False, True 1.5973538550651736 33.250701140795734 3.9896194027800505 0.23813767293818994 3.3396094742647513 1.0325278812097725 
[1, 24, 48], [24, 20, 20], [1, 10, 10], [30, 30, 30], [1, 2], 1, 0.001, 1, False, True 1.5758885608917035 33.36520819257621 3.685374098131445 0.13387866958149866 1.2138357400695727 0.5294608591770965 
[1, 24, 48], [24, 20, 20], [1, 20, 20], [20, 20, 20], [1, 2], 1, 0.001, 1, False, True 1.7281633088986077 33.79623571882395 4.3889941977264435 0.01702745997425997 0.7468020217494383 0.3179656914017786 
[1, 24, 48], [24, 5, 5], [1, 10, 10], [30, 30, 30], [1, 2], 1, 0.001, 1, False, True 1.595237982576644 32.41620157124179 3.7852006371871294 0.04350538282974871 0.6824042540748229 0.37648385284596836 
[1, 24, 48], [24, 20, 20], [1, 10, 10], [20, 20, 20], [1, 2], 1, 0.001, 1, False, True 1.6181804466164775 33.33114241266353 3.9334969822569334 0.02974626348427436 1.3021094694616206 0.23888193706271052 
[1, 24, 48], [24, 5, 5], [1, 10, 10], [20, 20, 20], [1, 2], 1, 0.001, 1, False, True 1.5870201613064168 31.33308961958461 3.8397799587599604 0.1343762854584412 2.480461352299719 0.45973904473124366 
[1, 24, 48], [24, 20, 15], [1, 20, 20], [20, 20, 20], [1, 2], 1, 0.001, 1, False, True 1.6292378781156407 32.554319492872175 4.007275733107366 0.06509233875801564 0.7993451514878094 0.3789032305839806 
[1, 24, 48], [24, 5, 5], [1, 20, 20], [20, 20, 20], [1, 2], 1, 0.001, 1, False, True 1.6111829526998378 30.979417100269984 4.085968346477681 0.09830962292356447 1.6837478638670371 0.5244482530606037 
[1, 24, 48], [24, 20, 15], [1, 20, 20], [30, 30, 30], [1, 2], 1, 0.001, 1, False, True 1.6907789248007312 34.35334589880235 4.219213677813452 0.1189115952158654 3.334869025473654 0.5648801626538446 
[1, 24, 48], [24, 5, 5], [1, 20, 20], [30, 30, 30], [1, 2], 1, 0.001, 1, False, True 1.6322252051697836 32.23372145374022 4.124153257346649 0.030771749906312054 0.991457976317473 0.20430713001528308 
[1, 24, 48], [24, 15, 5], [1, 20, 20], [20, 20, 20], [1, 2], 1, 0.001, 1, False, True 1.6725476128083692 31.58476412562037 4.374335851519262 0.04616820371485571 1.1025998074195094 0.27088303056818824 
[1, 24, 48], [24, 10, 5], [1, 10, 10], [20, 20, 20], [1, 2], 1, 0.001, 1, False, True 1.6269663240622592 32.31817141104231 4.079365181564497 0.15951988028902894 1.4415091844499472 0.7527947151483481 
[1, 24, 48], [24, 15, 5], [1, 10, 10], [20, 20, 20], [1, 2], 1, 0.001, 1, False, True 1.7691273848077762 34.93104588875755 4.705285024593924 0.10159530421821511 1.5084295533322571 0.5196663249858591 
[1, 24, 48], [24, 10, 5], [1, 20, 20], [30, 30, 30], [1, 2], 1, 0.001, 1, False, True 1.6877805123450582 32.76052966085792 4.413433009493648 0.053700461507062786 1.1923859394588128 0.15384692102722494 
[1, 24, 48], [24, 10, 5], [1, 20, 20], [20, 20, 20], [1, 2], 1, 0.001, 1, False, True 1.5870691966817336 30.289097538457625 4.152288206756516 0.052128604631394515 0.6940044347042611 0.2536541704174473 
[1, 24, 48], [24, 10, 5], [1, 10, 10], [30, 30, 30], [1, 2], 1, 0.001, 1, False, True 1.4519899817666524 32.082867791298554 3.319539638215994 0.06545445404163536 1.7273517329455002 0.19351350535795472 
[1, 24, 48], [24, 20, 5], [1, 10, 10], [30, 30, 30], [1, 2], 1, 0.001, 1, False, True 1.587500398343912 33.26476103862355 3.792870718737556 0.18373880920441765 2.5037093470308713 0.7090897481082189 
[1, 24, 48], [24, 15, 5], [1, 10, 10], [30, 30, 30], [1, 2], 1, 0.001, 1, False, True 1.7157004748643552 34.36668662467479 4.368257307405645 0.06666156862693755 0.7818278590285295 0.5527740920336927 
[1, 24, 48], [24, 20, 5], [1, 20, 20], [20, 20, 20], [1, 2], 1, 0.001, 1, False, True 1.7098247801402104 32.49887499739416 4.455412330887546 0.05244291327301338 1.001797657045332 0.34324665231110424 
[1, 24, 48], [24, 20, 5], [1, 10, 10], [20, 20, 20], [1, 2], 1, 0.001, 1, False, True 1.6616922715471851 33.24085691290884 4.1449209421178645 0.034153116452162395 0.2720825065457384 0.23323848308900919 
[1, 24, 48], [24, 15, 5], [1, 20, 20], [30, 30, 30], [1, 2], 1, 0.001, 1, False, True 1.6117367411239278 32.7518143612247 4.113362017953706 0.09537494655364621 2.5991785035999784 0.6714615205386045 
[1, 24, 48], [24, 20, 15], [1, 10, 10], [30, 30, 30], [1, 2], 1, 0.001, 1, False, True 1.6318389420018153 33.388991273425 3.8131187159153073 0.1132195732356283 1.3355852363781222 0.6579876280550329 
[1, 24, 48], [24, 20, 5], [1, 20, 20], [30, 30, 30], [1, 2], 1, 0.001, 1, False, True 1.6923509044089802 34.04667938631632 4.153312924080413 0.013347883242559809 0.8877486081190544 0.11559260038989945 
[1, 24, 48], [24, 20, 10], [1, 10, 10], [30, 30, 30], [1, 2], 1, 0.001, 1, False, True 1.718765852821094 34.41546491330799 4.230347450031529 0.10596054099518912 2.27057539791909 0.48024123622319925 
[1, 24, 48], [24, 20, 10], [1, 20, 20], [20, 20, 20], [1, 2], 1, 0.001, 1, False, True 1.670193004442586 32.14934099372445 4.318182892291344 0.0481863288011741 0.49730497758932735 0.13819994815105982 
[1, 24, 48], [24, 20, 15], [1, 10, 10], [20, 20, 20], [1, 2], 1, 0.001, 1, False, True 1.549660303402278 31.403034593409114 3.638689390601178 0.07579772365744576 0.5743319609281159 0.3701172766116719 
[1, 24, 48], [24, 20, 10], [1, 20, 20], [30, 30, 30], [1, 2], 1, 0.001, 1, False, True 1.697377960632245 33.302088986652 4.295073549011938 0.016569741071868666 1.259361244779665 0.11822875964531315 
[1, 24, 48], [24, 20, 10], [1, 10, 10], [20, 20, 20], [1, 2], 1, 0.001, 1, False, True 1.6442521521200735 34.11882557493443 3.8407821537551725 0.06496279748662662 1.241357297950187 0.2349993111667934 
[1, 24, 48], [24, 5, 5], [1, 20, 20], [20, 20, 20], [2], 1, 0.001, 1, False, True 1.589151657000184 30.51948758510011 4.087156334270252 0.05504072270103286 1.1049387121026117 0.2946134131496077 
[1, 24, 48], [24, 5, 5], [1, 10, 10], [30, 30, 30], [2], 1, 0.001, 1, False, True 1.5964935752252736 31.23596269375001 4.067569777343564 0.06484336068386388 1.4332540930871145 0.33097025940181873 
[1, 24, 48], [24, 5, 5], [1, 10, 10], [20, 20, 20], [2], 1, 0.001, 1, False, True 1.5788337505595003 31.048829560295676 3.76300518990166 0.10868794415704773 1.785937514324896 0.37135701866997506 
[1, 24, 48], [24, 5, 5], [1, 20, 20], [30, 30, 30], [2], 1, 0.001, 1, False, True 1.5470077725886195 29.20095027728949 3.905264097389636 0.07665625489495768 1.1979261871729843 0.4123231563140707 
[1, 24, 48], [24, 20, 10], [1, 20, 20], [20, 20, 20], [2], 1, 0.001, 1, False, True 1.6318233084761438 31.43657648987096 4.130090203500454 0.09233907235955996 0.4532552500059517 0.32309328671956494 
[1, 24, 48], [24, 20, 10], [1, 10, 10], [20, 20, 20], [2], 1, 0.001, 1, False, True 1.5369824594162684 30.243227133886 3.651940217301433 0.006545731988433964 0.6055360206250988 0.2433195097582399 
[1, 24, 48], [24, 20, 10], [1, 10, 10], [30, 30, 30], [2], 1, 0.001, 1, False, True 1.5569068937941832 31.94001543038466 3.7178551649774145 0.036020710575227995 0.9586683142444475 0.3099836518126724 
[1, 24, 48], [24, 20, 15], [1, 10, 10], [20, 20, 20], [2], 1, 0.001, 1, False, True 1.490509338318198 29.256709818783563 3.4109940338459084 0.0639707243124002 1.7372663147397986 0.163285069085868 
[1, 24, 48], [24, 20, 15], [1, 20, 20], [30, 30, 30], [2], 1, 0.001, 1, False, True 1.6535262743632 31.975707492810113 4.262395372898695 0.025857341603149134 0.7727813373731736 0.11642529816181414 
[1, 24, 48], [24, 20, 15], [1, 20, 20], [20, 20, 20], [2], 1, 0.001, 1, False, True 1.5533493921574621 30.85120276681528 3.835679846455399 0.05436988463260618 1.4840117476069494 0.0943336770208842 
[1, 24, 48], [24, 20, 15], [1, 10, 10], [30, 30, 30], [2], 1, 0.001, 1, False, True 1.5445128764405298 31.03212009887088 3.6549241708848013 0.04959660006622723 0.41569007560796106 0.14495360701641452 
[1, 24, 48], [24, 20, 20], [1, 10, 10], [20, 20, 20], [2], 1, 0.001, 1, False, True 1.5455895656236895 30.717611773371214 3.581328647899539 0.04887202932143505 1.044260962130147 0.4140890240513447 
[1, 24], [24, 5], [1, 10], [20, 20], [1], 1, 0.001, 1, False, True 1.459273859182442 29.256331643800312 3.1854070645493118 0.025537421712897624 0.49239924368002175 0.09447233184815505 
[1, 24], [24, 5], [1, 5], [20, 20], [1], 1, 0.001, 1, False, True 1.5008452653057047 30.396622110713263 3.359072414611924 0.03536189123277107 0.8959810233218387 0.07566716462824162 
[1, 24], [24, 5], [1, 5], [30, 30], [1], 1, 0.001, 1, False, True 1.4862985356262437 30.689949605004315 3.3175463751768883 0.010497589930977873 0.3654113094182808 0.05638350529424801 
[1, 24], [24, 5], [1, 10], [30, 30], [1], 1, 0.001, 1, False, True 1.4502078746755922 29.902466963860252 3.177241091322022 0.01578072911682346 0.3914538241344039 0.04900838686283752 
[1, 24], [24, 10], [1, 10], [30, 30], [1], 1, 0.001, 1, False, True 1.467476174690657 29.800317568439997 3.285928641513401 0.006975618316949619 0.3258618908174991 0.07885386495927307 
[1, 24, 48], [24, 20, 10], [1, 20, 20], [30, 30, 30], [2], 1, 0.001, 1, False, True 1.626310673107704 31.76614376187453 4.201416881356949 0.11953065965175248 1.6244743106624917 0.5811181459879863 
[1, 24, 48], [24, 20, 20], [1, 20, 20], [30, 30, 30], [1, 2], 1, 0.001, 1, False, True 1.6708614218290208 34.27179302682914 4.039071845033651 0.08514294103628357 1.3604315910650493 0.4603078076761078 
[1, 24, 48], [24, 20, 20], [1, 20, 20], [20, 20, 20], [2], 1, 0.001, 1, False, True 1.6400690594205152 31.947150227397685 3.981335161619644 0.07221885143502267 1.293844507437855 0.32403813296785355 
[1, 24, 48], [24, 20, 20], [1, 20, 20], [30, 30, 30], [2], 1, 0.001, 1, False, True 1.6431705381445312 32.876162935025405 4.22781041698967 0.07096421819891265 1.6435599803047887 0.36299767987704046 
[1, 24], [24, 10], [1, 5], [30, 30], [1], 1, 0.001, 1, False, True 1.4543902506017021 30.214488968712374 3.2146274626837372 0.013233551679771811 0.16598256348678767 0.0957177108047849 
[1, 24, 48], [24, 20, 20], [1, 10, 10], [30, 30, 30], [2], 1, 0.001, 1, False, True 1.505106391536969 31.079210142562786 3.2656781587910966 0.061455893979641435 0.3593183087646506 0.23465134929866185 
[1, 24], [24, 20], [1, 5], [30, 30], [1], 1, 0.001, 1, False, True 1.51442054276941 30.844082919442098 3.479203322550641 0.01641322294557712 0.403414101953735 0.09879257567246819 
[1, 24], [24, 10], [1, 5], [20, 20], [1], 1, 0.001, 1, False, True 1.4851588965704041 29.922503776431 3.2796367677766605 0.021030938773422925 0.5969225008922536 0.04991607869779904 
[1, 24], [24, 10], [1, 10], [20, 20], [1], 1, 0.001, 1, False, True 1.4342578544798827 29.077418558169978 3.1966874443161095 0.034472846902224075 1.5133555303284214 0.14326681438019995 
[1, 24], [24, 20], [1, 5], [20, 20], [1], 1, 0.001, 1, False, True 1.455268925814717 29.95371109601263 3.139981814812223 0.05239470101335475 1.3785342396411235 0.20589007439211054 
[1, 24], [24, 20], [1, 10], [20, 20], [1], 1, 0.001, 1, False, True 1.4592180831978718 29.557206148262505 3.2416491047010445 0.058061430123086684 1.4636318379069413 0.22525723716663185 
[1, 24], [24, 20], [1, 10], [30, 30], [1], 1, 0.001, 1, False, True 1.4444702917778933 29.72635241132303 3.122432866393826 0.016436022227436703 0.13775962825047025 0.05709584295267644 
[1, 24], [24, 15], [1, 5], [20, 20], [1], 1, 0.001, 1, False, True 1.534182277887508 30.489543854925 3.4953034081572416 0.036236506117027376 0.3628801549837387 0.14824440166054165 
[1, 24], [24, 15], [1, 10], [20, 20], [1], 1, 0.001, 1, False, True 1.442230790163632 28.743019938402785 3.1088788322326404 0.02759272494563713 0.4900874763681513 0.10749271537708596 
[1, 24], [24, 15], [1, 5], [30, 30], [1], 1, 0.001, 1, False, True 1.4913377653255508 30.88084492925107 3.3063813785092253 0.02902268196184678 0.9946549691235667 0.048874914841421875 
[1, 24], [24, 15], [1, 10], [30, 30], [1], 1, 0.001, 1, False, True 1.4630875450179532 30.254842471567596 3.2609130190778033 0.024483084129187285 0.243895534085531 0.06436470359620279 
[1, 24], [24, 5], [1, 5], [30, 30], [0, 1], 2, 0.001, 1, False, False 1.460786333017879 31.15133728706223 3.266313277667633 0.005684922556426529 0.479984876414446 0.03573509255266954 
[1, 24], [24, 5], [1, 10], [20, 20], [0, 1], 2, 0.001, 1, False, False 1.4505227995829453 29.193022958207916 3.2017060606714334 0.04141614473217404 0.28097349978718605 0.1616723449507061 
[1, 24], [24, 5], [1, 5], [20, 20], [0, 1], 2, 0.001, 1, False, False 1.4273275310242617 29.95229237105113 3.142707692216245 0.03147230794781453 0.5865460188188631 0.026546747956441418 
[1, 24], [24, 10], [1, 5], [20, 20], [0, 1], 2, 0.001, 1, False, False 1.4176800326616676 29.752074849445375 3.1010730445239907 0.014061431309748478 0.6426183050654394 0.06630300575459776 
[1, 24], [24, 5], [1, 10], [30, 30], [0, 1], 2, 0.001, 1, False, False 1.4566091891792086 30.50760690907872 3.267941954318404 0.003192110750686626 0.46086709515246965 0.05662438964465447 
[1, 24], [24, 15], [1, 10], [20, 20], [0, 1], 2, 0.001, 1, False, False 1.4218335990828497 29.363013154975928 3.07863458300217 0.016161670688308722 1.1044187909797865 0.09005983240383145 
[1, 24], [24, 10], [1, 10], [20, 20], [0, 1], 2, 0.001, 1, False, False 1.4691189106001898 30.209080831660515 3.2614005388278464 0.010494892417258359 0.835782123594504 0.012919761766654228 
[1, 24], [24, 10], [1, 5], [30, 30], [0, 1], 2, 0.001, 1, False, False 1.4528641688740915 31.11711192809122 3.2778864377404138 0.028476830633323392 0.44478042101402726 0.10843027860085826 
[1, 24], [24, 15], [1, 5], [20, 20], [0, 1], 2, 0.001, 1, False, False 1.4405567416576321 30.169465669321582 3.2080616658126537 0.02089781033543164 0.7691292308514761 0.08994231723618086 
[1, 24], [24, 10], [1, 10], [30, 30], [0, 1], 2, 0.001, 1, False, False 1.4395927353865572 29.176325362932243 3.0995029538642656 0.020976145332593895 0.44506719369360676 0.07826361345789187 
[1, 24], [24, 15], [1, 5], [30, 30], [0, 1], 2, 0.001, 1, False, False 1.454950887116569 31.10567335328496 3.2735691597909113 0.01942388388558686 0.11055378036948858 0.0564241743715934 
[1, 24], [24, 15], [1, 10], [30, 30], [0, 1], 2, 0.001, 1, False, False 1.4295029184332602 29.66268865156401 3.1891548603038884 0.023779718433829904 0.29326380280500625 0.08548423276072215 
[1, 24], [24, 5], [1, 10], [20, 20], [1], 2, 0.001, 1, False, False 1.43648306283134 29.037182591499647 3.1324298457383724 0.02159035113810588 0.615672845089979 0.08601943008232672 
[1, 24], [24, 5], [1, 5], [30, 30], [1], 2, 0.001, 1, False, False 1.431427999020175 29.817892090468064 3.1021043043584844 0.020464856287096635 0.15899087083227323 0.0702084535559056 
[1, 24], [24, 5], [1, 5], [20, 20], [1], 2, 0.001, 1, False, False 1.461585105141556 29.464930576284328 3.193058753412797 0.025584574563527765 1.1420006022618159 0.07155897031459744 
[1, 24], [24, 20], [1, 5], [20, 20], [0, 1], 2, 0.001, 1, False, False 1.4255292570425404 29.558792280304456 3.1150770871439852 0.020127009628359557 0.636666909444852 0.034963101999746074 
[1, 24], [24, 20], [1, 10], [20, 20], [0, 1], 2, 0.001, 1, False, False 1.4190776803151326 29.240532671942976 3.092613513012903 0.010861317850730575 1.1475412212200333 0.03000564051258063 
[1, 24], [24, 5], [1, 10], [30, 30], [1], 2, 0.001, 1, False, False 1.470061403140426 29.50389010980474 3.2056197302764526 0.027930598269950986 0.3763993658144538 0.06426196123216066 
[1, 24], [24, 10], [1, 5], [20, 20], [1], 2, 0.001, 1, False, False 1.4546709016103438 29.84531527640119 3.22077124139658 0.011095419403928658 0.5414375105912056 0.060109344812432255 
[1, 24], [24, 20], [1, 5], [30, 30], [0, 1], 2, 0.001, 1, False, False 1.441112054042794 30.704132094110104 3.213675591832379 0.039886148041100786 0.6292453553695073 0.14726221004111295 
[1, 24], [24, 10], [1, 5], [30, 30], [1], 2, 0.001, 1, False, False 1.4543291391735826 30.017342666643085 3.176459723076509 0.02207250529432924 0.5953150899685108 0.08280133309217202 
[1, 24], [24, 10], [1, 10], [20, 20], [1], 2, 0.001, 1, False, False 1.4229139121870202 27.883694473660686 3.101347764432404 0.02331709128607685 0.040993764729929966 0.18361964630811586 
[1, 24], [24, 10], [1, 10], [30, 30], [1], 2, 0.001, 1, False, False 1.480839253327361 28.891010660150226 3.3347184498106857 0.04378492857538582 0.9064623952150261 0.1375483661591568 
[1, 24], [24, 20], [1, 10], [30, 30], [0, 1], 2, 0.001, 1, False, False 1.4364374789650791 30.26295978676765 3.1505923706171686 0.026751661722987027 0.17124225418286074 0.05450121456417879 
[1, 24], [24, 15], [1, 5], [20, 20], [1], 2, 0.001, 1, False, False 1.4446958839755366 27.655146551085412 3.2090244333262032 0.05593985420793353 1.1371311498613461 0.26022851733376534 
[1, 24], [24, 15], [1, 5], [30, 30], [1], 2, 0.001, 1, False, False 1.4961902933816116 30.734109226960825 3.351413608992735 0.012694645591992081 0.3114518743346132 0.08501522790680886 
[1, 24], [24, 15], [1, 10], [30, 30], [1], 2, 0.001, 1, False, False 1.435500803851971 29.04070844970929 3.1322966589948393 0.025930808453241704 0.701360260760233 0.0877470443543183 
[1, 24], [24, 15], [1, 10], [20, 20], [1], 2, 0.001, 1, False, False 1.4778620554065263 29.240217682653594 3.320149334716698 0.028567453552947986 0.17311090985659594 0.15010026107217667 
[1, 24], [24, 20], [1, 10], [20, 20], [1], 2, 0.001, 1, False, False 1.4679697137050056 29.456844514683382 3.2003108747101496 0.0660004339181793 2.1467374411071733 0.26450304316541756 
[1, 24], [24, 20], [1, 5], [20, 20], [1], 2, 0.001, 1, False, False 1.4390471135024672 29.089584324614137 3.0317963634046112 0.02081542336224781 0.29840401587978677 0.08866504271180964 
[1, 24], [24, 20], [1, 5], [30, 30], [1], 2, 0.001, 1, False, False 1.4853790541213974 30.6123335881543 3.3511509393744956 0.022555379560101146 1.069232418979823 0.1129974980056913 
[1, 24], [24, 20], [1, 10], [30, 30], [1], 2, 0.001, 1, False, False 1.4683017568179855 30.446727659808527 3.229169792808324 0.018726453757093618 0.19099250033288093 0.0662439362220499 
[1, 24, 48], [24, 5, 5], [1, 20, 20], [20, 20, 20], [1, 2], 2, 0.001, 1, False, False 1.512767753074015 28.623570928122987 3.574701881879319 0.027136390302757156 0.6381612591692757 0.10305672659788402 
[1, 24, 48], [24, 5, 5], [1, 10, 10], [30, 30, 30], [1, 2], 2, 0.001, 1, False, False 1.59755661232328 28.892631997468698 4.588911066233852 0.05206398010277034 1.4718801819830398 0.4625256983299501 
[1, 24, 48], [24, 10, 5], [1, 10, 10], [20, 20, 20], [0, 1, 2], 2, 0.001, 1, False, False 1.5927601148132926 30.253086530279003 4.058114170695533 0.046755023993841946 1.0618250789965609 0.2599488161380979 
[1, 24, 48], [24, 5, 5], [1, 20, 20], [30, 30, 30], [1, 2], 2, 0.001, 1, False, False 1.5192831720880893 28.77712020902253 3.771380636863064 0.050215754068751596 0.6126127743741353 0.1492768694266866 
[1, 24, 48], [24, 10, 5], [1, 10, 10], [20, 20, 20], [1, 2], 2, 0.001, 1, False, False 1.601867851863305 29.561172678548967 4.287422107233655 0.07002007873574638 1.565450419592161 0.3524411073657657 
[1, 24, 48], [24, 10, 5], [1, 10, 10], [30, 30, 30], [1, 2], 2, 0.001, 1, False, False 1.5558108958105248 29.164196749096437 4.0601880970910935 0.06854933784719104 0.4215639376832555 0.6401401486092064 
[1, 24, 48], [24, 5, 5], [1, 10, 10], [20, 20, 20], [0, 1, 2], 2, 0.001, 1, False, False 1.5811703457186619 29.652792354192297 4.066231720142893 0.0530497787855486 0.6201836174421103 0.24212477307832067 
[1, 24, 48], [24, 20, 20], [1, 10, 10], [20, 20, 20], [0, 1, 2], 2, 0.001, 1, False, False 1.6413819702135193 31.980599349173957 4.334839601515828 0.12639231696748876 0.8098390633689312 0.831079192421655 
[1, 24, 48], [24, 5, 5], [1, 20, 20], [20, 20, 20], [0, 1, 2], 2, 0.001, 1, False, False 1.6184137224047275 30.371529144722743 4.1625778221543746 0.06596182816362879 0.6532243631690055 0.3261701499091029 
[1, 24, 48], [24, 20, 15], [1, 20, 20], [20, 20, 20], [0, 1, 2], 2, 0.001, 1, False, False 1.672198028876274 31.277876793295448 4.4357359146177915 0.05443719131797939 1.0359046842517687 0.26728311088332996 
[1, 24, 48], [24, 5, 5], [1, 10, 10], [20, 20, 20], [1, 2], 2, 0.001, 1, False, False 1.5590460610610464 29.48085805116544 3.9536523897189078 0.08228736133355548 0.7513216742170581 0.45933920944988277 
[1, 24, 48], [24, 5, 5], [1, 20, 20], [30, 30, 30], [0, 1, 2], 2, 0.001, 1, False, False 1.6794986718506728 32.00266383323461 4.442943450306616 0.03378551914489593 0.65148764638933 0.1821204982200321 
[1, 24, 48], [24, 20, 15], [1, 10, 10], [30, 30, 30], [0, 1, 2], 2, 0.001, 1, False, False 1.7040614250357502 32.398281115419586 4.604697081704361 0.016661491879078883 0.11081702531079766 0.16471209507217763 
[1, 24, 48], [24, 20, 15], [1, 10, 10], [20, 20, 20], [0, 1, 2], 2, 0.001, 1, False, False 1.6843426993875592 32.847989520119135 4.415722928960197 0.010735491775090525 0.7799037286248842 0.15382508994224525 
[1, 24, 48], [24, 5, 5], [1, 10, 10], [30, 30, 30], [0, 1, 2], 2, 0.001, 1, False, False 1.6169446237247305 32.382959572147826 4.170033855784702 0.10911127375249666 0.6447175042706365 0.6017961233177084 
[1, 24, 48], [24, 20, 15], [1, 20, 20], [30, 30, 30], [0, 1, 2], 2, 0.001, 1, False, False 1.657251264472251 32.21114102251091 4.308466467720861 0.0020241510431487724 0.7046206976649484 0.06854160026439098 
[1, 24, 48], [24, 20, 10], [1, 20, 20], [30, 30, 30], [0, 1, 2], 2, 0.001, 1, False, False 1.6604154911444144 32.179183330984436 4.298066783648235 0.00805458320807179 0.35145749077073135 0.09144722101519016 
[1, 24, 48], [24, 20, 10], [1, 20, 20], [20, 20, 20], [0, 1, 2], 2, 0.001, 1, False, False 1.6136577536248498 30.523846143937323 4.156743273992334 0.022488603447976197 0.19831391478550364 0.08014515592604106 
[1, 24, 48], [24, 20, 10], [1, 10, 10], [30, 30, 30], [0, 1, 2], 2, 0.001, 1, False, False 1.6297248894969625 31.702582579766908 4.313039718233048 0.1783595578601406 2.268320032817587 1.0047535502660536 
[1, 24, 48], [24, 15, 5], [1, 10, 10], [20, 20, 20], [1, 2], 2, 0.001, 1, False, False 1.5655046655348055 29.164782438384417 4.116693609166618 0.07338478906729774 1.8947851837071867 0.31347140502743653 
[1, 24, 48], [24, 10, 5], [1, 20, 20], [20, 20, 20], [1, 2], 2, 0.001, 1, False, False 1.5295753325439163 27.70410018021234 4.009981323931893 0.06306519862330526 1.1709984441454593 0.23986830182630217 
[1, 24, 48], [24, 10, 5], [1, 20, 20], [30, 30, 30], [1, 2], 2, 0.001, 1, False, False 1.5128852337046907 28.22545384133649 3.7658174214671605 0.05875355627651791 0.8067469472274129 0.23976029402181856 
[1, 24, 48], [24, 15, 5], [1, 10, 10], [30, 30, 30], [1, 2], 2, 0.001, 1, False, False 1.5197831012032654 28.125620800792323 4.020877652812033 0.07973426247033737 0.8855593050305457 0.5529604306531324 
[1, 24, 48], [24, 15, 5], [1, 20, 20], [20, 20, 20], [1, 2], 2, 0.001, 1, False, False 1.5906984003053772 28.997317635099332 4.1673491634483275 0.0409316555498807 1.0168144124201803 0.3488301428161334 
[1, 24, 48], [24, 15, 5], [1, 10, 10], [30, 30, 30], [0, 1, 2], 2, 0.001, 1, False, False 1.6966987625730259 32.24893780108358 4.661164034261463 0.05088083074860312 1.0466752424273333 0.2946913857963859 
[1, 24, 48], [24, 10, 5], [1, 20, 20], [20, 20, 20], [0, 1, 2], 2, 0.001, 1, False, False 1.6521590172692582 31.155077941571786 4.534928698413245 0.02246343145533017 0.5033639774385414 0.24270006141822317 
[1, 24, 48], [24, 20, 20], [1, 10, 10], [30, 30, 30], [0, 1, 2], 2, 0.001, 1, False, False 1.7532484391221292 34.4118951945536 4.751200367844302 0.05376797765330377 2.025899872426567 0.07542393458541646 
[1, 24, 48], [24, 15, 5], [1, 20, 20], [30, 30, 30], [0, 1, 2], 2, 0.001, 1, False, False 1.6781847016678917 32.0762294235171 4.585133535034665 0.03307699385733967 0.6017066408913395 0.1794598090180351 
[1, 24, 48], [24, 15, 5], [1, 20, 20], [20, 20, 20], [0, 1, 2], 2, 0.001, 1, False, False 1.6375188710788884 30.636943129012696 4.3305649185656465 0.048020133251971006 0.33479601351187455 0.250626875582058 
[1, 24, 48], [24, 10, 5], [1, 10, 10], [30, 30, 30], [0, 1, 2], 2, 0.001, 1, False, False 1.7135450365228788 32.60626447041448 4.623614219775694 0.02057515349597128 0.8869367466460548 0.16220645908305942 
[1, 24, 48], [24, 10, 5], [1, 20, 20], [30, 30, 30], [0, 1, 2], 2, 0.001, 1, False, False 1.6420442288672483 31.112202643816314 4.2365251112045605 0.014615568025958516 0.18564509487158862 0.09657346270942646 
[1, 24, 48], [24, 20, 20], [1, 20, 20], [20, 20, 20], [0, 1, 2], 2, 0.001, 1, False, False 1.714635352693774 32.322614817781805 4.564995081339039 0.05681945337839432 0.911048400331244 0.2830881844744977 
[1, 24, 48], [24, 20, 20], [1, 20, 20], [30, 30, 30], [0, 1, 2], 2, 0.001, 1, False, False 1.6977867080795548 32.66554551867986 4.501337309244175 0.020126842137357815 0.28893450600910525 0.0931433066065207 
[1, 24, 48], [24, 5, 5], [1, 10, 10], [20, 20, 20], [2], 2, 0.001, 1, False, False 1.389336208019544 25.22705816277491 3.3436817121127707 0.01570280237034672 0.6609187493105443 0.12306467611145763 
[1, 24, 48], [24, 5, 5], [1, 10, 10], [30, 30, 30], [2], 2, 0.001, 1, False, False 1.5656413616819516 29.869293756442662 4.0924904995107605 0.05125791578913632 1.7004541194864782 0.18191161797647443 
[1, 24, 48], [24, 20, 5], [1, 10, 10], [20, 20, 20], [0, 1, 2], 2, 0.001, 1, False, False 1.6745101910774356 31.16648286842532 4.472240964718523 0.011359748403495443 0.5157121525911857 0.10959492078489028 
[1, 24, 48], [24, 20, 5], [1, 10, 10], [30, 30, 30], [0, 1, 2], 2, 0.001, 1, False, False 1.7853676803548029 34.553097480456266 4.969771489588285 0.06274144208610641 1.7084957973455515 0.23992203416775312 
[1, 24, 48], [24, 20, 5], [1, 20, 20], [30, 30, 30], [0, 1, 2], 2, 0.001, 1, False, False 1.6483284771580389 31.72388365206396 4.237620336016953 0.023126386256362968 0.9535860366235959 0.19011183680394755 
[1, 24, 48], [24, 20, 10], [1, 10, 10], [20, 20, 20], [0, 1, 2], 2, 0.001, 1, False, False 1.6773961180062207 31.578487935236694 4.587701838275794 0.020448338812471725 0.2534244214916896 0.19929812015858922 
[1, 24, 48], [24, 20, 15], [1, 20, 20], [20, 20, 20], [2], 2, 0.001, 1, False, False 1.5548486884614388 28.82961136376112 4.214710894207188 0.03688165993762267 0.862292005839021 0.07906671854135255 
[1, 24, 48], [24, 20, 10], [1, 10, 10], [20, 20, 20], [2], 2, 0.001, 1, False, False 1.551416567154229 29.632012875220557 4.07553691983684 0.05072781475520152 1.530658995613569 0.31190841397152075 
[1, 24, 48], [24, 20, 5], [1, 20, 20], [20, 20, 20], [0, 1, 2], 2, 0.001, 1, False, False 1.6523264558089004 31.27998757178665 4.374242428531507 0.03490909684594229 0.7448325398148581 0.2221206324117302 
[1, 24, 48], [24, 20, 15], [1, 20, 20], [30, 30, 30], [2], 2, 0.001, 1, False, False 1.5375195814089644 28.061520946207196 3.9074254170804728 0.030140542862510916 0.34404933156414097 0.28837173788009485 
[1, 24, 48], [24, 20, 20], [1, 20, 20], [20, 20, 20], [2], 2, 0.001, 1, False, False 1.5063188731532406 27.73274568158322 3.6956910485278907 0.09644395903198374 1.4981077784552241 0.4098273052202979 
[1, 24, 48], [24, 20, 15], [1, 10, 10], [30, 30, 30], [2], 2, 0.001, 1, False, False 1.527399831051352 28.56621421078573 3.645038505106575 0.017105425271272626 1.215659108533952 0.167340499919974 
[1, 24, 48], [24, 20, 20], [1, 10, 10], [20, 20, 20], [2], 2, 0.001, 1, False, False 1.571490286180267 29.727856900759633 3.871306340402851 0.029543942755431332 1.1787179434293955 0.23203984480086767 
[1, 24, 48], [24, 20, 10], [1, 20, 20], [30, 30, 30], [2], 2, 0.001, 1, False, False 1.5241451434515143 27.680500151905573 4.002262576954432 0.05410895073092266 1.1017037364928906 0.2863004580210701 
[1, 24, 48], [24, 20, 20], [1, 10, 10], [30, 30, 30], [2], 2, 0.001, 1, False, False 1.5405802373670872 28.088835643863714 3.873808347594594 0.027228078928023407 0.7563749718237007 0.2484903511616668 
[1, 24, 48], [24, 20, 20], [1, 20, 20], [30, 30, 30], [2], 2, 0.001, 1, False, False 1.5291435254461792 28.054712417968265 3.8643871048554637 0.07038011850027419 1.0166865335393467 0.21797057501313352 
[1, 24, 48], [24, 5, 5], [1, 20, 20], [20, 20, 20], [2], 2, 0.001, 1, False, False 1.6020357151688251 28.485656440923993 4.435672577175276 0.055963532760160535 0.7225934131249205 0.29418447908111 
[1, 24, 48], [24, 5, 5], [1, 20, 20], [30, 30, 30], [2], 2, 0.001, 1, False, False 1.5147153016455748 28.121771437463952 3.9578606930433424 0.023695380690355716 1.2545928770673616 0.13274153268792013 
[1, 24, 48], [24, 15, 5], [1, 20, 20], [30, 30, 30], [1, 2], 2, 0.001, 1, False, False 1.5139912988576623 28.13755762531022 3.81148192022923 0.06656425394257875 1.1778402741500906 0.3443928288298482 
[1, 24, 48], [24, 20, 5], [1, 10, 10], [20, 20, 20], [1, 2], 2, 0.001, 1, False, False 1.519366976398009 28.929664264290846 3.7444354738093337 0.054835658448369226 0.9444662437442339 0.46702659557468723 
[1, 24, 48], [24, 20, 10], [1, 20, 20], [20, 20, 20], [2], 2, 0.001, 1, False, False 1.4806471711369575 27.03198682416964 3.680076866878075 0.08764147599216045 1.587731496005351 0.43824729745464525 
[1, 24, 48], [24, 20, 10], [1, 10, 10], [20, 20, 20], [1, 2], 2, 0.001, 1, False, False 1.6134324140294833 31.57961491762885 4.070004716939 0.03257749483438973 0.7125830963499619 0.25478600969944015 
[1, 24, 48], [24, 20, 5], [1, 20, 20], [30, 30, 30], [1, 2], 2, 0.001, 1, False, False 1.5550262766441811 28.427254714530694 4.042770888297105 0.07399731150070868 0.49709622081617744 0.33019047889298386 
[1, 24, 48], [24, 20, 10], [1, 10, 10], [30, 30, 30], [2], 2, 0.001, 1, False, False 1.5534769660344832 29.31842664363009 3.8575003228390234 0.10973474136264186 1.9946645724864664 0.47021310929980664 
[1, 24, 48], [24, 20, 15], [1, 10, 10], [20, 20, 20], [2], 2, 0.001, 1, False, False 1.4586054536203548 26.651840088611802 3.641069463556349 0.0871010517276484 1.8937530940670184 0.4312230557648623 
[1, 24, 48], [24, 20, 5], [1, 10, 10], [30, 30, 30], [1, 2], 2, 0.001, 1, False, False 1.6303532851239046 30.781699623012774 4.174159324807167 0.04922811356022701 1.187633272372405 0.16348115990585257 
[1, 24, 48], [24, 20, 5], [1, 20, 20], [20, 20, 20], [1, 2], 2, 0.001, 1, False, False 1.5528834390557475 29.115180473814902 3.956681210470112 0.02396450423037532 0.37991464645670897 0.31698182336300795 
[1, 24, 48], [24, 20, 20], [1, 10, 10], [30, 30, 30], [1, 2], 2, 0.001, 1, False, False 1.6125112662850707 30.86730170559078 4.259963181281107 0.04392553235969684 0.5262383670059448 0.39658778176631204 
[1, 24, 48], [24, 20, 20], [1, 20, 20], [20, 20, 20], [1, 2], 2, 0.001, 1, False, False 1.6838640805885747 31.053414790639792 4.41685376264755 0.04577428443755544 0.7128494799124425 0.28715444585521815 
[1, 24, 48], [24, 20, 20], [1, 20, 20], [30, 30, 30], [1, 2], 2, 0.001, 1, False, False 1.5880750348446548 29.990148446952528 4.133165538172584 0.006435319926933745 0.7183327112289836 0.17030380071146053 
[1, 24, 48], [24, 20, 20], [1, 10, 10], [20, 20, 20], [1, 2], 2, 0.001, 1, False, False 1.619404337734536 30.118940024845987 4.197882591082339 0.017685705875627542 0.414073328436445 0.14525259162427104 
[1, 24, 48], [24, 20, 10], [1, 10, 10], [30, 30, 30], [1, 2], 2, 0.001, 1, False, False 1.5901128751812161 30.08272933385412 4.259634902564137 0.046907673832293995 0.6189576427099692 0.32805749042913707 
[1, 24, 48], [24, 20, 15], [1, 20, 20], [20, 20, 20], [1, 2], 2, 0.001, 1, False, False 1.5646717102163368 28.995545800416224 4.047353091243098 0.024428667546369374 0.6573806757937697 0.02045977330539629 
[1, 24, 48], [24, 20, 15], [1, 10, 10], [20, 20, 20], [1, 2], 2, 0.001, 1, False, False 1.5860434308372164 29.685004411544497 4.371036030913102 0.03353443398523127 0.9887130820063963 0.17938893944936174 
[1, 24, 48], [24, 20, 10], [1, 20, 20], [20, 20, 20], [1, 2], 2, 0.001, 1, False, False 1.5107019468038174 28.108924832305263 3.8135298306250633 0.05801109372117563 1.8969058845978732 0.1524542649212205 
[1, 24, 48], [24, 20, 15], [1, 10, 10], [30, 30, 30], [1, 2], 2, 0.001, 1, False, False 1.586094751402184 30.983194929899458 3.972529635903839 0.03578815226215396 1.178614443394005 0.36968977359977384 
[1, 24, 48], [24, 20, 15], [1, 20, 20], [30, 30, 30], [1, 2], 2, 0.001, 1, False, False 1.5963315309611732 29.772918233312055 4.1604120816546315 0.0047947206478328236 0.45194200266490775 0.022866992622257526 
[1, 24, 48], [24, 20, 10], [1, 20, 20], [30, 30, 30], [1, 2], 2, 0.001, 1, False, False 1.5050316725478128 27.735905427559604 3.7643101122877365 0.016051333883121736 0.38148506641783014 0.18552763536063097 
[1, 24, 48], [24, 15, 5], [1, 10, 10], [20, 20, 20], [0, 1, 2], 2, 0.001, 1, False, False 1.6492916666937096 30.882573583245517 4.429333370995482 0.0413168660046747 0.5800189508212413 0.27217100145361045 
[1, 24], [24, 5], [1, 10], [10, 10], [0, 1], 1, 0.001, 1, False, False 1.8118323051819099 37.33921578877327 5.59269766746326 0.01847045554439317 0.06455210906857896 0.05214958759809313 
[1, 24], [24, 1], [1, 5], [10, 10], [0, 1], 1, 0.001, 1, False, False 1.894093108163388 37.807639233678934 5.852996865115604 0.01882203834420987 0.2863320440479907 0.12353836370727536 
[1, 24], [24, 1], [1, 10], [20, 20], [0, 1], 1, 0.001, 1, False, False 1.7984296237980884 37.89451607946071 5.489064144685998 0.01921887005763963 0.2657631382390127 0.07446266426926045 
[1, 24], [24, 15], [1, 5], [10, 10], [0, 1], 1, 0.001, 1, False, False 1.7909288099932452 36.947937086372754 5.4028465830925 0.033166857011195906 0.6683940307233013 0.18119093917701432 
[1, 24], [24, 10], [1, 5], [20, 20], [0, 1], 1, 0.001, 1, False, False 1.775501732197073 36.92930252604777 5.283507920077259 0.017531657361319033 0.7529310711639831 0.16350195386723138 
[1, 24], [24, 15], [1, 10], [20, 20], [0, 1], 1, 0.001, 1, False, False 1.7459031779870946 36.48346556232166 4.940288974390211 0.020952965953287512 0.31006422220668134 0.07886214965568888 
[1, 24], [24, 5], [1, 5], [10, 10], [1], 1, 0.001, 1, False, False 1.882549648593974 36.53234001452525 5.891026556195837 0.0758323280161347 1.0290335122229273 0.31469661429996443 
[1, 24], [24, 5], [1, 10], [10, 10], [0, 1], 5, 0.001, 1, False, False 1.5960783537615233 30.303398728796267 3.9901489269793586 0.04527375963223293 0.30791460569405427 0.23377543349464042 
[1, 24], [24, 1], [1, 10], [10, 10], [0, 1], 5, 0.001, 1, False, False 1.618680608686474 32.122585796616846 3.9966758161194087 0.04820425664146615 1.0944640562044705 0.1817937440455035 
[1, 24], [24, 10], [1, 5], [10, 10], [0, 1], 5, 0.001, 1, False, False 1.748667712054319 33.164007670726086 4.654119277635913 0.053857681560306854 1.921523548723619 0.38925580705687807 
[1, 24], [24, 5], [1, 5], [20, 20], [0, 1], 5, 0.001, 1, False, False 1.706013238857742 32.451431295746694 4.306545681024319 0.026517015790046783 1.5490163793441494 0.13089829398088965 
[1, 24], [24, 1], [1, 5], [10, 10], [0, 1], 5, 0.001, 1, False, False 1.665441114165717 34.40764285181271 4.518105502471282 0.01868349119769727 0.6398590107209765 0.23146518449236125 
[1, 24], [24, 10], [1, 10], [20, 20], [0, 1], 5, 0.001, 1, False, False 1.634140239048887 31.461750799442154 4.013865390114868 0.057049363904514414 0.9454547085422255 0.32577105842013737 
[1, 24], [24, 5], [1, 10], [20, 20], [1], 1, 0.001, 1, False, False 1.759035948912303 36.97350770910891 5.326212433179612 0.04960401602806284 1.3413221054415312 0.049341557225776024 
[1, 24], [24, 5], [1, 5], [10, 10], [1], 5, 0.001, 1, False, False 1.711841463614945 32.67153327641638 4.756400452522803 0.12329828150223984 3.5689984793970146 0.743846360755891 
[1, 24], [24, 1], [1, 10], [20, 20], [0, 1], 5, 0.001, 1, False, False 1.6058343752252837 32.2227256712949 3.9350871997050056 0.022093351242706838 0.8967465800982247 0.14738210505448537 
[1, 24], [24, 15], [1, 5], [10, 10], [0, 1], 5, 0.001, 1, False, False 1.7293713063001634 33.07224516093579 4.345224752271365 0.012440181574391826 1.212942346772175 0.12619715876269 
[1, 24], [24, 10], [1, 5], [20, 20], [0, 1], 5, 0.001, 1, False, False 1.5701366173310414 31.221995452427848 3.6495943563975772 0.054060302481943406 1.414910445713613 0.14229370280773862 
[1, 24], [24, 10], [1, 10], [10, 10], [1], 1, 0.001, 1, False, False 1.8188837951946042 36.62443612873695 5.685062081782152 0.020765774591704426 0.9972768233644724 0.12067204767817064 
[1, 24], [24, 15], [1, 10], [10, 10], [0, 1], 5, 0.001, 1, False, False 1.5390253009343589 29.811978395936745 3.616034372268239 0.09075895146854505 2.5735499444627377 0.25633054876319034 
[1, 24], [24, 5], [1, 10], [10, 10], [1], 5, 0.001, 1, False, False 1.637781498346616 32.05375362624251 3.9727015391613434 0.03667439284443286 2.9151856592053664 0.0534286886567397 
[1, 24], [24, 15], [1, 10], [20, 20], [0, 1], 5, 0.001, 1, False, False 1.6206572768588863 30.773640427586457 4.066886672641395 0.09170353966399261 1.6908084929290528 0.4536916869084885 
[1, 24], [24, 5], [1, 10], [20, 20], [1], 5, 0.001, 1, False, False 1.6743903001839364 31.394816760540976 4.309149685452755 0.05178199300170719 1.6665335054122297 0.3009093907778054 
[1, 24], [24, 15], [1, 5], [20, 20], [1], 1, 0.001, 1, False, False 1.7115927770319914 35.94697318038059 5.007979934028802 0.03585764990645129 0.7740610059844298 0.2839562674237347 
[1, 24], [24, 1], [1, 5], [20, 20], [0, 1], 10, 0.001, 1, False, False 1.5833556447730022 32.081887547515485 3.822616614178587 0.012226900251584143 0.42751483105184485 0.10080452282129886 
[1, 24], [24, 5], [1, 5], [20, 20], [1], 10, 0.001, 1, False, False 1.5356754809824957 27.039473207047806 3.6881256641562103 0.02028736606591647 0.4044811093608137 0.09625375099176674 
[1, 24], [24, 5], [1, 10], [20, 20], [0, 1], 10, 0.001, 1, False, False 1.5405023130139819 29.79221028241258 3.562663517479574 0.06645573532363443 1.3345163788517667 0.2735741586739214 
[1, 24], [24, 15], [1, 5], [20, 20], [0, 1], 10, 0.001, 1, False, False 1.5340583347611958 28.79499033083827 3.587042814423065 0.004584666156120834 0.9720177833328069 0.09246503219183427 
[1, 24], [24, 10], [1, 10], [10, 10], [0, 1], 10, 0.001, 1, False, False 1.4577632978972463 27.529440460004945 3.297888250848178 0.05271351395462362 1.3466430321659049 0.2413397128233104 
[1, 24], [24, 5], [1, 5], [10, 10], [1], 20, 0.001, 1, False, False 1.4482247408824387 26.839941083677314 3.3084933879768936 0.05763326893814006 0.5635071809037733 0.3723829745317967 
[1, 24], [24, 10], [1, 5], [20, 20], [1], 5, 0.001, 1, False, False 1.6570305929829683 31.909451258556896 4.246590706156911 0.09016065494412391 1.9973003563801124 0.4143736828021047 
[1, 24], [24, 5], [1, 5], [20, 20], [1], 1, 0.001, 1, False, False 1.8353066087321002 37.91801260392784 5.573083113345717 0.0201417275933559 0.3458628733961074 0.16669822522204406 
[1, 24], [24, 15], [1, 5], [10, 10], [1], 5, 0.001, 1, False, False 1.6954199591168653 31.931816089007228 4.501921248407924 0.09375609404518405 1.2562907527543232 0.5571427698171443 
[1, 24], [24, 5], [1, 10], [10, 10], [0, 1], 10, 0.001, 1, False, False 1.4822450958192348 27.649054282622714 3.387430863609261 0.016542817737197686 0.49073018516636957 0.05068517085472047 
[1, 24], [24, 10], [1, 10], [10, 10], [1], 5, 0.001, 1, False, False 1.5658539648409244 29.154205824242563 3.8166827386868682 0.009663912809704849 1.3572972010814617 0.03637231192883587 
[1, 24], [24, 5], [1, 5], [10, 10], [0, 1], 10, 0.001, 1, False, False 1.6306271839403996 29.897963212836512 4.100046621584085 0.09800574879280864 1.3996098086649988 0.5054547765018219 
[1, 24], [24, 1], [1, 10], [20, 20], [1], 1, 0.001, 1, False, False 1.8245171016703052 37.10502444250491 5.624175333701582 0.04114160688208929 0.24780273078080858 0.15303413565822563 
[1, 24], [24, 1], [1, 5], [10, 10], [1], 1, 0.001, 1, False, False 1.9843915572596922 37.660454408769816 6.24446302454551 0.08746658629211591 0.75162048054796 0.4766694244622006 
[1, 24], [24, 15], [1, 5], [20, 20], [1], 5, 0.001, 1, False, False 1.6356384080731206 30.504680644137792 4.063521107204231 0.04321902224372702 0.6994774082013743 0.18783710216379865 
[1, 24], [24, 10], [1, 5], [10, 10], [1], 10, 0.001, 1, False, False 1.6341714517592834 30.726552906555423 4.024828312057283 0.04658024402263582 1.483996975140223 0.06580326367601069 
[1, 24], [24, 5], [1, 5], [20, 20], [1], 5, 0.001, 1, False, False 1.6831187558670841 31.473688755172645 4.316797806340371 0.09055133371695841 0.9048692890125306 0.4737260350533606 
[1, 24], [24, 5], [1, 5], [10, 10], [1], 10, 0.001, 1, False, False 1.6185522520638724 28.026395283796717 4.159922390781587 0.12284903450016409 0.5614679679470131 0.5431397322864057 
[1, 24, 48], [24, 1, 1], [1, 10, 10], [10, 10, 10], [0, 1, 2], 1, 0.001, 1, False, False 1.7513197634231163 36.727589295056994 5.118841157939141 0.03479863418988295 0.5490485866088801 0.29325819803789915 
[1, 24, 48], [24, 1, 1], [1, 5, 5], [20, 20, 20], [0, 1, 2], 1, 0.001, 1, False, False 1.797402451615091 38.004966655385665 5.460798124512261 0.020870547887993404 0.2626854704392822 0.08720068402589438 
[1, 24, 48], [24, 5, 1], [1, 5, 5], [10, 10, 10], [0, 1, 2], 1, 0.001, 1, False, False 1.7697507817712097 36.62565766270634 5.212680248469159 0.0344157199656193 0.3919809445046829 0.1866263521115794 
[1, 24], [24, 10], [1, 10], [20, 20], [1], 10, 0.001, 1, False, False 1.4547325044870378 26.7526033945756 3.3028141657455197 0.05212642262568656 0.49025011600781365 0.16059325925751922 
[1, 24], [24, 1], [1, 10], [10, 10], [1], 5, 0.001, 1, False, False 1.6099938474181625 33.09024562166678 3.758331478346799 0.03175162174490582 0.7809436424201699 0.12072998726312709 
[1, 24], [24, 15], [1, 10], [20, 20], [1], 5, 0.001, 1, False, False 1.5225099016670829 28.365723580715496 3.471316244195093 0.03750783055708448 0.6514165109747019 0.1906759799452037 
[1, 24], [24, 1], [1, 5], [10, 10], [1], 5, 0.001, 1, False, False 1.7980401862826614 33.4422173846339 5.491068305797328 0.05136351532743815 0.7537699846579305 0.33354782951081374 
[1, 24], [24, 1], [1, 10], [20, 20], [1], 5, 0.001, 1, False, False 1.6598080297173174 33.1186019437154 4.1464067359270755 0.06721670047011688 2.822030923261812 0.23777573609636662 
[1, 24], [24, 1], [1, 10], [10, 10], [0, 1], 10, 0.001, 1, False, False 1.5506676396010102 30.61109717195977 3.60268370831089 0.015893123835226244 0.7063653310018908 0.07280071760198902 
[1, 24], [24, 5], [1, 10], [10, 10], [1], 10, 0.001, 1, False, False 1.5088898138384577 27.203609084976748 3.5590688699536286 0.024584369452719673 1.2214265087416893 0.06790163242115461 
[1, 24], [24, 15], [1, 10], [10, 10], [1], 10, 0.001, 1, False, False 1.5000260023055256 25.858524676113216 3.6778134776934444 0.05801312462999693 1.6833539270504274 0.20646383131372353 
[1, 24], [24, 15], [1, 10], [10, 10], [0, 1], 10, 0.001, 1, False, False 1.4689821954264686 27.83847633910725 3.2449314765729604 0.01350877408657142 0.46675103552759206 0.127270160099752 
[1, 24], [24, 10], [1, 10], [20, 20], [0, 1], 10, 0.001, 1, False, False 1.4537844377397386 26.98954728666688 3.2784570771630612 0.030345588671763436 1.2877173747921287 0.11042580206940363 
[1, 24], [24, 1], [1, 5], [10, 10], [0, 1], 10, 0.001, 1, False, False 1.5878778399554667 32.64966322882739 3.859111813103846 0.021396157328590088 2.4022493943707652 0.12401886439669181 
[1, 24], [24, 5], [1, 10], [20, 20], [1], 10, 0.001, 1, False, False 1.488442787707404 28.326395119038438 3.3497780494074925 0.008491482034188612 0.5687154818436974 0.017160026427617225 
[1, 24], [24, 1], [1, 5], [20, 20], [1], 10, 0.001, 1, False, False 1.5705046431885827 29.936593742603396 3.7100683611323118 0.013745235335306642 0.8688165072727867 0.03749751233569292 
[1, 24, 48], [24, 15, 1], [1, 10, 10], [10, 10, 10], [0, 1, 2], 1, 0.001, 1, False, False 1.7332592564186566 36.25785816582363 4.97283387466047 0.02679410450060938 0.36643582250365103 0.21749745740095616 
[1, 24, 48], [24, 10, 1], [1, 10, 10], [20, 20, 20], [0, 1, 2], 1, 0.001, 1, False, False 1.766141034414371 37.00581899408875 5.194685208723922 0.06774418461724356 1.25471119714053 0.3680069861550294 
[1, 24], [24, 15], [1, 10], [20, 20], [0, 1], 10, 0.001, 1, False, False 1.5302758219755361 29.431874733604037 3.50096915771331 0.03497503521578742 0.9327547135143034 0.192357687080462 
[1, 24], [24, 15], [1, 5], [10, 10], [1], 10, 0.001, 1, False, False 1.5749054562231457 28.38894677076472 3.792501281508196 0.11856127968176561 3.3013263430343516 0.3129310655990106 
[1, 24], [24, 10], [1, 5], [20, 20], [1], 10, 0.001, 1, False, False 1.5622512799998125 29.651822386752016 3.622811488129909 0.0340083923735293 1.1995052794928944 0.2221994528739398 
[1, 24], [24, 15], [1, 5], [10, 10], [0, 1], 10, 0.001, 1, False, False 1.4863138810627994 28.193685047034958 3.4271856885029357 0.056464006361583566 1.0566888861600356 0.2100237333071412 
[1, 24], [24, 10], [1, 5], [20, 20], [0, 1], 10, 0.001, 1, False, False 1.4780301946594758 28.19832936241599 3.3888041163021185 0.022384863401202562 0.7246472071224676 0.18381587400098884 
[1, 24], [24, 15], [1, 5], [20, 20], [1], 10, 0.001, 1, False, False 1.5563619976173397 29.19743835936771 3.6315838011561503 0.06265904673023275 1.50011531304134 0.20474003131223745 
[1, 24], [24, 10], [1, 5], [10, 10], [0, 1], 10, 0.001, 1, False, False 1.5443425433572244 28.22105084835539 3.5983719664114724 0.0384321348384615 0.5659205908785085 0.14732412907886674 
[1, 24], [24, 1], [1, 10], [10, 10], [1], 10, 0.001, 1, False, False 1.5232073029296267 28.585658595393436 3.604723612302438 0.011780227021075262 0.8382453938278941 0.12111134848185581 
[1, 24], [24, 5], [1, 10], [20, 20], [1], 20, 0.001, 1, False, False 1.4037595127674718 26.094633015997925 3.0111010881724023 0.01752331505371902 0.18190776140300807 0.007701267879439195 
[1, 24], [24, 10], [1, 10], [10, 10], [1], 10, 0.001, 1, False, False 1.5228385499023178 28.011919375748487 3.5099372206620862 0.0597778250834999 1.3791420261890883 0.1799420414007327 
[1, 24], [24, 1], [1, 5], [10, 10], [0, 1], 20, 0.001, 1, False, False 1.504905770594875 29.279961742612056 3.4539398089408366 0.007699308684252538 0.21600024710453825 0.05894662424896853 
[1, 24, 48], [24, 1, 1], [1, 5, 5], [10, 10, 10], [0, 1, 2], 5, 0.001, 1, False, False 1.5114079169515107 28.34955744731792 3.6245313692254313 0.11511237981539975 1.7197791276536591 0.44489071876137465 
[1, 24], [24, 1], [1, 5], [10, 10], [1], 10, 0.001, 1, False, False 1.6077247916686315 30.087600511421275 4.164561609176835 0.07447166745398202 1.0620308059484969 0.5263151605591684 
[1, 24], [24, 1], [1, 10], [20, 20], [1], 10, 0.001, 1, False, False 1.5742541768070726 31.075947932751188 3.6446106116590786 0.0510435533992459 1.3208456600742626 0.18829556619521273 
[1, 24], [24, 15], [1, 5], [20, 20], [1], 20, 0.001, 1, False, False 1.45836168638672 25.70738099502726 3.3245640286031732 0.06060776644910419 0.070719063575547 0.32806415085619917 
[1, 24], [24, 10], [1, 5], [10, 10], [1], 1, 0.001, 1, False, False 1.8728838037285545 37.374840084740526 5.812103627773715 0.05419041900435477 0.5154170677605353 0.234595048967535 
[1, 24], [24, 5], [1, 5], [20, 20], [0, 1], 10, 0.001, 1, False, False 1.5515330823345315 29.316417052759025 3.701404689575589 0.05404186328466703 0.8701951431931124 0.28765581370260196 
[1, 24], [24, 15], [1, 10], [20, 20], [1], 10, 0.001, 1, False, False 1.4367044151105264 26.596009379547876 3.2218264580886307 0.05319951320769441 1.3148338715608683 0.1991194290683524 
[1, 24], [24, 1], [1, 5], [20, 20], [0, 1], 1, 0.001, 1, False, False 1.812398792278988 38.15361535516259 5.505322130390319 0.01886388603496852 0.32445347446435896 0.12005229507130036 
[1, 24], [24, 10], [1, 10], [10, 10], [1], 20, 0.001, 1, False, False 1.437061489145789 26.875234984427944 3.1172284683767906 0.03109785492733254 1.3120210703974322 0.07975117593229733 
[1, 24], [24, 15], [1, 10], [20, 20], [0, 1], 20, 0.001, 1, False, False 1.390971301537421 26.016992142766153 3.0547471751629875 0.019659463868518825 0.5169144729776552 0.09263767410552633 
[1, 24], [24, 15], [1, 10], [10, 10], [1], 1, 0.001, 1, False, False 1.7886170517653228 36.911879560680994 5.384453046366649 0.04185933366959737 0.3434864003385704 0.13795447134046576 
[1, 24, 48], [24, 1, 1], [1, 5, 5], [20, 20, 20], [0, 1, 2], 5, 0.001, 1, False, False 1.6860456270062263 31.341249828360063 4.406693975646868 0.06316869738825633 2.249081577940694 0.39143529829636114 
[1, 24, 48], [24, 1, 1], [1, 10, 10], [10, 10, 10], [0, 1, 2], 5, 0.001, 1, False, False 1.5621182143205294 27.653423827894887 3.8235739427409876 0.06397271501973953 1.6483828986361682 0.25609302144245777 
[1, 24], [24, 1], [1, 5], [10, 10], [1], 20, 0.001, 1, False, False 1.5712597252180183 28.943763199640955 3.847101777464801 0.06789888976098105 0.633165357698388 0.5281503129446482 
[1, 24], [24, 1], [1, 10], [20, 20], [1], 20, 0.001, 1, False, False 1.4999801109372468 29.029168899614657 3.3872631034652922 0.023728515321257967 0.46126052536646217 0.08680947293580561 
[1, 24], [24, 10], [1, 10], [20, 20], [1], 1, 0.001, 1, False, False 1.729829840168909 36.43607283539993 4.995189238129829 0.016078601796783113 0.7732920941952426 0.25256233310073 
[1, 24], [24, 1], [1, 5], [20, 20], [1], 1, 0.001, 1, False, False 1.8896533361049717 37.38694738118099 5.903534130823496 0.10128722909297637 0.5370963866451774 0.41038938492701826 
[1, 24], [24, 1], [1, 10], [20, 20], [0, 1], 10, 0.001, 1, False, False 1.5576693329546185 31.297482150964615 3.5824135931545875 0.04923806310686156 1.4422667883793625 0.15214375127210267 
[1, 24], [24, 10], [1, 5], [20, 20], [0, 1], 20, 0.001, 1, False, False 1.4490658061440895 26.206628171391582 3.2479055644233275 0.002404397466279348 0.3376429109796418 0.05442461779995329 
[1, 24, 48], [24, 5, 1], [1, 10, 10], [20, 20, 20], [0, 1, 2], 5, 0.001, 1, False, False 1.5640021929034482 28.384885031153882 3.7417172832963588 0.032358356908493084 0.4052901217795513 0.1405186602324777 
[1, 24], [24, 15], [1, 5], [10, 10], [0, 1], 20, 0.001, 1, False, False 1.45778441849958 28.229028732501614 3.2396751186406387 0.03952987667682088 1.6621600537568355 0.07367109098792485 
[1, 24, 48], [24, 10, 1], [1, 10, 10], [10, 10, 10], [0, 1, 2], 5, 0.001, 1, False, False 1.5460798306804566 28.508687210992463 3.5794015000631085 0.035951980647214846 1.0818912952275659 0.22822525298075957 
[1, 24], [24, 5], [1, 10], [10, 10], [0, 1], 20, 0.001, 1, False, False 1.4945134257207868 27.590472627107733 3.436323486575594 0.028750777700120966 0.44077250071522 0.08005439443732322 
[1, 24], [24, 10], [1, 10], [10, 10], [0, 1], 1, 0.001, 1, False, False 1.731183776162841 36.09707752613582 5.064588828283834 0.06372956721739316 1.3935987374821708 0.43069020936354874 
[1, 24], [24, 1], [1, 5], [20, 20], [1], 5, 0.001, 1, False, False 1.6097842483470837 31.61707952339633 4.194301632243103 0.12702683924277863 2.2006482797433327 0.6441351772280647 
[1, 24, 48], [24, 10, 1], [1, 5, 5], [20, 20, 20], [0, 1, 2], 5, 0.001, 1, False, False 1.618424593933203 30.671278736094994 4.139001007081853 0.12827061471259818 1.8805327872443551 0.6841893965468132 
[1, 24], [24, 5], [1, 5], [20, 20], [1], 20, 0.001, 1, False, False 1.4933412614106032 26.706370358168968 3.33936860460342 0.05326739791072573 1.1654881678704527 0.15076039856069207 
[1, 24], [24, 15], [1, 10], [10, 10], [1], 5, 0.001, 1, False, False 1.571152345698189 30.880053207536623 3.6664504772235618 0.015980139581877228 1.4884081609881779 0.06433733596027481 
[1, 24], [24, 15], [1, 5], [20, 20], [0, 1], 1, 0.001, 1, False, False 1.8272128257210614 38.39068436455489 5.595220518119862 0.005859950548155266 0.1288564911948863 0.07420193445047506 
[1, 24, 48], [24, 5, 1], [1, 5, 5], [10, 10, 10], [0, 1, 2], 5, 0.001, 1, False, False 1.600720004875351 30.33546151871559 4.027615638255473 0.12026245242677627 3.2274031563645025 0.5975138049249825 
[1, 24], [24, 10], [1, 5], [10, 10], [1], 5, 0.001, 1, False, False 1.5849410896913874 29.94723583950021 3.851907549446531 0.05058842252510279 0.7347239299919829 0.19225848786601388 
[1, 24], [24, 1], [1, 5], [20, 20], [1], 20, 0.001, 1, False, False 1.51280956948521 29.50824631465514 3.4853166188633526 0.028418248138864587 0.820573294428613 0.11578423655947997 
[1, 24, 48], [24, 1, 1], [1, 10, 10], [20, 20, 20], [0, 1, 2], 10, 0.001, 1, False, False 1.4612610329011524 26.2782161647654 3.446345868488548 0.024186001591682153 0.9135101128931461 0.025125919669095935 
[1, 24], [24, 5], [1, 10], [20, 20], [0, 1], 1, 0.001, 1, False, False 1.7517086882558133 36.775382016828985 5.284681907692982 0.04524865253632167 0.6938995290379615 0.38267733705872087 
[1, 24], [24, 5], [1, 10], [10, 10], [1], 1, 0.001, 1, False, False 1.8452572958750864 36.70271376210525 5.661863706822932 0.08821153881282952 1.0349216043764724 0.444808067484179 
[1, 24], [24, 15], [1, 10], [10, 10], [1], 20, 0.001, 1, False, False 1.3903005219237121 25.762697998261917 3.0337559283697346 0.012191395195741582 0.0825911791653561 0.020630593524512842 
[1, 24, 48], [24, 15, 1], [1, 10, 10], [10, 10, 10], [0, 1, 2], 5, 0.001, 1, False, False 1.5792297952153065 29.508837510429586 3.7456123861940753 0.0371432437091964 1.73195003432728 0.08426629715194703 
[1, 24], [24, 10], [1, 10], [20, 20], [1], 20, 0.001, 1, False, False 1.4373524038328067 26.321486296633342 3.2799993451315825 0.03504798448744775 0.5821071516593654 0.1984367873899378 
[1, 24], [24, 1], [1, 10], [10, 10], [1], 1, 0.001, 1, False, False 1.8956296811777138 37.21690218193305 5.930870671031422 0.08199308220529944 0.5612189042768742 0.4010062248384282 
[1, 24], [24, 1], [1, 10], [20, 20], [0, 1], 20, 0.001, 1, False, False 1.4669278557101888 28.808652823797114 3.227511870767104 0.01813818049863257 0.29309460221948086 0.07500670128963643 
[1, 24], [24, 15], [1, 10], [20, 20], [1], 1, 0.001, 1, False, False 1.746772498264909 36.55011104730024 5.086878750501845 0.03740578397320238 0.751308707816922 0.16687086265798937 
[1, 24], [24, 10], [1, 10], [20, 20], [1], 5, 0.001, 1, False, False 1.5520128611544217 28.428817035302654 3.7415501264455284 0.021458145947256032 0.6506773291393754 0.10429617845334546 
[1, 24], [24, 1], [1, 5], [20, 20], [0, 1], 5, 0.001, 1, False, False 1.6835120946720794 35.70829196978361 4.575954961967395 0.05153594658333502 0.4669040462248815 0.3234567632394096 
[1, 24], [24, 15], [1, 5], [10, 10], [1], 1, 0.001, 1, False, False 1.9144382918184555 37.07380579624185 5.90383272071384 0.07971121302099562 1.0635817232057825 0.4250116462185219 
[1, 24, 48], [24, 10, 1], [1, 10, 10], [20, 20, 20], [0, 1, 2], 5, 0.001, 1, False, False 1.5118742652237416 27.692698055200406 3.5306810742262815 0.08645359226098528 1.373123980777407 0.3365229726450717 
[1, 24], [24, 1], [1, 10], [10, 10], [1], 20, 0.001, 1, False, False 1.5046293981373313 29.743796699451394 3.359520489973086 0.02221229787670382 1.1234911411539956 0.07641463403401538 
[1, 24], [24, 5], [1, 5], [10, 10], [0, 1], 1, 0.001, 1, False, False 1.8322464749217036 37.48141674712331 5.5867169288291265 0.038218365821841065 0.48836320831174473 0.19981800728473773 
[1, 24], [24, 15], [1, 5], [10, 10], [1], 20, 0.001, 1, False, False 1.4744344530972067 26.2309292069351 3.500323605860855 0.07948705503750368 0.14231816686620558 0.4208391428728187 
[1, 24], [24, 15], [1, 10], [20, 20], [1], 20, 0.001, 1, False, False 1.4091984765190217 26.302259664281866 3.020454323247666 0.028901188228784618 0.6019727838118086 0.023035751659110704 
[1, 24], [24, 10], [1, 5], [10, 10], [1], 20, 0.001, 1, False, False 1.410081981991728 25.732015243935507 3.193962697256729 0.021656354511223105 0.40780522009472847 0.18091273205564887 
[1, 24], [24, 1], [1, 5], [20, 20], [0, 1], 20, 0.001, 1, False, False 1.5065471081822006 29.49968134120341 3.4425019753915156 0.011846995813735169 0.6703331735875899 0.13399219917962926 
[1, 24, 48], [24, 1, 1], [1, 5, 5], [10, 10, 10], [0, 1, 2], 10, 0.001, 1, False, False 1.570279113341261 28.975346568626396 3.7909444659274842 0.02207555534386051 1.1519824454027756 0.11394643706941572 
[1, 24], [24, 10], [1, 10], [10, 10], [0, 1], 5, 0.001, 1, False, False 1.5085155167858362 28.08393381673113 3.4388697861960744 0.03444634254478532 1.0250267011967877 0.03610336092177902 
[1, 24], [24, 10], [1, 5], [20, 20], [1], 1, 0.001, 1, False, False 1.823917656240088 38.06831799212002 5.61995645754005 0.049026288237176065 0.5787841005723625 0.21945636373196747 
[1, 24, 48], [24, 15, 1], [1, 5, 5], [20, 20, 20], [0, 1, 2], 1, 0.001, 1, False, False 1.7402517159503919 36.37728610004121 5.00175750421694 0.08302498389309491 2.269892243484823 0.7268583443557811 
[1, 24, 48], [24, 15, 1], [1, 5, 5], [10, 10, 10], [0, 1, 2], 5, 0.001, 1, False, False 1.685972917135115 30.189600554369832 4.429144037887149 0.021640002964939068 1.354506017085158 0.14561130010519127 
[1, 24, 48], [24, 5, 1], [1, 5, 5], [20, 20, 20], [0, 1, 2], 10, 0.001, 1, False, False 1.5064148706694445 28.29540138337021 3.4810555534680536 0.020238230348983026 0.622343342774681 0.08647197997197906 
[1, 24, 48], [24, 15, 1], [1, 5, 5], [10, 10, 10], [0, 1, 2], 1, 0.001, 1, False, False 1.7788176561257358 37.338096338328306 5.298737053079029 0.0448592864819132 0.7157573291122223 0.30913666294851905 
[1, 24], [24, 15], [1, 5], [20, 20], [0, 1], 5, 0.001, 1, False, False 1.5497386032646452 30.70371138069216 3.673840354517296 0.01573076356458343 0.12869243545142237 0.16645441766416305 
[1, 24], [24, 1], [1, 10], [10, 10], [0, 1], 1, 0.001, 1, False, False 1.8480323928787759 37.48411963740539 5.676638162476681 0.04541405009668463 0.22682983004395274 0.21621018614667026 
[1, 24], [24, 5], [1, 10], [10, 10], [1], 20, 0.001, 1, False, False 1.4421414656909528 27.092635054246646 3.232307406653677 0.021568187955410913 0.36430974452735915 0.03526657758333444 
[1, 24], [24, 10], [1, 5], [20, 20], [1], 20, 0.001, 1, False, False 1.4769594633468879 27.121559228176412 3.3467013192967126 0.009056546439654313 0.8045395651419408 0.040262597207707786 
[1, 24, 48], [24, 1, 1], [1, 5, 5], [10, 10, 10], [1, 2], 1, 0.001, 1, False, False 1.8144967372218772 36.76958312503224 5.555579591214365 0.10391829250191228 1.085891903357257 0.44171055923254016 
[1, 24, 48], [24, 10, 1], [1, 5, 5], [10, 10, 10], [0, 1, 2], 10, 0.001, 1, False, False 1.4871597666500342 27.208264666774014 3.3292482840277677 0.02507380617417398 0.36104909782205485 0.14407544219855034 
[1, 24, 48], [24, 5, 1], [1, 5, 5], [20, 20, 20], [1, 2], 1, 0.001, 1, False, False 1.7971411110074433 37.35866531586812 5.386670347572064 0.018630532617690824 0.22295321179043795 0.17631048140057157 
[1, 24, 48], [24, 15, 10], [1, 5, 5], [10, 10, 10], [1, 2], 1, 0.001, 1, False, False 1.7304380647700144 36.849025167178375 5.13968831264759 0.034555276014882626 0.6481613577738701 0.18108428041646077 
[1, 24], [24, 5], [1, 10], [20, 20], [0, 1], 5, 0.001, 1, False, False 1.6290760467449825 31.146953493648656 3.984774102993345 0.09962640665240226 1.8887143662505543 0.36874913719588187 
[1, 24, 48], [24, 5, 1], [1, 10, 10], [10, 10, 10], [0, 1, 2], 10, 0.001, 1, False, False 1.4722937577162627 27.045719521536302 3.4682977285746013 0.03320262374483749 0.7987964860747334 0.05867801197397748 
[1, 24], [24, 10], [1, 10], [10, 10], [0, 1], 20, 0.001, 1, False, False 1.4150157540139776 26.918504385170795 3.0658232707332886 0.024845741519923865 0.9620366143957604 0.10929748533633367 
[1, 24, 48], [24, 15, 15], [1, 5, 5], [20, 20, 20], [0, 1, 2], 1, 0.001, 1, False, False 1.7427452319336159 36.26500692164808 5.067063665463055 0.054530932919567225 1.6746543184030402 0.29283852438016705 
[1, 24, 48], [24, 15, 15], [1, 10, 10], [10, 10, 10], [0, 1, 2], 1, 0.001, 1, False, False 1.714937391118319 35.68403419922828 4.903493894535482 0.04689995868172988 1.1973105221383307 0.3836048502943125 
[1, 24, 48], [24, 15, 5], [1, 10, 10], [20, 20, 20], [0, 1, 2], 1, 0.001, 1, False, False 1.68941829962035 34.63737046587058 4.558898870880216 0.07484938327759456 1.7073783697919072 0.4898516451402074 
[1, 24], [24, 15], [1, 5], [20, 20], [0, 1], 20, 0.001, 1, False, False 1.433231610328787 26.987963242251244 3.236918954877193 0.06239439844060391 1.5489385101082285 0.22807775386219176 
[1, 24, 48], [24, 1, 1], [1, 5, 5], [20, 20, 20], [0, 1, 2], 10, 0.001, 1, False, False 1.548860024571143 28.63404959167858 3.7129261066130876 0.03256458854831796 0.8546596180406801 0.2286722127173849 
[1, 24], [24, 10], [1, 10], [20, 20], [0, 1], 1, 0.001, 1, False, False 1.7992947355740603 37.395208562741246 5.393210239631254 0.015176310319551472 0.5892819400102063 0.10561922096384418 
[1, 24, 48], [24, 1, 1], [1, 10, 10], [10, 10, 10], [0, 1, 2], 10, 0.001, 1, False, False 1.4388709009107616 25.84483136366246 3.321184658271738 0.016719935185692845 0.4451720902549732 0.0446374615607966 
[1, 24], [24, 1], [1, 10], [10, 10], [0, 1], 20, 0.001, 1, False, False 1.462549176370656 28.558056706506587 3.296291507753244 0.027091181869590277 0.9051261233330593 0.1358183815236797 
[1, 24], [24, 5], [1, 5], [10, 10], [0, 1], 5, 0.001, 1, False, False 1.7793681193143132 36.25394845542406 5.118501646688585 0.035834881704727595 1.2989650877992491 0.4397055846273079 
[1, 24], [24, 15], [1, 10], [10, 10], [0, 1], 1, 0.001, 1, False, False 1.7513352533457454 36.679590855988906 5.211972537564098 0.04003334301315339 0.8997234702004099 0.20011667950654324 
[1, 24], [24, 15], [1, 10], [10, 10], [0, 1], 20, 0.001, 1, False, False 1.4475654747130144 26.453455760369753 3.2321113668231978 0.047065781362532255 1.313115223906919 0.20113182366991747 
[1, 24, 48], [24, 15, 1], [1, 10, 10], [20, 20, 20], [0, 1, 2], 5, 0.001, 1, False, False 1.5269154921174053 27.983856945280994 3.6576178667501877 0.07895352440866191 2.4115224967920845 0.17933890610419245 
[1, 24], [24, 10], [1, 10], [20, 20], [0, 1], 20, 0.001, 1, False, False 1.4430234933272004 27.534075908053662 3.165435494792185 0.015900897733298523 0.5108284620718156 0.06555112553771496 
[1, 24, 48], [24, 10, 1], [1, 10, 10], [10, 10, 10], [0, 1, 2], 10, 0.001, 1, False, False 1.479944697401866 27.03695097205062 3.4871067748040283 0.015410417548158035 0.7920973963257548 0.0899288530766771 
[1, 24, 48], [24, 15, 1], [1, 5, 5], [10, 10, 10], [0, 1, 2], 5, 0.001, 1, False, False 1.572475377318484 28.99813386924114 3.7572589814110198 0.0561663048934415 0.4353633820380044 0.31927815239007973 
[1, 24], [24, 5], [1, 10], [20, 20], [0, 1], 20, 0.001, 1, False, False 1.4028359400384405 26.56806607651207 3.0810128401000068 0.018494471293289117 0.5207386376080839 0.040770786635831405 
[1, 24, 48], [24, 5, 1], [1, 5, 5], [10, 10, 10], [1, 2], 5, 0.001, 1, False, False 1.6259866247574488 30.665691593652827 3.985653079313272 0.020326528090133477 0.9168613341744589 0.10482986930927465 
[1, 24, 48], [24, 10, 1], [1, 5, 5], [20, 20, 20], [1, 2], 5, 0.001, 1, False, False 1.5603037513792515 29.194520720065395 3.680834062230909 0.11489016162259665 2.461989770105716 0.38299075173629754 
[1, 24, 48], [24, 15, 10], [1, 5, 5], [20, 20, 20], [1, 2], 10, 0.001, 1, False, False 1.5770094053060923 27.466159538952553 3.7832070966889924 0.06682088459667927 0.5952467449950699 0.21598358875796256 
[1, 24, 48], [24, 15, 1], [1, 10, 10], [20, 20, 20], [0, 1, 2], 10, 0.001, 1, False, False 1.4627272831345044 27.171834243396642 3.3602662939577783 0.009107931051002344 0.34265800560474186 0.0579165503266021 
[1, 24, 48], [24, 15, 10], [1, 5, 5], [10, 10, 10], [1, 2], 5, 0.001, 1, False, False 1.595371832291561 29.099263598343423 3.9644077668034505 0.08722149478960557 1.6120515104222854 0.4206034315182159 
[1, 24, 48], [24, 10, 1], [1, 5, 5], [20, 20, 20], [0, 1, 2], 10, 0.001, 1, False, False 1.4979802257001955 27.99826831132019 3.487752984791497 0.03694005135149422 1.5589328755961234 0.09350957530311357 
[1, 24], [24, 10], [1, 5], [10, 10], [0, 1], 1, 0.001, 1, False, False 1.857010326424131 37.87517043756933 5.723555817384142 0.014863091701049335 0.5381747342326437 0.10087432693025764 
[1, 24, 48], [24, 15, 1], [1, 5, 5], [20, 20, 20], [0, 1, 2], 5, 0.001, 1, False, False 1.6219274408770383 30.253704157449704 4.003429257677511 0.10337973452073884 2.6699900781115202 0.4643692594099437 
[1, 24], [24, 5], [1, 5], [10, 10], [0, 1], 20, 0.001, 1, False, False 1.5205978732280157 28.680850979414263 3.5202278404034293 0.046527482099789665 0.8751553966174166 0.22434242076025115 
[1, 24, 48], [24, 1, 1], [1, 5, 5], [10, 10, 10], [1, 2], 5, 0.001, 1, False, False 1.6604825189130175 32.07771355379043 4.057534584295383 0.020598371279107307 1.3850724824299974 0.13369038711795408 
[1, 24, 48], [24, 5, 1], [1, 5, 5], [20, 20, 20], [1, 2], 5, 0.001, 1, False, False 1.5606784664232425 29.167658327985944 3.8937267891702128 0.06521186453612189 1.4274575185159002 0.21273307478163875 
[1, 24, 48], [24, 15, 1], [1, 10, 10], [10, 10, 10], [0, 1, 2], 10, 0.001, 1, False, False 1.4991940554576342 28.124889256147085 3.372860477780954 0.024036095252984443 0.9102647818682608 0.04354151363346346 
[1, 24, 48], [24, 1, 1], [1, 10, 10], [10, 10, 10], [0, 1, 2], 20, 0.001, 1, False, False 1.4581594482892093 27.056201679684282 3.3773894053430435 0.04094725164316351 0.8716895167014931 0.16976108185266323 
[1, 24], [24, 5], [1, 5], [20, 20], [0, 1], 1, 0.001, 1, False, False 1.7902778059106186 37.86889907911356 5.44741745898331 0.02527869490749507 0.36810789363264446 0.1377009565157387 
[1, 24, 48], [24, 5, 1], [1, 5, 5], [10, 10, 10], [0, 1, 2], 20, 0.001, 1, False, False 1.4772927341775766 26.921450448350342 3.41209184293487 0.03350452893804773 0.9848063575253883 0.12063204933270286 
[1, 24, 48], [24, 10, 1], [1, 10, 10], [20, 20, 20], [0, 1, 2], 10, 0.001, 1, False, False 1.4462803616153979 25.42140358166547 3.3895794427616504 0.03530841910838942 0.43621114196868793 0.18550861537386445 
[1, 24, 48], [24, 15, 15], [1, 5, 5], [10, 10, 10], [0, 1, 2], 5, 0.001, 1, False, False 1.6391163311208843 29.98594755155253 3.992671135977279 0.04791438080180906 1.8039167023926124 0.3197469196089303 
[1, 24, 48], [24, 1, 1], [1, 5, 5], [20, 20, 20], [0, 1, 2], 20, 0.001, 1, False, False 1.4844018989966974 28.249259796925518 3.4215666527760766 0.015893621121008332 0.5149334211126337 0.029578093706752576 
[1, 24, 48], [24, 5, 1], [1, 10, 10], [20, 20, 20], [0, 1, 2], 10, 0.001, 1, False, False 1.488333084917179 27.40205303525296 3.5225623959892256 0.03629592267159674 0.1761705198549911 0.14836239965016404 
[1, 24, 48], [24, 15, 5], [1, 10, 10], [10, 10, 10], [0, 1, 2], 5, 0.001, 1, False, False 1.461149198465325 25.84638502802193 3.386284316487654 0.03323086035216479 0.33602282547649126 0.1735355048974051 
[1, 24, 48], [24, 15, 5], [1, 5, 5], [20, 20, 20], [0, 1, 2], 5, 0.001, 1, False, False 1.5452887246661167 27.353484325114433 3.776068186031893 0.03951930796192765 1.602470088523823 0.14943475811648496 
[1, 24, 48], [24, 15, 1], [1, 10, 10], [10, 10, 10], [0, 1, 2], 10, 0.001, 1, False, False 1.4153157867077326 26.042459468804683 3.1673506693999376 0.013629670607951611 0.9642189118863426 0.05080369923417977 
[1, 24], [24, 10], [1, 5], [10, 10], [0, 1], 20, 0.001, 1, False, False 1.51321214373327 27.73676448704822 3.36716615853803 0.059704883596870796 0.8753290835817785 0.15799956192555123 
[1, 24, 48], [24, 5, 1], [1, 5, 5], [20, 20, 20], [0, 1, 2], 1, 0.001, 1, False, False 1.786069361355018 37.31081935919909 5.385611417749046 0.019405486095083947 0.7040115384632776 0.10321099497991083 
[1, 24, 48], [24, 1, 1], [1, 10, 10], [20, 20, 20], [0, 1, 2], 1, 0.001, 1, False, False 1.7634088369983214 36.55458125783676 5.279022175057695 0.015869131907928418 0.5574453321735161 0.15923125036369387 
[1, 24, 48], [24, 5, 1], [1, 5, 5], [10, 10, 10], [0, 1, 2], 10, 0.001, 1, False, False 1.5610219500131077 29.29982697516652 3.6806314312449016 0.052731544175882814 0.9860669429017378 0.2945596602376373 
[1, 24, 48], [24, 1, 1], [1, 5, 5], [20, 20, 20], [1, 2], 10, 0.001, 1, False, False 1.599563208567324 29.017026681438722 3.9423194276931492 0.007681158360154477 1.098268658557193 0.16449292136504268 
[1, 24, 48], [24, 15, 15], [1, 5, 5], [20, 20, 20], [0, 1, 2], 5, 0.001, 1, False, False 1.6575068577020258 30.971299166406933 4.055772970502441 0.04568821155916663 0.14585552878685437 0.2805361875947103 
[1, 24, 48], [24, 15, 15], [1, 10, 10], [10, 10, 10], [0, 1, 2], 5, 0.001, 1, False, False 1.5116592621706701 27.982088799082685 3.447109345998203 0.08784616275363047 2.0034677223827337 0.3526892021459877 
[1, 24, 48], [24, 5, 1], [1, 10, 10], [10, 10, 10], [0, 1, 2], 1, 0.001, 1, False, False 1.772186231199238 36.51305771600691 5.436046928257627 0.035351397900813285 0.4523200809520342 0.18578733039817316 
[1, 24, 48], [24, 15, 1], [1, 10, 10], [10, 10, 10], [0, 1, 2], 20, 0.001, 1, False, False 1.4073479447858757 25.526482267672126 3.2188300906282024 0.05048042628678028 1.3681117097854854 0.20312800591697264 
[1, 24, 48], [24, 10, 1], [1, 5, 5], [10, 10, 10], [1, 2], 10, 0.001, 1, False, False 1.5110812003413836 27.6949464814117 3.4798323574217744 0.020022979629897266 1.202327291367519 0.11009909469984205 
[1, 24, 48], [24, 15, 5], [1, 10, 10], [20, 20, 20], [0, 1, 2], 5, 0.001, 1, False, False 1.497590302738051 27.592831400172127 3.4517207540730666 0.015570878478273459 0.5625339459200487 0.07053173009729 
[1, 24, 48], [24, 10, 1], [1, 10, 10], [20, 20, 20], [0, 1, 2], 20, 0.001, 1, False, False 1.4266304758135921 26.189506830150204 3.302672095465535 0.04417101184170977 1.2028292665043472 0.17913266805325184 
[1, 24, 48], [24, 15, 1], [1, 10, 10], [20, 20, 20], [0, 1, 2], 1, 0.001, 1, False, False 1.6767697117118923 35.13391978749785 4.706592155143365 0.023836645435816546 0.8028520082472322 0.2901253642456142 
[1, 24], [24, 5], [1, 5], [20, 20], [0, 1], 20, 0.001, 1, False, False 1.4799482354135425 28.793503867465677 3.36083549207773 0.038977569327357305 0.5936321155310381 0.26005476850892845 
[1, 24, 48], [24, 10, 1], [1, 5, 5], [10, 10, 10], [0, 1, 2], 1, 0.001, 1, False, False 1.7931150168042496 37.20187899053379 5.461059133552446 0.023599675090511123 0.9420490582901392 0.07947736114827114 
[1, 24, 48], [24, 15, 1], [1, 5, 5], [10, 10, 10], [0, 1, 2], 10, 0.001, 1, False, False 1.5333101478784725 27.36704602979191 3.7762823840119086 0.02634143835679015 0.709002250880595 0.15287841676156227 
[1, 24, 48], [24, 15, 1], [1, 10, 10], [20, 20, 20], [0, 1, 2], 10, 0.001, 1, False, False 1.4375520243205961 26.08788916765101 3.3025905555319137 0.018145635861639545 0.7942162599403021 0.025925858264260117 
[1, 24, 48], [24, 5, 1], [1, 5, 5], [20, 20, 20], [0, 1, 2], 5, 0.001, 1, False, False 1.6033596718338907 30.33917482214132 3.887112378494201 0.061412314320201306 0.6559820387185182 0.23841740882728776 
[1, 24, 48], [24, 15, 1], [1, 5, 5], [10, 10, 10], [0, 1, 2], 10, 0.001, 1, False, False 1.4596738022786602 27.373580086230323 3.28535093443559 0.060068915462379815 1.5004243801419819 0.16460973367578818 
[1, 24, 48], [24, 15, 10], [1, 5, 5], [10, 10, 10], [1, 2], 10, 0.001, 1, False, False 1.4524718452382972 25.700306576618726 3.3182607178480246 0.03945390691109573 0.16812086027066786 0.1386331440877518 
[1, 24, 48], [24, 5, 1], [1, 5, 5], [10, 10, 10], [1, 2], 10, 0.001, 1, False, False 1.5300214890321648 27.14281361992462 3.7520203256785982 0.034765204189681605 0.8199677096441208 0.07638251419390864 
[1, 24, 48], [24, 15, 15], [1, 10, 10], [20, 20, 20], [0, 1, 2], 10, 0.001, 1, False, False 1.4514032596998196 26.422424708755514 3.333395673484166 0.014246944011113368 0.12924387581932895 0.08065798477328465 
[1, 24, 48], [24, 15, 1], [1, 10, 10], [20, 20, 20], [0, 1, 2], 5, 0.001, 1, False, False 1.5414142248186253 28.763915879628573 3.6832649325477553 0.04624885315844085 1.7614181636695183 0.14825662136961687 
[1, 24, 48], [24, 15, 1], [1, 5, 5], [20, 20, 20], [0, 1, 2], 10, 0.001, 1, False, False 1.4630405758611031 25.802653110377605 3.4017463135222155 0.05585877725981996 0.8664215095646971 0.29341076836905644 
[1, 24, 48], [24, 10, 1], [1, 5, 5], [20, 20, 20], [1, 2], 10, 0.001, 1, False, False 1.4782017836416212 26.51289587170714 3.4782532665143173 0.03169232045373204 0.5116482911480427 0.09403334645330483 
[1, 24, 48], [24, 15, 5], [1, 5, 5], [10, 10, 10], [0, 1, 2], 10, 0.001, 1, False, False 1.5218678717811907 27.919629151987568 3.4992289293197576 0.060351737324679765 2.278848196380835 0.1655790378837498 
[1, 24, 48], [24, 1, 1], [1, 5, 5], [10, 10, 10], [1, 2], 10, 0.001, 1, False, False 1.6007282213894305 29.059750268118183 3.944909252752108 0.048470302259457726 0.7643039371996824 0.14306677377766 
[1, 24, 48], [24, 10, 1], [1, 5, 5], [10, 10, 10], [0, 1, 2], 5, 0.001, 1, False, False 1.567880547170838 29.318552724488267 3.761768501361479 0.045660485974539075 0.7485144595574279 0.19200490454977112 
[1, 24, 48], [24, 15, 1], [1, 5, 5], [20, 20, 20], [0, 1, 2], 10, 0.001, 1, False, False 1.4622655944898728 27.013243502067763 3.4240435461715655 0.012154704922177446 0.6592131038724197 0.0181207209100805 
[1, 24, 48], [24, 15, 10], [1, 5, 5], [20, 20, 20], [1, 2], 20, 0.001, 1, False, False 1.3808385312488234 24.414128237578243 3.0907347547082966 0.06625156384982493 1.5603701828370846 0.30519778824134125 
[1, 24, 48], [24, 15, 10], [1, 5, 5], [10, 10, 10], [1, 2], 20, 0.001, 1, False, False 1.4391835824344996 26.10392442317395 3.2209905186384318 0.06277892018378958 1.0569193312190768 0.21853438508196202 
[1, 24, 48], [24, 5, 1], [1, 5, 5], [20, 20, 20], [1, 2], 10, 0.001, 1, False, False 1.5716903299921088 28.53827830430498 3.9178244372560798 0.03810387187178496 0.24567695511821946 0.46324378293395724 
[1, 24, 48], [24, 1, 1], [1, 10, 10], [20, 20, 20], [0, 1, 2], 5, 0.001, 1, False, False 1.5759630173306773 29.57618490261947 3.877987229835758 0.03857493198228648 1.3940697127687824 0.11494197924691028 
[1, 24, 48], [24, 15, 1], [1, 5, 5], [10, 10, 10], [1, 2], 1, 0.001, 1, False, False 1.7893471122477893 37.444950820100736 5.382394974437002 0.018894132613246344 1.1947787923612696 0.182592344684959 
[1, 24, 48], [24, 1, 1], [1, 5, 5], [10, 10, 10], [1, 2], 20, 0.001, 1, False, False 1.4466811240340274 27.689801249302473 3.3023706322335378 0.03597540367877751 1.1605193784269623 0.1466995539481687 
[1, 24, 48], [24, 10, 1], [1, 5, 5], [10, 10, 10], [0, 1, 2], 20, 0.001, 1, False, False 1.4532535391411299 26.268226768863723 3.2971949359259085 0.018776715686150455 0.4859919798834969 0.04727351843485528 
[1, 24, 48], [24, 15, 10], [1, 5, 5], [20, 20, 20], [1, 2], 1, 0.001, 1, False, False 1.6543613638176964 34.116442290227106 4.418100823866723 0.008429669267905823 0.7027597157199285 0.0852391920038869 
[1, 24, 48], [24, 5, 1], [1, 10, 10], [10, 10, 10], [0, 1, 2], 5, 0.001, 1, False, False 1.5646571903455035 28.486060633406044 3.7571626218905076 0.05479084607592809 2.1484902213488857 0.11154895448612043 
[1, 24, 48], [24, 5, 1], [1, 5, 5], [20, 20, 20], [0, 1, 2], 20, 0.001, 1, False, False 1.4374187532812357 27.465327160503474 3.2060892546328588 0.036485983356229476 1.189288547222569 0.21140602672704836 
[1, 24, 48], [24, 1, 1], [1, 5, 5], [20, 20, 20], [1, 2], 1, 0.001, 1, False, False 1.8135624961720573 37.74925911171855 5.491443097186774 0.05070019563790036 0.6438242147227584 0.41137666633051906 
[1, 24, 48], [24, 10, 1], [1, 5, 5], [20, 20, 20], [0, 1, 2], 1, 0.001, 1, False, False 1.780989384940929 37.62820796270142 5.361760164433664 0.023040956012145442 0.33652713564951486 0.06681345508674554 
[1, 24, 48], [24, 10, 1], [1, 10, 10], [10, 10, 10], [0, 1, 2], 1, 0.001, 1, False, False 1.7388908543934427 35.62071373967586 5.052758908075567 0.0170040750353318 0.709523114886293 0.16187333574347892 
[1, 24, 48], [24, 5, 1], [1, 5, 5], [20, 20, 20], [1, 2], 20, 0.001, 1, False, False 1.475744370943694 28.52646474804573 3.2893911552788953 0.03317693383370259 1.741297328873039 0.07429567244215944 
[1, 24, 48], [24, 10, 1], [1, 5, 5], [10, 10, 10], [1, 2], 1, 0.001, 1, False, False 1.7693609764592513 36.607081651445625 5.339625982654121 0.05661060112099399 0.5859859417572517 0.34986196097291583 
[1, 24, 48], [24, 15, 1], [1, 5, 5], [20, 20, 20], [0, 1, 2], 20, 0.001, 1, False, False 1.4454161339749894 27.14728352682951 3.3022718166934317 0.026329006708010676 0.4613532351432771 0.1857851649071034 
[1, 24, 48], [24, 10, 1], [1, 10, 10], [10, 10, 10], [0, 1, 2], 20, 0.001, 1, False, False 1.4242558231301332 25.705415160132265 3.318192243633352 0.027405995974321064 0.9224400617284754 0.15138271520869215 
[1, 24, 48], [24, 15, 15], [1, 5, 5], [10, 10, 10], [0, 1, 2], 10, 0.001, 1, False, False 1.5251642140180426 28.36668418182983 3.512097750138956 0.010355025199688579 0.25516628132895086 0.07922346711356566 
[1, 24, 48], [24, 15, 10], [1, 5, 5], [20, 20, 20], [1, 2], 5, 0.001, 1, False, False 1.5076139653860416 27.098292390910757 3.4934132600256564 0.03873940863105159 0.46496495880656696 0.18544626931728528 
[1, 24, 48], [24, 15, 1], [1, 10, 10], [10, 10, 10], [0, 1, 2], 1, 0.001, 1, False, False 1.705599186403884 35.943393753147284 4.7560675050430214 0.04837479394589014 0.6402418462705363 0.2152856353018882 
[1, 24, 48], [24, 1, 1], [1, 10, 10], [20, 20, 20], [0, 1, 2], 20, 0.001, 1, False, False 1.4398875934382283 26.701904942315014 3.431558247332689 0.011060850871388328 0.4915215229531123 0.11160631760992118 
[1, 24, 48], [24, 1, 1], [1, 5, 5], [20, 20, 20], [1, 2], 5, 0.001, 1, False, False 1.5792707242071629 31.734405553922556 3.71421388899031 0.035308546726472635 1.3235075632170072 0.05365310383265707 
[1, 24, 48], [24, 15, 5], [1, 10, 10], [10, 10, 10], [0, 1, 2], 10, 0.001, 1, False, False 1.4807005093950367 26.542941654652406 3.4150564907648544 0.058072058684521054 0.6479092100705875 0.17360624569534439 
[1, 24, 48], [24, 15, 5], [1, 5, 5], [20, 20, 20], [0, 1, 2], 10, 0.001, 1, False, False 1.478954445908743 27.338798080576385 3.4050087826800355 0.007827625007655195 0.6086617188207258 0.041827805205436726 
[1, 24, 48], [24, 15, 15], [1, 5, 5], [20, 20, 20], [0, 1, 2], 10, 0.001, 1, False, False 1.47615087731155 26.357987332711044 3.327695129505061 0.019665559586920345 0.508721331042641 0.10145757861722639 
[1, 24, 48], [24, 1, 1], [1, 5, 5], [10, 10, 10], [0, 1, 2], 1, 0.001, 1, False, False 1.7537715405501704 36.50438301892017 5.171150016775133 0.022516741483103304 0.1670568357052467 0.13662069528214602 
[1, 24, 48], [24, 15, 15], [1, 10, 10], [10, 10, 10], [0, 1, 2], 10, 0.001, 1, False, False 1.4411413218205178 26.068989104596284 3.2375270827511784 0.04266355293387849 0.6414561832509188 0.17952075478911766 
[1, 24, 48], [24, 10, 1], [1, 5, 5], [20, 20, 20], [0, 1, 2], 20, 0.001, 1, False, False 1.4578994490689154 27.677977011842586 3.3221874611769597 0.039769767685595585 1.8094179002077144 0.11791122478642554 
[1, 24, 48], [24, 10, 1], [1, 5, 5], [10, 10, 10], [1, 2], 5, 0.001, 1, False, False 1.561369988177386 28.976351298730695 4.040467656931338 0.10630468460598602 3.632643246261356 0.6567271398462522 
[1, 24, 48], [24, 15, 5], [1, 10, 10], [20, 20, 20], [0, 1, 2], 10, 0.001, 1, False, False 1.4490588455219513 26.756488771543996 3.248855376862086 0.025553293332534477 0.8351239114412664 0.061118567261020246 
[1, 24, 48], [24, 1, 1], [1, 5, 5], [20, 20, 20], [1, 2], 20, 0.001, 1, False, False 1.500401556422865 29.069876998445924 3.413855788711766 0.051817033740337096 1.0310204488144257 0.1235265217618383 
[1, 24, 48], [24, 5, 1], [1, 5, 5], [10, 10, 10], [1, 2], 1, 0.001, 1, False, False 1.7872676420404956 36.1595146210769 5.25634119154131 0.09972448336876844 1.2013087370183775 0.6347040645413151 
[1, 24, 48], [24, 5, 1], [1, 10, 10], [10, 10, 10], [0, 1, 2], 20, 0.001, 1, False, False 1.452126847980199 26.86984464886034 3.390085392677379 0.03850573144900456 0.6630038717805657 0.16273931008349574 
[1, 24, 48], [24, 15, 15], [1, 5, 5], [20, 20, 20], [0, 1, 2], 20, 0.001, 1, False, False 1.451992188801092 27.244954626988445 3.156076017457128 0.0037237108202793547 0.7216716347724395 0.05017343985014311 
[1, 24, 48], [24, 1, 1], [1, 5, 5], [10, 10, 10], [0, 1, 2], 20, 0.001, 1, False, False 1.4550811956464145 26.14945913596759 3.387131947331754 0.05790217193741452 1.9234824343444656 0.15590648268786417 
[1, 24, 48], [24, 15, 15], [1, 10, 10], [10, 10, 10], [0, 1, 2], 20, 0.001, 1, False, False 1.4165767227265018 25.789329532791623 3.1523100045101344 0.015331062892240921 0.25463212675866026 0.11114598903094748 
[1, 24, 48], [24, 10, 1], [1, 5, 5], [10, 10, 10], [1, 2], 20, 0.001, 1, False, False 1.46945248980903 25.858804438572047 3.3763697474878054 0.028574458455065746 1.112781277996561 0.12465586958096214 
[1, 24, 48], [24, 15, 1], [1, 5, 5], [10, 10, 10], [0, 1, 2], 20, 0.001, 1, False, False 1.3827679948329372 25.102642076908207 3.0781044752184012 0.02922672262724306 1.0417197770974167 0.1016154762975871 
[1, 24, 48], [24, 15, 5], [1, 10, 10], [20, 20, 20], [0, 1, 2], 20, 0.001, 1, False, False 1.4122302916866765 25.855152430748394 3.163397341272336 0.027757731850036972 0.47258111019533455 0.11483978805189803 
[1, 24, 48], [24, 15, 1], [1, 10, 10], [10, 10, 10], [0, 1, 2], 20, 0.001, 1, False, False 1.4148073035395807 26.08929612321808 3.2517137767509685 0.044380901940946654 2.32503511775532 0.07173605285739681 
[1, 24, 48], [24, 5, 1], [1, 10, 10], [20, 20, 20], [0, 1, 2], 1, 0.001, 1, False, False 1.691916201953535 35.03681128294116 4.850053996174808 0.033288742299937474 1.2431818927928557 0.37099898842343404 
[1, 24, 48], [24, 10, 1], [1, 5, 5], [20, 20, 20], [1, 2], 1, 0.001, 1, False, False 1.7631954380897463 36.50264339505878 5.223398562067207 0.056739296251723505 1.6690563508030847 0.4962940770576241 
[1, 24, 48], [24, 15, 15], [1, 10, 10], [20, 20, 20], [0, 1, 2], 1, 0.001, 1, False, False 1.6768917016822984 34.587638658612576 4.3877264499530595 0.08988989449484357 1.4939568350978116 0.4833064690741371 
[1, 24, 48], [24, 15, 1], [1, 5, 5], [20, 20, 20], [0, 1, 2], 1, 0.001, 1, False, False 1.7738780061679857 37.55028454439576 5.341874697434277 0.016791485311391862 0.613586460293333 0.09047016109683129 
[1, 24, 48], [24, 15, 5], [1, 5, 5], [10, 10, 10], [0, 1, 2], 1, 0.001, 1, False, False 1.813440468189893 37.69835555711472 5.500718905635691 0.032473608190338496 0.14319091168496215 0.20137553997850283 
[1, 24, 48], [24, 15, 1], [1, 10, 10], [10, 10, 10], [0, 1, 2], 5, 0.001, 1, False, False 1.5261558242970044 28.258001857939764 3.545778089878524 0.03049703261003692 1.3184402799024642 0.17656414157602993 
[1, 24, 48], [24, 15, 1], [1, 10, 10], [20, 20, 20], [0, 1, 2], 20, 0.001, 1, False, False 1.424214698953761 25.909257698842776 3.211720091766978 0.014265172585236949 1.8923150478969202 0.10622490827460197 
[1, 24, 48], [24, 15, 1], [1, 10, 10], [20, 20, 20], [0, 1, 2], 1, 0.001, 1, False, False 1.7437479536566471 36.0979723467187 5.041805808069217 0.07967164166647972 1.805047623604406 0.5129437863281753 
[1, 24, 48], [24, 5, 1], [1, 5, 5], [10, 10, 10], [1, 2], 20, 0.001, 1, False, False 1.4013606625022712 25.181068286657105 3.216933152413938 0.018900618831530686 0.34721862095831846 0.0697046351273675 
[1, 24, 48], [24, 15, 1], [1, 5, 5], [10, 10, 10], [0, 1, 2], 1, 0.001, 1, False, False 1.7396200372113124 36.536999477443935 5.1783307175178805 0.023959798271361424 0.09057658332561813 0.042943872609749495 
[1, 24, 48], [24, 10, 1], [1, 5, 5], [20, 20, 20], [1, 2], 20, 0.001, 1, False, False 1.4141278853501984 26.646698737472487 3.1393727274198273 0.009395310470799795 0.4836102714481726 0.08009955589387811 
[1, 24, 48], [24, 15, 1], [1, 10, 10], [20, 20, 20], [0, 1, 2], 20, 0.001, 1, False, False 1.4367744908702595 27.01626513335194 3.287203955024149 0.022884807297916643 0.3388275327254555 0.14093177786577235 
[1, 24, 48], [24, 15, 15], [1, 10, 10], [20, 20, 20], [0, 1, 2], 5, 0.001, 1, False, False 1.4895835641357633 27.10272642351219 3.3824385992301234 0.10057826075625698 1.1097370441417462 0.4217166358655837 
[1, 24, 48], [24, 15, 1], [1, 5, 5], [20, 20, 20], [0, 1, 2], 5, 0.001, 1, False, False 1.5671369998267404 28.846804824028666 3.7552836971936645 0.06645403036451028 0.7979397502299512 0.24729509050279794 
[1, 24, 48], [24, 15, 5], [1, 5, 5], [10, 10, 10], [0, 1, 2], 5, 0.001, 1, False, False 1.5455165373782318 28.240718153790297 3.634759677153637 0.04794823173330826 0.8394384128891633 0.22721747467295147 
[1, 24, 48], [24, 5, 1], [1, 10, 10], [20, 20, 20], [0, 1, 2], 20, 0.001, 1, False, False 1.4767447981362543 27.0212693702788 3.4650553485761564 0.021212501374249928 0.5240827222289832 0.11951118994581782 
[1, 24, 48], [24, 15, 15], [1, 10, 10], [20, 20, 20], [0, 1, 2], 20, 0.001, 1, False, False 1.4435287933589684 27.283441818092157 3.151932090457254 0.03519406998522193 0.9165232339506351 0.10631189921447597 
[1, 24, 48], [24, 15, 1], [1, 5, 5], [20, 20, 20], [0, 1, 2], 20, 0.001, 1, False, False 1.477049971206321 27.703008808816378 3.4484810623129523 0.03134976877244972 1.3796852700136402 0.12846060692879901 
[1, 24, 48], [24, 15, 5], [1, 5, 5], [10, 10, 10], [0, 1, 2], 20, 0.001, 1, False, False 1.420787953688867 26.606310843509092 3.1276300705398667 0.04975077398770331 1.56391228155617 0.142774053963962 
[1, 24, 48], [24, 15, 15], [1, 5, 5], [10, 10, 10], [0, 1, 2], 1, 0.001, 1, False, False 1.787881806285845 36.839793680578076 5.28242541719417 0.026903771431864884 1.0088867204929608 0.2236676612354624 
[1, 24, 48], [24, 15, 5], [1, 10, 10], [10, 10, 10], [0, 1, 2], 1, 0.001, 1, False, False 1.7098681247068777 34.87583782539047 4.849719641833023 0.05164442542251849 1.9050225310032372 0.4072442156673919 
[1, 24, 48], [24, 15, 5], [1, 5, 5], [20, 20, 20], [0, 1, 2], 1, 0.001, 1, False, False 1.7716148432482175 36.59614319772046 5.3113313373643445 0.03015721791323794 1.2482942443238205 0.2019787219810431 
[1, 24, 48], [24, 15, 1], [1, 5, 5], [10, 10, 10], [0, 1, 2], 20, 0.001, 1, False, False 1.5044658342721284 27.574958818862466 3.530984230467972 0.04502426304032648 0.7143483356331524 0.179302806254509 
[1, 24, 48], [24, 15, 15], [1, 5, 5], [10, 10, 10], [0, 1, 2], 20, 0.001, 1, False, False 1.4387632951830271 26.548408814015655 3.1414673769082637 0.03754365705545882 1.7583288364201999 0.09718029789491865 
[1, 24, 48], [24, 15, 5], [1, 5, 5], [20, 20, 20], [0, 1, 2], 20, 0.001, 1, False, False 1.4192628977682304 26.170987792207267 3.1247248521291326 0.019739595396706784 0.9185950585907688 0.05997867968045947 
[1, 24, 48], [24, 15, 5], [1, 10, 10], [10, 10, 10], [0, 1, 2], 20, 0.001, 1, False, False 1.399529997631907 26.057299422177763 3.0790174550771554 0.002790397756940027 0.3597909742792169 0.04081658705321519 
