layers lag time_steps epochs l2 learning_rate mean_mae                         mean_mape mean_mse std mae std_mape std_mse 
[15], 24, 1, 1, 0.001, 0.05, 1, False 2.4682459599068998 46.67553549358592 9.832212045222793 0.3319683991403522 4.027861109691943 2.6886253706836762 
[15], 36, 1, 1, 0.001, 0.05, 1, False 1.9035020004854435 37.75205675682036 5.451542550257731 0.0734021903996246 1.94988160616641 0.5647422963985181 
[10], 1, 1, 1, 0.001, 0.05, 1, False 3.362054219900596 53.65803958561559 16.136451666763573 0.2901255984604756 2.6432453808881498 1.8972565606427136 
[10], 12, 1, 1, 0.001, 0.05, 1, False 2.776054560694913 47.67282369402336 11.970180080507143 0.2696676197368823 1.9089794179611992 1.68429130598094 
[10], 24, 1, 1, 0.001, 0.05, 1, False 2.3021736931719783 43.68810381345742 8.807099842458946 0.6651085102398236 9.831676284015481 5.026330758792268 
[15], 1, 1, 1, 0.001, 0.05, 1, False 3.611014587321767 55.5940670438443 18.02120476028715 0.3947982742444441 3.4894573283633945 2.974658390474636 
[15], 12, 1, 1, 0.001, 0.05, 1, False 3.419631934789424 54.49531117848361 19.055407908487194 0.5437953556139398 5.677609658552391 5.897763734069001 
[10], 36, 1, 1, 0.001, 0.05, 1, False 2.7262069180607793 47.25061139918002 12.462548297519753 1.1179599720940405 12.604483908818597 9.040392286229961 
[5], 1, 1, 1, 0.001, 0.05, 1, False 3.0021972960344065 49.84710854926624 13.555125961619803 0.08943449756091233 0.7483303750085898 0.45817115686620036 
[5], 36, 1, 1, 0.001, 0.05, 1, False 2.0782495078182337 41.98508207071854 7.023755110568726 0.15055443292580176 0.8936403155308373 1.2038670112497947 
[5], 24, 1, 1, 0.001, 0.05, 1, False 2.248590665614164 42.86136711036422 8.150510460298221 0.23417138574247678 2.3122109301629736 2.032133170043709 
[20], 12, 1, 1, 0.001, 0.05, 1, False 2.86605778315829 48.522060377415166 12.572793427014195 0.3707615452626308 3.287424666648869 2.574920275275862 
[20], 1, 1, 1, 0.001, 0.05, 1, False 3.442094838229457 54.282953947590265 16.654989043765152 0.2490609567149442 2.579780007897953 1.8179595251721183 
[20], 24, 1, 1, 0.001, 0.05, 1, False 2.103052276645407 40.75791915990542 7.154865634034934 0.22207059425991585 2.7545305326078626 1.437634823327222 
[5], 12, 1, 1, 0.001, 0.05, 1, False 2.454691811064604 44.49980862162949 9.683143947089052 0.18162527952102678 2.2917154012660284 1.4969772609390581 
[20], 36, 1, 1, 0.001, 0.05, 1, False 2.284195019829052 43.7640694458809 7.992374660036504 0.30486837013686935 3.682077888926613 2.661212072456972 
[15], 36, 15, 5, 0.001, 0.05, 1, False 1.4278733856976036 27.607343796753398 3.275587439260781 0.0403661886460261 0.8068648026742633 0.10632929177509892 
[15], 24, 1, 5, 0.001, 0.05, 1, False 1.79249117942182 34.3004222158908 4.918841833673976 0.12381312847802976 1.3114584373763785 0.6118635737244659 
[15], 36, 1, 5, 0.001, 0.05, 1, False 1.9071088958876554 35.01740678400998 5.721390921971937 0.18732738343718722 2.3576363697781297 1.3131258014285694 
[15], 24, 15, 5, 0.001, 0.05, 1, False 1.5507117763989502 31.19148846825529 3.6242506604373133 0.023371760857419904 0.5270977035314597 0.07891291937695083 
[15], 12, 15, 5, 0.001, 0.05, 1, False 1.5274325558432829 32.5049116489202 3.812749143595569 0.09183438910600966 2.566612449957287 0.45751863665200687 
[20], 12, 1, 5, 0.001, 0.05, 1, False 2.020198492892087 42.07544854895719 6.716204911424047 0.2744397016954687 4.146840250531125 1.8449690674110006 
[15], 1, 1, 5, 0.001, 0.05, 1, False 2.288083129624526 42.788951008312495 8.44353541820679 0.27017015759681356 2.161236477585833 1.8832491286394726 
[10], 36, 1, 5, 0.001, 0.05, 1, False 1.737064572789327 33.064419254036295 4.723901728229115 0.06957994558729054 0.9442160154227583 0.3814760120074189 
[20], 1, 1, 5, 0.001, 0.05, 1, False 2.140282696809758 41.31157858220965 7.429313908276273 0.17015562255079908 1.229617879825953 1.272727905809692 
[10], 1, 1, 5, 0.001, 0.05, 1, False 2.7787937342016793 47.18658968218935 11.837294023998247 0.5039495939348986 4.394498341283815 3.1525180392907535 
[15], 12, 1, 5, 0.001, 0.05, 1, False 2.2360993975980414 44.739785341921525 8.24268464095564 0.1963441999773819 2.3647007342676134 1.3824362132501475 
[20], 24, 1, 5, 0.001, 0.05, 1, False 1.8204998848476899 34.61679514772795 5.1698136730342235 0.02015974606157952 0.2375357690528962 0.13619938290316347 
[20], 24, 15, 5, 0.001, 0.05, 1, False 1.5673322604762185 31.061300175985625 3.726434264346624 0.027963439202471133 0.6405261172163629 0.057607837605138525 
[30], 12, 1, 1, 0.001, 0.05, 1, False 2.9046761979262725 49.0385221187071 13.524169649218223 0.33585887719185076 3.502606996331008 3.2799316215952614 
[30], 1, 1, 1, 0.001, 0.05, 1, False 3.6859174504255265 56.50859805343592 18.504272653614073 0.2606051516337094 2.320927618762652 2.1738762114053416 
[15], 24, 5, 10, 0.001, 0.05, 1, False 1.5489636183198956 30.64846322014131 3.5729134582741593 0.03269658394955011 0.156889362244471 0.18149423084559677 
[5], 1, 1, 5, 0.001, 0.05, 1, False 3.835895442850544 58.8759705034592 20.19488413225428 0.9759825721680017 11.080620746547526 8.23616971595414 
[15], 1, 15, 5, 0.001, 0.05, 1, False 1.8040180299707036 37.93962372818341 5.322911193566824 0.022329435292792518 0.44076060849101995 0.11137164823790016 
[10], 36, 15, 5, 0.001, 0.05, 1, False 1.4655291221759938 28.943543871887254 3.4069214417709284 0.08547678908676333 2.000957602946213 0.3380673648626198 
[10], 24, 15, 5, 0.001, 0.05, 1, False 1.5348700867482907 31.37725253637096 3.5176646874963287 0.034931912663333765 0.6551873224310122 0.2198525222658862 
[15], 36, 5, 10, 0.001, 0.05, 1, False 1.4741240630547205 27.033195263401637 3.670220483623606 0.07065109981798438 0.808319056879568 0.22696894259272632 
[5], 36, 15, 5, 0.001, 0.05, 1, False 1.6295998185597085 32.33927504369 4.0284586228502475 0.08175401048795097 1.6169120541613873 0.3730234998189703 
[10], 12, 1, 5, 0.001, 0.05, 1, False 2.2482354417305306 45.85817968312606 8.282301003268733 0.32847193895508653 5.156980221321921 2.319811761139084 
[15], 24, 10, 1, 0.001, 0.05, 1, False 1.5068402336565434 32.62627605553027 3.55599127297736 0.09071707580349246 1.3791388044008739 0.37475374312064447 
[5], 24, 1, 5, 0.001, 0.05, 1, False 1.9013423732395667 36.36531293013824 5.8030715245017 0.30850901249553075 4.8912027326450165 2.3215556804676023 
[20], 1, 5, 10, 0.001, 0.05, 1, False 1.7898422963365361 38.11771522987507 5.656180784628584 0.009864167531083802 0.3039089854446356 0.047317851913609384 
[10], 24, 1, 5, 0.001, 0.05, 1, False 1.759609181906476 34.075653505864004 4.965229896117979 0.17217536814710432 2.312654908592988 1.1839623013382026 
[5], 36, 1, 5, 0.001, 0.05, 1, False 1.9072934417743932 35.7714400131259 5.580415561286768 0.21845261786209325 3.617463388156559 1.3388350703407272 
[15], 1, 5, 10, 0.001, 0.05, 1, False 1.7972815658759191 38.83462794799172 5.64968879490277 0.03191926190241101 0.6984031952921218 0.29756154187847084 
[10], 1, 15, 5, 0.001, 0.05, 1, False 1.860564094878457 38.47050377921039 5.705015338102129 0.04052287206148448 0.2740108291538366 0.2515626240069626 
[20], 24, 5, 10, 0.001, 0.05, 1, False 1.587037860174422 30.619607651795395 3.772859450742852 0.04542112931971872 1.3015970662096672 0.11728607714139963 
[15], 36, 10, 1, 0.001, 0.05, 1, False 1.6427533787295776 32.37403490341314 4.273267633702997 0.06273720103488263 1.7218196473027634 0.3607445000733724 
[5], 12, 1, 5, 0.001, 0.05, 1, False 4.577952802779706 73.69134369574776 30.76847745672315 2.015441440601868 28.004573286249215 21.334653315372158 
[10], 12, 15, 5, 0.001, 0.05, 1, False 1.6623365563650927 34.30072789983662 4.330803116570517 0.1282699988503422 1.9790135200498005 0.5204094536603513 
[10], 36, 5, 10, 0.001, 0.05, 1, False 1.4181365915470654 27.324386187046684 3.330160110982453 0.02618098432589698 0.928760319897632 0.06712389219762105 
[20], 36, 1, 5, 0.001, 0.05, 1, False 1.6931957824224677 32.45068878831838 4.321865702285678 0.06475186261378074 1.392786424641676 0.2623207869185339 
[15], 12, 5, 10, 0.001, 0.05, 1, False 1.7919815998662403 36.54484381031475 5.087899609463109 0.036999470673894606 1.120702021268273 0.09662226995348107 
[5], 24, 15, 5, 0.001, 0.05, 1, False 1.5682794438468086 31.773764668845406 3.696943775702584 0.0892025847809773 2.2449391094955438 0.2645526819349055 
[5], 1, 15, 5, 0.001, 0.05, 1, False 1.9378095173587406 38.659162652486394 6.106962765186961 0.06476957134648445 0.5040816930154765 0.3150620358665328 
[20], 1, 10, 1, 0.001, 0.05, 1, False 1.95161899416535 39.491820017906385 6.22431393398283 0.028240166238800143 0.4062935139595909 0.17773869383871177 
[10], 24, 5, 10, 0.001, 0.05, 1, False 1.4931109452413187 29.662900673358124 3.3176786180149525 0.020912463456230046 0.260597742452612 0.06724253309731859 
[20], 1, 15, 5, 0.001, 0.05, 1, False 1.7784268199569648 37.66367356142918 5.280872745252672 0.03275497641580889 0.4789395272974601 0.16744456221785142 
[30], 12, 1, 5, 0.001, 0.05, 1, False 2.049239857274073 42.60708890680778 6.826387259574403 0.2243617820534285 3.1334115647522496 1.4698861128795457 
[15], 1, 10, 1, 0.001, 0.05, 1, False 1.9834015118579071 39.760299703546615 6.437611387159453 0.03008487174840856 0.5841162991674927 0.20656401755323164 
[30], 1, 1, 5, 0.001, 0.05, 1, False 1.9710555967081482 39.27034488063605 6.4258648887530745 0.26965951324222953 3.2054691432477354 1.7774107490803506 
[20], 24, 10, 1, 0.001, 0.05, 1, False 1.5588316194713119 32.266403993002605 3.7026609251632094 0.08007286053773936 0.7705970519005654 0.2031020664123007 
[30], 1, 15, 5, 0.001, 0.05, 1, False 1.7340553037684276 36.91681838609929 5.024061602212571 0.006431309965444924 0.16221359389853843 0.012958151394144836 
[30], 12, 15, 5, 0.001, 0.05, 1, False 1.4760803315650532 30.867570616897513 3.402616843634527 0.023356430834897007 0.4407975617465435 0.06122829937686456 
[5], 1, 5, 10, 0.001, 0.05, 1, False 1.9982701841741806 38.79500424660139 6.39103470059828 0.06667113823002312 0.5135729319334543 0.3811184759936626 
[10], 36, 10, 1, 0.001, 0.05, 1, False 1.7372309557817607 37.0457082016334 4.554183612473455 0.08157695263919112 3.5363857925454925 0.49405881306599886 
[20], 12, 15, 5, 0.001, 0.05, 1, False 1.563003095653322 32.966945474998994 3.9360437568920243 0.079206565955793 2.1571322797020405 0.36534532608216247 
[15], 24, 1, 10, 0.001, 0.05, 1, False 1.5547484527376516 30.783349178195834 3.605419976224111 0.04048126222035048 0.8685942438208009 0.20844765135421658 
[10], 1, 5, 10, 0.001, 0.05, 1, False 1.839665713630341 38.394329238439035 5.706286966706522 0.0706072790094142 0.584115057246741 0.297572104318306 
[15], 12, 10, 1, 0.001, 0.05, 1, False 1.8196377086142703 38.92024459621348 5.538174262591091 0.02091995950954599 0.5143695072451298 0.08257817858953397 
[15], 36, 1, 10, 0.001, 0.05, 1, False 1.9479683871001556 36.087551680328765 5.683559953309641 0.015739212282412356 0.30094058316130934 0.12178552715438362 
[30], 24, 1, 1, 0.001, 0.05, 1, False 1.8088726807523656 36.346851977450704 5.412170664601515 0.12164659014696398 1.4850817431660999 0.7936067823890588 
[10], 24, 10, 1, 0.001, 0.05, 1, False 1.6142922166458986 33.667311501969266 3.967818369701169 0.12136277291374073 2.4980106772039252 0.536273407695379 
[20], 36, 15, 5, 0.001, 0.05, 1, False 1.4894989838340769 28.384623727464813 3.671290751565087 0.004376221949788793 0.38916269457091784 0.057878569650233025 
[5], 1, 10, 1, 0.001, 0.05, 1, False 2.012279314547778 39.19949760430254 6.539450957962143 0.021356281669863423 0.4491635407692325 0.12026305673576052 
[15], 24, 5, 1, 0.001, 0.05, 1, False 1.6817637188636043 33.73154786686087 4.275799375885369 0.07940272256849713 1.0285349274444409 0.4638054753721892 
[15], 24, 10, 5, 0.001, 0.05, 1, False 1.5671552976938312 31.474386784391594 3.652571062213539 0.033961727080640304 0.9753564793201173 0.050735943687805846 
[20], 12, 1, 10, 0.001, 0.05, 1, False 2.1066284091867233 43.30999946876856 7.036634378720751 0.4294594285092208 7.124109266827882 2.668434944032592 
[20], 24, 1, 10, 0.001, 0.05, 1, False 1.75902977683064 33.467481692443634 4.622709012376549 0.06940060675492835 1.0129424288188535 0.34937306552785585 
[15], 36, 15, 10, 0.001, 0.05, 1, False 1.4455415979303698 27.579136220321093 3.464792451044927 0.023753511641265608 0.48503758624948234 0.21477014593298438 
[10], 1, 10, 1, 0.001, 0.05, 1, False 1.9743863077765267 39.493487595346885 6.368202451218752 0.015516469639733016 0.08412463256788183 0.08245071480369477 
[20], 1, 1, 10, 0.001, 0.05, 1, False 1.5378854432177766 33.46906868683262 3.526067605135024 0.050651722351333105 0.9956135122960953 0.13919096048184335 
[30], 1, 5, 10, 0.001, 0.05, 1, False 1.7826041743021326 38.10438343284767 5.619027822815041 0.015804634738859225 0.3860298494287264 0.11118876956854566 
[15], 36, 10, 5, 0.001, 0.05, 1, False 1.515186461682121 29.038268828777053 3.6278540426961126 0.061373070520927116 1.1312337109990178 0.2213224908593474 
[15], 36, 5, 1, 0.001, 0.05, 1, False 1.6049759893229716 32.0465815732899 4.003458967655865 0.10619451047467916 1.942083377099708 0.4613793693276143 
[30], 12, 5, 10, 0.001, 0.05, 1, False 1.7620981720034725 35.40156702204637 4.997446067101944 0.03133202062342608 0.303963068991045 0.1060735598305394 
[15], 24, 15, 10, 0.001, 0.05, 1, False 1.4827004235789734 28.61342477208603 3.459788439317183 0.007113902813137188 0.3767973625576076 0.09157553809661781 
[5], 24, 5, 10, 0.001, 0.05, 1, False 1.5260568095164169 30.216802416195065 3.5270755100364752 0.029481740421811675 1.5164764270476336 0.08998326026349032 
[15], 12, 15, 10, 0.001, 0.05, 1, False 1.4779907771420702 30.54400542809894 3.620813350260064 0.08253315528414493 2.705985788222757 0.4327435635298141 
[5], 36, 5, 10, 0.001, 0.05, 1, False 1.513935123563365 29.528400844855692 3.498842479372938 0.02392172767904423 1.7860888681423763 0.02370091671124471 
[30], 1, 10, 1, 0.001, 0.05, 1, False 1.9549000832631638 39.54988511940932 6.251279091534681 0.02352190870271001 0.4317871923922474 0.1368516293534527 
[15], 1, 1, 10, 0.001, 0.05, 1, False 1.6857951219573069 35.08788873493132 4.4359251488578835 0.09070343555159131 1.2901103579477249 0.7174880703883958 
[5], 12, 5, 10, 0.001, 0.05, 1, False 1.7793062555707166 37.54313567195188 5.307951263761108 0.0370037052995888 1.0112857890532678 0.10560229242364956 
[10], 36, 1, 10, 0.001, 0.05, 1, False 1.9037546569619463 35.22519169814234 5.463277020291088 0.23166637604247314 3.114840475419048 1.5310930274643537 
[15], 36, 20, 1, 0.001, 0.05, 1, False 1.6291704260088784 33.23891450163842 4.124618381833482 0.03227534458311689 0.8477274275330757 0.23679230403291615 
[10], 12, 5, 10, 0.001, 0.05, 1, False 1.8169639287585462 35.922547365325535 5.424693344402487 0.009538721858871023 1.337160367666775 0.16336386582693196 
[15], 12, 1, 10, 0.001, 0.05, 1, False 2.243779931996984 44.97742419640604 7.831786318008544 0.42915897616862714 7.020503668645247 2.588192867507572 
[30], 12, 10, 1, 0.001, 0.05, 1, False 1.7779903538663084 38.00525642018329 5.436931010478187 0.08872374728064124 0.8539064429532482 0.1738543054500436 
[20], 24, 15, 10, 0.001, 0.05, 1, False 1.484190044634872 28.871729548395674 3.6034925552672816 0.02598759903676157 0.5228380113641177 0.2517596941560696 
[20], 12, 5, 1, 0.001, 0.05, 1, False 1.948480318652259 40.066215433185796 6.231691089525263 0.034336165824875246 0.441504349426115 0.2171977230840406 
[20], 1, 5, 1, 0.001, 0.05, 1, False 2.090086101092123 40.58716304013496 7.072409532636795 0.030789615346734835 0.35583965124519135 0.2187003927585318 
[20], 1, 10, 5, 0.001, 0.05, 1, False 1.751752441045311 37.61164776717923 5.132478772225062 0.04239844384754935 0.3420626059050551 0.1505117857825842 
[20], 24, 5, 1, 0.001, 0.05, 1, False 1.5851506336695618 32.82297144844208 3.7856278157731036 0.019515009036151727 0.9487544935145726 0.06407759417388903 
[20], 24, 10, 5, 0.001, 0.05, 1, False 1.570148549090933 31.472449525186374 3.723827057077125 0.0635892838875195 1.5201867638295352 0.16482840149743422 
[15], 24, 20, 1, 0.001, 0.05, 1, False 1.6165146571342592 34.27846416275618 3.9325526958412897 0.057956534411529155 1.4527310271688008 0.24001063225312494 
[10], 1, 1, 10, 0.001, 0.05, 1, False 2.063441777608737 40.177140308913295 7.010172191784661 0.28477050405530935 2.7730976965690064 2.0253863475862803 
[30], 36, 1, 1, 0.001, 0.05, 1, False 1.8086489439355555 35.95254735808961 4.931582365435646 0.10346793952965244 1.6792033276497509 0.6679508125393118 
[5], 1, 1, 10, 0.001, 0.05, 1, False 2.594278588063188 45.16026454974662 10.462750946348628 0.507170063121028 4.9430070099141785 3.285191990259513 
[15], 12, 20, 1, 0.001, 0.05, 1, False 1.7842201860552585 38.30935155374862 5.372483652745276 0.03735701391478854 0.3536276082919972 0.1918844885543681 
[15], 1, 10, 5, 0.001, 0.05, 1, False 1.9081589269693253 39.27191672716743 6.027488097992744 0.09959912790188169 1.1990838551033651 0.7057877903355417 
[15], 1, 5, 1, 0.001, 0.05, 1, False 2.1767765232741283 41.6244783405445 7.772118943215646 0.08498359277963276 1.0422618646603847 0.6721529770470336 
[10], 36, 5, 1, 0.001, 0.05, 1, False 1.7386059696544651 35.43254119493091 4.570059672910928 0.18275584902941733 4.350478343430742 0.860506047612569 
[5], 36, 10, 1, 0.001, 0.05, 1, False 1.5847407684833916 33.36686653059269 3.99027588245966 0.03838417650648924 2.534998706120671 0.455884857891986 
[5], 24, 10, 1, 0.001, 0.05, 1, False 1.638051409881424 35.40372878020659 4.276151760274096 0.13968551483505487 4.18990782339057 0.6987328749295856 
[10], 36, 10, 5, 0.001, 0.05, 1, False 1.5099259389081487 29.81241153533837 3.603111810709805 0.007276892352414123 0.7232738033827469 0.036189450366133545 
[15], 12, 5, 1, 0.001, 0.05, 1, False 1.8973002215157508 39.180410165313425 5.991581238335338 0.13936460901325867 1.9561570755629631 0.7756796021629605 
[5], 12, 10, 1, 0.001, 0.05, 1, False 1.8442473535736406 37.96454945827037 5.776390480021626 0.05208155580406607 0.273264733340577 0.21792546197538065 
[10], 12, 10, 1, 0.001, 0.05, 1, False 1.8184481077448087 38.49616132124623 5.49559422301791 0.012753202206996146 0.4179412961387834 0.09029854390401691 
[20], 24, 20, 1, 0.001, 0.05, 1, False 1.5733185690724192 32.87483406286817 3.668651798061687 0.009074690937930487 0.5865005407513356 0.026437476906044012 
[15], 12, 10, 5, 0.001, 0.05, 1, False 1.7980496039131175 37.73746202554846 5.205444820090956 0.033313334721963545 1.12148708501568 0.13370627040680233 
[30], 24, 1, 5, 0.001, 0.05, 1, False 1.7362753509509343 33.90702856244372 4.554883913314057 0.026500293519787835 0.6308816842919811 0.18292040500256912 
[5], 1, 5, 1, 0.001, 0.05, 1, False 2.0638717622599674 39.862871319575355 6.84351500101949 0.051648002674821926 0.5934921173986288 0.3222145075979305 
[20], 36, 5, 10, 0.001, 0.05, 1, False 1.4130123664935432 27.595311365581523 3.1187546593420343 0.03579846784173902 0.7473664697632165 0.06048639599524847 
[15], 24, 5, 5, 0.001, 0.05, 1, False 1.6020280256729436 31.53513634294534 3.797084658873482 0.04103895760513389 1.1810770585933383 0.10217724261621719 
[30], 12, 1, 10, 0.001, 0.05, 1, False 1.8976992634849414 39.72774235552521 5.672486425831693 0.11136018804723948 1.5509127234494262 0.628072695076473 
[10], 24, 10, 5, 0.001, 0.05, 1, False 1.5649114514114684 31.25722597850076 3.671584940258288 0.01839111537666751 0.24556848170381515 0.15903789224638284 
[10], 1, 5, 1, 0.001, 0.05, 1, False 2.0975526572377596 40.3419879316053 7.096856755058855 0.03419994227601742 0.7674736700292476 0.2833484611186235 
[30], 1, 1, 10, 0.001, 0.05, 1, False 1.7451665649259536 38.72997475554045 4.443776480563495 0.09360064504335561 2.2483309295416904 0.46785903540900026 
[15], 36, 5, 5, 0.001, 0.05, 1, False 1.5381594062403396 29.10106482206525 3.788101229657649 0.0682870127754467 1.3544350770773559 0.24320621853507646 
[30], 36, 1, 5, 0.001, 0.05, 1, False 1.8025089832574681 34.819338243507964 4.7718781503279 0.13920243542516225 2.0289665858002754 0.808000949781234 
[15], 1, 15, 10, 0.001, 0.05, 1, False 1.7432781641957942 37.40288354701533 5.094232868516776 0.008301302443285597 0.3244406824520836 0.06017515964034755 
[10], 36, 15, 10, 0.001, 0.05, 1, False 1.4558949335443756 28.471826180030316 3.4730315146339623 0.04447764071743374 1.0767975552283966 0.18284090595131372 
[20], 36, 10, 1, 0.001, 0.05, 1, False 1.6581657191807475 32.175605181098696 4.153663432404474 0.03691758080613932 0.8219874044041741 0.1692326223456068 
[30], 12, 5, 1, 0.001, 0.05, 1, False 1.8452681973990466 39.006361610536835 5.598798709961994 0.0660576203298901 1.0521919462155283 0.35600202858800084 
[10], 24, 15, 10, 0.001, 0.05, 1, False 1.493439543812915 29.65327072468418 3.3400135856678332 0.01045039287351606 0.4534890890660695 0.07540046525755224 
[30], 1, 5, 1, 0.001, 0.05, 1, False 2.0666409251314626 40.30321790634723 6.9018831672306336 0.015090547857783637 0.17474578192531443 0.1045703949866749 
[30], 1, 10, 5, 0.001, 0.05, 1, False 1.7668710514351176 37.78780624256306 5.140278115763582 0.01648942545938185 0.21923929740838574 0.048704254217303226 
[10], 1, 10, 5, 0.001, 0.05, 1, False 1.8460114535772139 38.4430061223599 5.595840441838128 0.036038528873442444 0.4041560362004395 0.21514149377501662 
[5], 1, 10, 5, 0.001, 0.05, 1, False 1.994216795127701 38.307074855595786 6.3104779657648225 0.03499963745043831 0.40388981464477874 0.24402836818590026 
[20], 1, 5, 5, 0.001, 0.05, 1, False 1.7964756847669685 38.45121772649056 5.514029855777401 0.038604067673749125 0.43532994628741867 0.06990266433297687 
[30], 24, 15, 5, 0.001, 0.05, 1, False 1.5132543250504469 29.99377712297293 3.580633608378445 0.00921925468066903 0.7267376493519371 0.028715752964529457 
[20], 12, 5, 5, 0.001, 0.05, 1, False 1.8098817222855157 36.18934418709106 5.280086948294973 0.05772370237468124 1.0984917678426378 0.20779165759382184 
[5], 36, 1, 10, 0.001, 0.05, 1, False 1.6449399576694876 31.000203742515172 4.139095699419794 0.09023902267784624 1.9784722991146522 0.4724188780612996 
[20], 24, 5, 5, 0.001, 0.05, 1, False 1.5797602683167764 31.439866658440906 3.6673588251533964 0.01866186875734228 0.5439093169129434 0.04750369444019524 
[10], 12, 1, 10, 0.001, 0.05, 1, False 2.246529408847844 45.10655435550155 8.222234757506095 0.44976299231894373 5.976798162048268 3.0261732864244832 
[15], 36, 20, 5, 0.001, 0.05, 1, False 1.479572837109919 29.15553756010374 3.5159291788496407 0.026240445422637478 0.40590881095926984 0.1784226482144141 
[5], 24, 1, 10, 0.001, 0.05, 1, False 1.633821222875957 31.655105010058687 3.9326450911069757 0.02456741274136214 0.6765494752205865 0.05952654417476515 
[20], 36, 1, 10, 0.001, 0.05, 1, False 1.7013798684019734 32.207041851022986 4.375206873557285 0.22190489409979852 3.0402682148934597 1.088324803503547 
[15], 1, 20, 1, 0.001, 0.05, 1, False 1.9002173040476116 38.91462246801296 5.968338518188012 0.013747965669271701 0.2047415783273634 0.06447255594525401 
[30], 12, 10, 5, 0.001, 0.05, 1, False 1.7194598210492622 35.1109969832508 4.768962598381479 0.032400335181066324 0.7324739386770822 0.28169057640385153 
[10], 24, 1, 10, 0.001, 0.05, 1, False 1.710270931219889 32.97452651461481 4.342971909222526 0.09283209692550921 1.112567967934418 0.5153679653625051 
[15], 24, 10, 10, 0.001, 0.05, 1, False 1.5481729885356295 29.472297822281263 3.6849455437179786 0.03444462619972647 0.9750660058232834 0.11209311991801697 
[10], 36, 20, 1, 0.001, 0.05, 1, False 1.6063000308142767 34.64796010870655 4.011980490319275 0.106132322953782 2.226005794463067 0.47551874695760205 
[5], 12, 1, 10, 0.001, 0.05, 1, False 2.06798881188173 41.48151714113654 7.009324112641303 0.0971547944045978 1.2812499442668748 0.6590111139463053 
[30], 12, 15, 10, 0.001, 0.05, 1, False 1.4182627413145923 29.64562201937962 3.1968591901666574 0.0696450214972977 1.7024840249051985 0.19043938149195327 
[30], 1, 15, 10, 0.001, 0.05, 1, False 1.7259838686497126 37.245715334665675 5.031750895582988 0.002549898355562783 0.19737914400549553 0.049709144663412204 
[15], 24, 20, 5, 0.001, 0.05, 1, False 1.5262432545009588 30.54211126326587 3.6008946287018424 0.04054532128526974 0.6412108131956448 0.09934931365668954 
[10], 24, 20, 1, 0.001, 0.05, 1, False 1.6868524036335721 36.14126301308809 4.3871989060079635 0.037938599066751615 1.2945871834123133 0.3099909422324987 
[15], 36, 10, 10, 0.001, 0.05, 1, False 1.4804627212937234 28.21476863746291 3.469624585245279 0.022452020019126405 0.6760383092781335 0.12338916333380845 
[30], 24, 5, 10, 0.001, 0.05, 1, False 1.5401622396238424 30.27991288243376 3.507370299272603 0.033775455846970566 0.5519980227520903 0.1201148285170958 
[15], 12, 20, 5, 0.001, 0.05, 1, False 1.5929740325582251 33.482896200351455 4.10737395868495 0.08462374956892023 2.4260573723763925 0.44745706156534526 
[15], 1, 5, 5, 0.001, 0.05, 1, False 1.806167522624687 38.18531080676369 5.547892471414379 0.023918740394849473 0.017630055732562617 0.05051130798549691 
[10], 36, 5, 5, 0.001, 0.05, 1, False 1.5777518959784949 30.573554127581104 3.8510321916998898 0.011316358971614131 1.0886242447380048 0.06304870810801144 
[15], 12, 5, 5, 0.001, 0.05, 1, False 1.7826676663287262 36.62131870564832 5.120945814103731 0.02241973702354294 0.19049486868346582 0.021813426561842847 
[5], 36, 5, 1, 0.001, 0.05, 1, False 1.6694070119134807 36.337937650709996 4.208551298843626 0.06741098927230531 1.5455102034559502 0.3536510122195874 
[20], 36, 5, 1, 0.001, 0.05, 1, False 1.7236105207215857 33.92747329103909 4.401633520165805 0.03237186238172189 0.8306823706998101 0.2899519275696091 
[20], 24, 20, 5, 0.001, 0.05, 1, False 1.522148763484977 29.80647174132091 3.63209483264637 0.025968365845076932 0.28768024110862644 0.18694962732469048 
[10], 12, 5, 1, 0.001, 0.05, 1, False 1.9731474622256229 40.81088999961097 6.336347545816156 0.0112969646030446 0.2808329856563456 0.14470218399845688 
[5], 36, 15, 10, 0.001, 0.05, 1, False 1.4897449925403905 29.212868919998552 3.5994748720510223 0.07520317783457289 1.2822353305126268 0.40064121105148626 
[15], 24, 15, 1, 0.001, 0.05, 1, False 1.5944007860289682 33.75717999304849 3.799705043992748 0.035993077965082755 0.4754959092482786 0.13457868242883544 
[5], 24, 5, 1, 0.001, 0.05, 1, False 1.8280140421180813 38.813058455603816 5.46703541267964 0.05581352199599582 2.331905360989768 0.7141225744410591 
[30], 12, 20, 1, 0.001, 0.05, 1, False 1.6647567912384318 36.72270041145499 4.712437173956348 0.020955578323167634 0.2024849414749107 0.15874893226509573 
[30], 1, 20, 1, 0.001, 0.05, 1, False 1.8882891562249926 38.77338529773948 5.88864129252099 0.006045416005111183 0.02778109935903839 0.03628914056051918 
[20], 1, 10, 10, 0.001, 0.05, 1, False 1.732691851396252 37.709058050205364 5.043680798817846 0.007898090061915627 0.10203875343594572 0.01723484524595131 
[10], 24, 5, 1, 0.001, 0.05, 1, False 1.6211829047788073 33.77209432378333 3.8878373758857223 0.11351916320531719 1.7009581363387998 0.30420402774549815 
[15], 36, 15, 1, 0.001, 0.05, 1, False 1.6802568969903169 34.659806124468865 4.241674448284901 0.005840096767830059 0.37806896528982326 0.14993002894609503 
[30], 24, 10, 1, 0.001, 0.05, 1, False 1.6053940128259085 33.386405355290044 3.7768353022115715 0.026757738211065422 0.12597135842836718 0.13452660799328847 
[20], 24, 10, 10, 0.001, 0.05, 1, False 1.5028836157310896 29.511690700778612 3.577545954174346 0.024659394226406946 0.28515277557383256 0.13844349273932194 
[5], 12, 5, 1, 0.001, 0.05, 1, False 1.9229840539533785 39.535835359142276 6.060759117665857 0.03316892682400224 0.8580194723429043 0.26370357319519233 
[30], 36, 5, 10, 0.001, 0.05, 1, False 1.4418013001067773 26.534182179803224 3.395438525369611 0.014961203936555022 0.17834089684821514 0.041283657894911535 
[5], 1, 5, 5, 0.001, 0.05, 1, False 2.0230480376355082 39.30603592052555 6.598137779574217 0.07699475797226031 0.9265037357488279 0.47150796021090075 
[10], 1, 5, 5, 0.001, 0.05, 1, False 1.8193429938758967 37.95658780145987 5.6100708985241114 0.04353076371067628 0.21453129806200769 0.10256633536728818 
[30], 12, 5, 5, 0.001, 0.05, 1, False 1.7481837909254763 35.56968309261061 4.82664702525878 0.022751112044277776 0.20992530976695456 0.1423504400589543 
[5], 36, 10, 5, 0.001, 0.05, 1, False 1.5890948404040601 31.68888157722743 3.919621777572831 0.05084984324965017 0.6780654611094674 0.09842327226506441 
[30], 36, 1, 10, 0.001, 0.05, 1, False 1.795052799085776 33.273897342439255 4.743543046117185 0.18334350913014408 2.7082931807782664 0.983068035098579 
[10], 12, 10, 5, 0.001, 0.05, 1, False 1.8149987190133998 38.49676251983511 5.384806537271182 0.038797873526928886 0.30310981233905726 0.11019215299051612 
[5], 24, 10, 5, 0.001, 0.05, 1, False 1.6195446696270397 33.15058347991795 3.825646434086847 0.06976587748493969 1.228885688951973 0.30244950306619645 
[30], 36, 10, 1, 0.001, 0.05, 1, False 1.6500157211389805 33.529792317754506 4.169779717107434 0.04798702615839867 1.569209060848884 0.21042341837188966 
[5], 36, 20, 1, 0.001, 0.05, 1, False 1.6611216343801336 34.865728452045495 4.39973115467299 0.06433039752989923 1.6291178778314654 0.4308969776672976 
[10], 1, 15, 10, 0.001, 0.05, 1, False 1.7712261754881455 37.35282140141452 5.215954026321434 0.05177510608200105 0.5682249725546491 0.1961220589208144 
[30], 1, 5, 5, 0.001, 0.05, 1, False 1.7761807577891486 38.25627781413161 5.498617786409562 0.011778812928924793 0.27638417381469954 0.06783655674567755 
[5], 12, 10, 5, 0.001, 0.05, 1, False 1.8757411938298632 38.453718087534675 5.779683765594619 0.048434078384521205 0.36038820922154835 0.2365303779573516 
[20], 1, 15, 1, 0.001, 0.05, 1, False 1.9335540052641325 39.18619703591445 6.133887065011759 0.008708683275982253 0.21950125017234598 0.049484349164445 
[20], 36, 15, 10, 0.001, 0.05, 1, False 1.3801321407711067 25.805745061352056 3.164232576725407 0.01203274523890993 0.3952871404280448 0.05326929455728561 
[20], 24, 15, 1, 0.001, 0.05, 1, False 1.6019358821765142 34.278251319702385 3.7855045482057936 0.03625391638164052 0.9058613730042903 0.07806984517853138 
[10], 12, 15, 10, 0.001, 0.05, 1, False 1.7100651116834749 35.61181121641611 4.821585121261375 0.07401786086837474 2.487499336709393 0.6067057036520589 
[20], 36, 10, 5, 0.001, 0.05, 1, False 1.5270972868565609 29.093998119628225 3.676173267150031 0.028683176535298647 1.3562683080081377 0.1656488396489648 
[30], 36, 5, 1, 0.001, 0.05, 1, False 1.6497696600578455 33.418516851366334 4.049188400318652 0.1260321743348459 2.5566726182597526 0.4329968847376551 
[20], 1, 15, 10, 0.001, 0.05, 1, False 1.7195113423521875 36.836872068683896 4.993348940750604 0.046808437811373595 0.48657051142626 0.13630305255450045 
[5], 24, 15, 10, 0.001, 0.05, 1, False 1.5131081813739407 30.597190420718594 3.447922628388366 0.06690015469896124 0.5204784584578633 0.3042058660026231 
[5], 12, 15, 5, 0.001, 0.05, 1, False 1.7973888548849912 37.97539765767596 5.485475487786281 0.030284671249353398 0.39912510097613807 0.09492891365154041 
[5], 1, 15, 10, 0.001, 0.05, 1, False 1.8621709579946824 37.86177178074024 5.709509344209202 0.09802537415507365 0.9847987440730618 0.5169771702026934 
[30], 36, 15, 5, 0.001, 0.05, 1, False 1.4285597325751072 27.163630814592697 3.3931344214711885 0.06115552412012936 1.5578979283161385 0.2054100548438039 
[10], 1, 20, 1, 0.001, 0.05, 1, False 1.90265392145073 38.685765892818544 5.9766143898025375 0.01735361686365498 0.20589994050929636 0.09445910959150813 
[20], 36, 20, 1, 0.001, 0.05, 1, False 1.630000744553076 33.56127523227848 4.05817059437283 0.02300437338186465 0.5186880424182995 0.10512708105830619 
[15], 1, 10, 10, 0.001, 0.05, 1, False 1.7549346207882521 37.713759100960665 5.097127719855121 0.023420152947863364 0.17698789542986473 0.09401926563795118 
[30], 24, 1, 10, 0.001, 0.05, 1, False 1.7067922324080158 33.00408312773636 4.270571489488801 0.1070506650713095 1.6793145038864676 0.5802536231772447 
[10], 36, 10, 10, 0.001, 0.05, 1, False 1.4146791930344926 25.79448278674344 3.303118091527947 0.027775370513360608 1.119183073681117 0.1852473120375329 
[10], 12, 20, 1, 0.001, 0.05, 1, False 1.774996609668489 37.99012806708281 5.28848483881902 0.04629983972304667 0.30989173958372235 0.20914625721579833 
[15], 1, 20, 5, 0.001, 0.05, 1, False 1.8249990609233022 38.49459386645785 5.33989897740274 0.016118348655449116 0.39430647638566957 0.1616547250615563 
[10], 36, 20, 5, 0.001, 0.05, 1, False 1.505868246737454 28.75627176278447 3.511952432253409 0.05896442789985735 1.4933604285378927 0.29317015988233214 
[10], 24, 20, 5, 0.001, 0.05, 1, False 1.5920307579829742 31.344452960705052 3.7704455281258835 0.03038238845771839 1.1587094736128656 0.18553057091616554 
[20], 12, 15, 10, 0.001, 0.05, 1, False 1.472180857895701 30.001703370217786 3.4697564054101506 0.03640203638098448 0.9608635009634944 0.3376159658606771 
[15], 12, 10, 10, 0.001, 0.05, 1, False 1.7603810140932046 36.18287849377885 5.090946635091782 0.02270279082081515 0.27200203317660987 0.1276479796047008 
[10], 24, 10, 10, 0.001, 0.05, 1, False 1.4971028343532924 29.55928305470999 3.5262276272375463 0.03521739612990823 0.8656055395426568 0.2992039103725366 
[20], 36, 5, 5, 0.001, 0.05, 1, False 1.4828438976848568 28.48349098425032 3.486661618615862 0.05511567555282422 0.9982941936802129 0.20720343768752014 
[30], 36, 10, 5, 0.001, 0.05, 1, False 1.4980284019338868 27.72602729244282 3.6334710395421 0.027736661543458493 0.3987306765326097 0.17634021183418117 
[20], 1, 20, 1, 0.001, 0.05, 1, False 1.8871240367767992 38.78410977496984 5.897718310516406 0.01027468855148861 0.18488226094842314 0.05311175988578724 
[15], 1, 15, 1, 0.001, 0.05, 1, False 1.9368539784103633 39.10239835542947 6.149347721641676 0.013828333231741546 0.21191920651459142 0.06923147604884793 
[30], 24, 5, 1, 0.001, 0.05, 1, False 1.5973317876044248 33.912906259133365 3.789429119429079 0.06098875758086439 0.6340021650539446 0.1414857631724232 
[5], 24, 20, 1, 0.001, 0.05, 1, False 1.6913195399912422 35.79419509298872 4.555649230943346 0.07395765282900775 0.7840593405911052 0.5519277705700895 
[5], 1, 20, 1, 0.001, 0.05, 1, False 1.9336505553374692 38.57830058039202 6.088394590751918 0.037206932340157 0.5252918590774185 0.1652652682812262 
[10], 36, 15, 1, 0.001, 0.05, 1, False 1.5217305798635439 32.68049289409364 3.621315528528146 0.08630618426098187 0.9237345546073384 0.35872372966040733 
[30], 12, 20, 5, 0.001, 0.05, 1, False 1.57691508045903 33.457965973423526 3.987193952125697 0.0479309627197907 1.0382434310322537 0.3181813931856651 
[30], 1, 20, 5, 0.001, 0.05, 1, False 1.7466034410866325 36.83927707239675 4.853325460542965 0.02247164614108478 0.28031185718347823 0.09294606081800072 
[30], 1, 10, 10, 0.001, 0.05, 1, False 1.7397966854550224 37.62635808256294 5.095135634771716 0.005514919760748886 0.07125903786249191 0.019758117461787832 
[5], 36, 5, 5, 0.001, 0.05, 1, False 1.6577914184028353 32.56589348125493 4.234724167061839 0.1265214495710062 2.649677210491008 0.5599662353750365 
[10], 12, 5, 5, 0.001, 0.05, 1, False 1.8039353540512149 37.63267692725671 5.393119963453302 0.00935801056416945 1.1592289958938942 0.055797546490920225 
[30], 24, 10, 5, 0.001, 0.05, 1, False 1.6010429918903997 31.580513154262423 3.878452380738256 0.08226984655755483 1.8871472442739552 0.32921501465363107 
[15], 12, 15, 1, 0.001, 0.05, 1, False 1.7279134432198828 37.53334713117266 5.088188935596609 0.07051943190295847 0.507289556694849 0.35649814482011805 
[5], 24, 5, 5, 0.001, 0.05, 1, False 1.5695652770913309 32.16121191358258 3.658509894367217 0.04666831484666847 1.175349582125561 0.27688123755992206 
[10], 24, 15, 1, 0.001, 0.05, 1, False 1.5432448930072564 34.49482262888855 3.8122759782159323 0.03658748901374791 0.5666229673866756 0.13050097922716805 
[20], 24, 20, 10, 0.001, 0.05, 1, False 1.4658881387224907 28.41688726230193 3.5440405801754657 0.02095610806957477 0.8017565996274069 0.07180937028629492 
[10], 24, 5, 5, 0.001, 0.05, 1, False 1.5567541149893296 31.282775590774673 3.637709998358798 0.0975080304581053 1.8941635960915024 0.23044737104156518 
[30], 36, 5, 5, 0.001, 0.05, 1, False 1.5058644174149745 29.190757146256995 3.4568405765169548 0.03177456914310492 0.769780802351436 0.06976174930122024 
[20], 12, 20, 1, 0.001, 0.05, 1, False 1.6618001734975865 36.451789379668845 4.580534294838874 0.042904938443922354 1.5866325945430666 0.32312047009434786 
[5], 12, 5, 5, 0.001, 0.05, 1, False 1.9090312606413609 39.34058294800774 5.991699558901574 0.024134540985682407 0.6005552004176689 0.13479337619296305 
[30], 12, 10, 10, 0.001, 0.05, 1, False 1.703174299263844 35.16248400820005 4.617759335079685 0.007941644986418655 0.08305568966192273 0.020038763478118032 
[30], 1, 15, 1, 0.001, 0.05, 1, False 1.9276753371374482 38.97426630491274 6.098862002218713 0.00452201265639355 0.07724369630137795 0.02082741251982221 
[20], 12, 5, 10, 0.001, 0.05, 1, False 1.811091178490056 36.586469124739644 5.092931135924536 0.059601656088730456 0.9912873214579018 0.2493695174234896 
[15], 36, 20, 10, 0.001, 0.05, 1, False 1.3869115620506582 26.049263750952075 3.2485395520311666 0.048669160490829914 1.2029946149524304 0.23093164607483302 
[30], 12, 15, 1, 0.001, 0.05, 1, False 1.6748684030164176 36.6058712690544 4.716059739225368 0.06089327387864484 0.9170662163047328 0.3265605345695373 
[15], 12, 20, 10, 0.001, 0.05, 1, False 1.6730182292974656 33.694143174505335 4.374253433090563 0.06625374740993319 1.9628829582023744 0.48233728142871335 
[10], 1, 10, 10, 0.001, 0.05, 1, False 1.7683797655144227 37.62548006933497 5.142220273438368 0.022624581690217898 0.13151983636328096 0.07096012360821106 
[15], 24, 20, 10, 0.001, 0.05, 1, False 1.4808830015775232 28.66639735029099 3.46193309560461 0.02480483085855638 0.9100490161096052 0.0679831111541671 
[5], 36, 20, 5, 0.001, 0.05, 1, False 1.6264364421229676 31.844930687912484 4.107361537850612 0.03754262750387766 1.020832807532042 0.10580294329297518 
[20], 12, 10, 1, 0.001, 0.05, 1, False 1.8284619887255962 38.71142558841955 5.493693508454885 0.05260529472942475 0.8833509748819479 0.34911050429906976 
[5], 1, 10, 10, 0.001, 0.05, 1, False 1.8461189053952696 37.70286687541878 5.588058306613816 0.0650341402785313 0.5469961881526113 0.27848884902568616 
[30], 24, 15, 10, 0.001, 0.05, 1, False 1.4559142290856004 28.183518313560985 3.4324863526821763 0.012608074962201834 0.2689136195142886 0.04698098155825801 
[10], 1, 20, 5, 0.001, 0.05, 1, False 1.8201601590823246 38.18875626003585 5.430694700663235 0.04202329891230739 0.6850820068013443 0.2903854110668341 
[10], 1, 15, 1, 0.001, 0.05, 1, False 1.9345828340561304 39.209977640266494 6.161846696655779 0.03243774735974498 0.38640445878667423 0.17750429457843667 
[20], 36, 20, 5, 0.001, 0.05, 1, False 1.4713175798455873 28.291499167522502 3.542567490491091 0.04672518889588415 1.366045048534897 0.2730850430870511 
[5], 1, 15, 1, 0.001, 0.05, 1, False 1.968701102557006 38.61571523873373 6.264973002805271 0.027561444102126794 0.16806229890330476 0.13880189543378232 
[10], 12, 20, 5, 0.001, 0.05, 1, False 1.759114281377859 38.229429230616525 5.213460578674137 0.05337538522348329 0.24850089535181993 0.2683552301671827 
[30], 24, 20, 1, 0.001, 0.05, 1, False 1.612407598796266 34.15800403376439 3.7904791225030077 0.011015977503622482 1.1301485522128385 0.05714923526242834 
[30], 24, 5, 5, 0.001, 0.05, 1, False 1.5400384054829674 30.811590536332194 3.599852791141266 0.038725782410866584 0.6699164020577587 0.11548255746882832 
[30], 36, 10, 10, 0.001, 0.05, 1, False 1.394317075147949 25.628423428502476 3.233497806630854 0.0285495217337651 0.5293401942013383 0.0999013889319078 
[5], 24, 20, 5, 0.001, 0.05, 1, False 1.6140938903998447 31.804988987275028 3.8322616668018896 0.08736541841044448 1.1988984063127632 0.3596382030194652 
[20], 36, 10, 10, 0.001, 0.05, 1, False 1.4189950040093173 26.17225162394556 3.4129366870869977 0.03268453329707592 0.7331354259347334 0.08962610254140634 
[5], 36, 10, 10, 0.001, 0.05, 1, False 1.5273121308397366 29.5115563494761 3.7042347858804523 0.01675678827532581 0.585115886462997 0.05586170084441845 
[10], 12, 10, 10, 0.001, 0.05, 1, False 1.792819214929585 37.32017670026405 5.313332852739388 0.0199962425736135 0.5361485153683051 0.12866610289592528 
[30], 1, 20, 10, 0.001, 0.05, 1, False 1.7008895571171132 36.25677267367998 4.745192531576954 0.017597067584612235 0.14181013494706265 0.048494898797290756 
[15], 1, 20, 10, 0.001, 0.05, 1, False 1.7989577897996814 37.612113303743094 5.05222094191943 0.11231390934743878 1.380823274576497 0.3334179537662718 
[5], 1, 20, 5, 0.001, 0.05, 1, False 1.9559778721658168 38.53936536723205 6.179351271670648 0.027136494940308096 0.5200779840312929 0.10643506113553394 
[5], 24, 10, 10, 0.001, 0.05, 1, False 1.4922510476437985 29.589945843872698 3.351533323063302 0.02285490215842577 0.8527559128421529 0.0809721279466059 
[30], 36, 15, 1, 0.001, 0.05, 1, False 1.643843269734471 32.96692930652335 3.970816696149134 0.04202914732998281 0.8391940336083483 0.2697078183997754 
[20], 1, 20, 5, 0.001, 0.05, 1, False 1.7908529051062134 37.70692627554771 5.115287296146415 0.07331553973483594 1.0891896335361626 0.2939210276587093 
[10], 36, 20, 10, 0.001, 0.05, 1, False 1.438341694628751 28.07030107771531 3.261324843813442 0.02643270448868403 0.9917186410575467 0.036677773002979516 
[10], 24, 20, 10, 0.001, 0.05, 1, False 1.463053378614563 28.560634560583164 3.418256596690133 0.027555289719098642 0.9736918595996867 0.11131363418679087 
[20], 36, 15, 1, 0.001, 0.05, 1, False 1.6415006950635602 33.44264908836214 4.058113326716426 0.038496226006556986 1.264702944520243 0.04180159237986928 
[30], 12, 20, 10, 0.001, 0.05, 1, False 1.7185440818882656 33.64363567321937 4.263177147924783 0.07942151613358767 0.24882353599760076 0.27533870655575415 
[5], 12, 10, 10, 0.001, 0.05, 1, False 1.8210174797999639 37.82720620160353 5.450006485208718 0.0162503833833487 0.4298590548185057 0.04167483674823556 
[5], 36, 15, 1, 0.001, 0.05, 1, False 1.7445085483016793 37.913318346207085 4.890094674824783 0.08025152750211659 2.4511869789553744 0.5525495551932357 
[10], 12, 15, 1, 0.001, 0.05, 1, False 1.8029798263063037 38.62235783551222 5.547025282842184 0.029857811702338612 0.2901994168337239 0.24720821037437526 
[20], 12, 20, 5, 0.001, 0.05, 1, False 1.6538493571044117 35.403730056489294 4.509150651282289 0.06852432160782355 0.704547283626645 0.3974597850424742 
[5], 24, 15, 1, 0.001, 0.05, 1, False 1.6425957773294717 35.99301225917055 4.314074500272816 0.04468620444940248 0.5931294634462778 0.10834907177816315 
[20], 12, 10, 5, 0.001, 0.05, 1, False 1.7901801010110863 37.26322420336513 5.05925840470129 0.013672735592812662 0.5458774003980578 0.14062625503922635 
[5], 12, 15, 10, 0.001, 0.05, 1, False 1.7772549058552143 38.18505385105406 5.445786455407472 0.027689172602524976 0.24631725709475707 0.09188123694063545 
[30], 36, 15, 10, 0.001, 0.05, 1, False 1.3875087400208468 25.662563804272093 3.241553640147044 0.02918254914182852 0.7186528366483769 0.14369492048190077 
[5], 12, 15, 1, 0.001, 0.05, 1, False 1.8528514471594937 37.819502753019485 5.857426821887249 0.0024561868070893263 0.4073188219035328 0.0941805211204677 
[5], 12, 20, 1, 0.001, 0.05, 1, False 1.82025847417061 39.210508231734316 5.600749679813105 0.11385516980641726 1.02220355268523 0.6757752002564277 
[30], 24, 10, 10, 0.001, 0.05, 1, False 1.510079984077149 29.557925589333852 3.6716346238416455 0.006382988340204558 0.307341042500325 0.06613721773067116 
[30], 24, 20, 5, 0.001, 0.05, 1, False 1.4648008001209412 28.82905289099088 3.41710707367192 0.017468345943832484 0.24611599149305352 0.08700365393210699 
[30], 36, 20, 1, 0.001, 0.05, 1, False 1.6603538485450875 34.29840222035437 4.109522661604539 0.03618895207798972 0.5617166347312194 0.13592092096577105 
[30], 24, 15, 1, 0.001, 0.05, 1, False 1.5717169556766748 33.3066447914863 3.6644163005371353 0.017216089757023576 0.01009353575636479 0.057754617349249415 
[5], 24, 20, 10, 0.001, 0.05, 1, False 1.5684668953771945 32.46226447171871 3.6197250132810184 0.015858050341997207 0.7060882092714797 0.12759046925127246 
[5], 36, 20, 10, 0.001, 0.05, 1, False 1.5518037195834848 30.079656385796607 3.8363241013906233 0.0324634159056443 1.1477826990039601 0.03371681055515329 
[10], 1, 20, 10, 0.001, 0.05, 1, False 1.8223086498125836 38.08756686511785 5.310828654006481 0.06471135490513075 0.9624752682504049 0.1635212452362134 
[10], 12, 20, 10, 0.001, 0.05, 1, False 1.581700627512678 33.26625267286988 4.039348104877586 0.12224529220849538 2.260927633971656 0.7472128884514815 
[20], 36, 20, 10, 0.001, 0.05, 1, False 1.3955433441188052 26.131292904779173 3.3477635398267354 0.02608888999247515 0.42226646821087854 0.08199558482261278 
[5], 12, 20, 5, 0.001, 0.05, 1, False 1.8067519151640161 38.41302479571956 5.446090867407985 0.00387447832226454 0.37414766181238834 0.09832335029583653 
[30], 36, 20, 5, 0.001, 0.05, 1, False 1.4641196022293084 27.42987929844691 3.445095168887074 0.015605834646206289 0.44341741029077203 0.06551679227024013 
[20], 12, 10, 10, 0.001, 0.05, 1, False 1.7267750610218002 35.57328189817361 4.701738385950697 0.022294155401849595 0.3172254372301658 0.06914860004059406 
[5], 1, 20, 10, 0.001, 0.05, 1, False 1.841879043935074 38.068280359928025 5.569912235235999 0.04985300454954173 0.49494605350092624 0.274962883126172 
[20], 1, 20, 10, 0.001, 0.05, 1, False 1.723876381003195 36.89467921527262 4.948803426921941 0.03270754089676298 0.19307098747388457 0.04115009334941739 
[20], 12, 15, 1, 0.001, 0.05, 1, False 1.687993367913145 36.496347660146846 4.730485630898635 0.09383915339837445 1.6759488340662005 0.5686875261770515 
[30], 24, 20, 10, 0.001, 0.05, 1, False 1.4694566096006725 27.91763678428084 3.586208342884653 0.016945765309893945 0.3926613726187011 0.05115476304241897 
[20], 12, 20, 10, 0.001, 0.05, 1, False 1.5975060132090693 33.61283911948964 4.021403742259105 0.032093129532070386 0.795611840797845 0.3445549729667607 
[5], 12, 20, 10, 0.001, 0.05, 1, False 1.7316346808716105 38.529273196889974 5.079990415868775 0.04230027749709248 0.7428876955282001 0.47794328058456614 
[30], 36, 20, 10, 0.001, 0.05, 1, False 1.3524497288382717 24.694244735710907 3.0780235373947904 0.043853271117541004 0.5636460873850114 0.22728348265801024 
