layers lag time_steps epochs l2 learning_rate mean_mae                         mean_mape mean_mse std mae std_mape std_mse 
[5], 24, 1, 1, 0.001, 0.05, 1, False 5.186845956087389 150.2841474187401 37.39686533486338 0.40120889817535355 8.252831910059106 4.617653290086366 
[10], 12, 1, 1, 0.001, 0.05, 1, False 7.130211019305581 173.5612387091335 68.31635556828314 1.0357572663172925 36.38496763637945 14.134089585550143 
[15], 24, 1, 1, 0.001, 0.05, 1, False 5.1087959180896485 150.132466238171 36.77242328634898 0.2942574896692579 5.52948803713243 4.971586092532904 
[15], 36, 1, 1, 0.001, 0.05, 1, False 5.411282621731085 146.57500983759363 40.17138373738789 0.35742601497862325 9.031345983276996 3.2858924951546893 
[15], 1, 1, 1, 0.001, 0.05, 1, False 5.467901324539409 108.45092947170899 49.29515488798307 0.10722329403531906 13.828763507097868 1.6900888146887596 
[20], 1, 1, 1, 0.001, 0.05, 1, False 5.420480079993744 97.62213171635112 51.090629849849684 0.04333993684286009 7.328967989171935 2.662635172014432 
[15], 12, 1, 1, 0.001, 0.05, 1, False 7.068635908759166 194.0075513614827 62.7254002200875 0.9136465729507137 19.881480951167283 14.626298037847151 
[10], 36, 1, 1, 0.001, 0.05, 1, False 4.831538496594187 133.10361633163677 36.56598829294786 0.578329644777349 9.131343090273555 11.215436781625385 
[10], 1, 1, 1, 0.001, 0.05, 1, False 5.467585319225435 107.43513975686142 50.372253307702856 0.2847451847583757 14.234011497603047 3.9383530998972285 
[10], 24, 1, 1, 0.001, 0.05, 1, False 5.536449267432371 154.14819272469654 42.616540400490514 0.1754231164146796 7.568477625428244 1.1407708988508098 
[5], 36, 1, 1, 0.001, 0.05, 1, False 4.628891647034498 119.30613302637364 32.5081880719461 0.4081251645072203 18.975471280994515 5.491099573361748 
[30], 24, 1, 1, 0.001, 0.05, 1, False 6.713034605462519 182.42829822170395 57.241006346218995 0.5496677328140966 5.361489561635937 6.829479899155155 
[30], 36, 1, 1, 0.001, 0.05, 1, False 7.014819641949402 192.89297004257227 62.04395179321548 0.5698579677852245 7.004609918123656 9.343798317277855 
[20], 24, 1, 1, 0.001, 0.05, 1, False 7.111586560809088 193.0318531580812 66.78817300599832 0.5404338441913393 11.130516879211655 10.757038795061712 
[30], 1, 1, 1, 0.001, 0.05, 1, False 5.481197027023882 116.56335508955208 47.98402842640536 0.04542572770312969 1.6090612379403506 0.8555244702046982 
[30], 12, 1, 1, 0.001, 0.05, 1, False 8.525340242301011 210.07970807122888 93.06434409257965 0.4722463450443991 1.7768891518697192 13.440674773143137 
[20], 12, 1, 1, 0.001, 0.05, 1, False 8.053394701340476 201.93843769887107 82.91770770403423 0.10885344837943481 2.690855832127282 3.9154592090968583 
[20], 36, 1, 1, 0.001, 0.05, 1, False 5.927575542705341 152.70541919523978 47.74787359600136 0.5611046026121257 15.631617027797871 9.554636972303484 
[5], 12, 1, 1, 0.001, 0.05, 1, False 6.28672403731142 169.5027943546295 52.285442578718666 0.7893173659285329 13.470950114371893 12.04044449015373 
[5], 1, 1, 1, 0.001, 0.05, 1, False 5.634308643677031 111.36308155239935 53.23089979903714 0.09397783485600104 13.691920355714393 1.5954296901743712 
[10], 24, 1, 5, 0.001, 0.05, 1, False 6.276369128721181 174.68124810224649 53.77639580308763 1.3320914472986958 27.60924840000758 22.04641468779571 
[5], 24, 1, 5, 0.001, 0.05, 1, False 6.586743368859472 160.4237019002186 58.702230650884104 1.142653247360826 8.562939922921789 20.329454574722696 
[10], 24, 15, 5, 0.001, 0.05, 1, False 4.173552645729096 136.62962715575966 26.528553188164874 0.3694006655860338 15.735539045943469 4.9680017981073235 
[10], 12, 1, 5, 0.001, 0.05, 1, False 8.262555816059896 192.11117978356967 91.5462196824664 0.8002466775868441 5.876130802591444 20.746466162371505 
[30], 12, 15, 5, 0.001, 0.05, 1, False 4.20339417555542 138.95551192837277 24.53602145893674 0.05780056417236473 3.0617883656615854 0.7696511771070264 
[30], 24, 1, 5, 0.001, 0.05, 1, False 7.194294843522627 185.61580149674174 65.00777071178022 0.1791400583740457 5.750571695559352 2.9105498508859053 
[30], 36, 15, 5, 0.001, 0.05, 1, False 4.703942550567014 157.0435427772879 33.31947262068073 0.1781328322234911 5.649074668962597 1.660761496074038 
[5], 12, 15, 5, 0.001, 0.05, 1, False 4.1192732298056844 140.3570812859473 26.047063153159723 0.57930874195847 25.042232370228618 8.02814246248835 
[30], 36, 1, 5, 0.001, 0.05, 1, False 7.818946926468225 190.26180310709086 76.25895188252069 0.16146960652764045 5.137628250923892 2.137922605254107 
[30], 24, 15, 5, 0.001, 0.05, 1, False 5.0938775430192 163.24736432127804 37.09268150433855 0.18423469561352437 8.554672405033234 2.8776488089867764 
[5], 24, 15, 5, 0.001, 0.05, 1, False 4.237918689508958 139.06410360007146 26.417457044533734 0.15311978346921173 5.870223970503779 2.044962254800096 
[10], 1, 15, 5, 0.001, 0.05, 1, False 4.566435824369115 150.84272850397585 29.49260771416739 0.13138220169332002 2.2099168694962557 1.3645253887301936 
[10], 12, 15, 5, 0.001, 0.05, 1, False 4.024194910108217 138.84901910156842 24.604974087927378 0.1968365157206723 7.322763280098937 1.9569639169869368 
[15], 36, 1, 5, 0.001, 0.05, 1, False 8.065513850221652 193.1822953580147 82.06151320925322 0.6588558130803444 18.18721504134191 12.083573028824516 
[15], 24, 1, 5, 0.001, 0.05, 1, False 7.042792610903443 179.28996947160215 64.461401505067 0.49875486301964744 5.239382199935315 10.534266637767207 
[15], 1, 1, 5, 0.001, 0.05, 1, False 6.35395268254258 174.96696025736262 55.30897832923395 1.137196542469099 44.73884259314092 17.27511660895882 
[15], 24, 15, 5, 0.001, 0.05, 1, False 4.409398927877624 146.3454585005577 29.92980461061757 0.21089021360027965 3.472626872336864 0.7763599969871217 
[20], 1, 1, 5, 0.001, 0.05, 1, False 6.458234288605552 191.0694513284249 55.38490543433002 0.334572597570187 11.377371189017145 5.0524155136929245 
[10], 36, 1, 5, 0.001, 0.05, 1, False 6.998489627500791 170.34310397966712 67.31705588719971 0.6738201930292221 32.02953506238329 10.367989707893067 
[15], 1, 15, 5, 0.001, 0.05, 1, False 4.4045013456432915 143.18734322418425 27.521344682491975 0.16569297896213972 4.753590072893515 2.0751055662015165 
[15], 12, 1, 5, 0.001, 0.05, 1, False 8.322421725935527 182.7051403484196 99.1149099888425 0.036990824837454556 7.410435214621087 5.235654799242194 
[15], 36, 15, 5, 0.001, 0.05, 1, False 4.717924612105169 154.49693651218982 32.67009395815549 0.0680504512764306 2.192443906172672 1.5620751402991706 
[10], 24, 5, 10, 0.001, 0.05, 1, False 4.445127714680577 144.91307145207918 28.224179662064618 0.13893327400263408 3.903143511959867 1.5213650148375333 
[10], 1, 1, 5, 0.001, 0.05, 1, False 5.741338266101149 155.01992491383444 45.21293803334746 0.2937628409364961 17.26095433326946 3.494899352957909 
[20], 1, 15, 5, 0.001, 0.05, 1, False 4.194203432559692 137.7207839535155 25.285768722781587 0.28038857488069585 7.309905212887395 3.1775694307504296 
[30], 1, 1, 5, 0.001, 0.05, 1, False 7.589427012619047 225.0982616443761 73.68947172693528 0.20635594324935946 5.114377608712498 3.7066864173791925 
[20], 24, 1, 5, 0.001, 0.05, 1, False 7.277177149698968 183.32161223814126 65.93132540135173 0.483464036900843 9.978108716064108 7.726000062500046 
[5], 36, 1, 5, 0.001, 0.05, 1, False 5.248217356453341 145.11137168544852 38.48502018668983 0.5393185760796256 15.663948640923891 7.413175472639229 
[30], 12, 1, 5, 0.001, 0.05, 1, False 8.758603880377658 204.1410369033653 101.21251195055737 0.08135363382491885 1.971699847147536 2.3831861880086485 
[15], 12, 15, 5, 0.001, 0.05, 1, False 4.519662177238476 151.16646521148616 28.844978612059947 0.20353658123704343 7.96447193493433 2.8329049578487293 
[20], 12, 1, 5, 0.001, 0.05, 1, False 8.6541898665027 188.22009808266878 105.90221638733887 0.4747447523281724 18.39096868338924 9.376825300408372 
[10], 36, 15, 5, 0.001, 0.05, 1, False 4.393312168314502 145.73894569258908 29.296482331279734 0.19167651053519064 4.400995759793442 1.8658137243387445 
[20], 36, 1, 5, 0.001, 0.05, 1, False 7.4242250978256825 189.60741868069718 69.06260354442769 0.33426432551886165 13.162224674001749 4.605862277998882 
[5], 1, 1, 5, 0.001, 0.05, 1, False 5.521330158529735 136.25444374289395 42.949999023860265 0.42980878538087836 19.115587783470612 4.4036782526323295 
[5], 12, 1, 5, 0.001, 0.05, 1, False 7.049807681934478 154.64843607533763 68.12191889281156 0.5931733296914433 12.901785030831698 11.25124349376757 
[20], 24, 15, 5, 0.001, 0.05, 1, False 4.413368920326509 147.24451546581057 30.190714394085564 0.17388396190410602 7.177695003674048 2.2682746941537766 
[20], 12, 15, 5, 0.001, 0.05, 1, False 4.342509974152954 144.6718531153367 26.276571549554543 0.07124649586702445 3.496831017016407 0.9440389145857219 
[30], 1, 15, 5, 0.001, 0.05, 1, False 4.359381005043786 141.79589660692557 26.650530752067585 0.04682376927415943 1.8456714756549835 0.634476086813644 
[20], 36, 15, 5, 0.001, 0.05, 1, False 4.603047684055788 148.76301937380222 31.108530555238875 0.09029002807304203 3.614862921404978 1.5603404779349515 
[10], 24, 10, 1, 0.001, 0.05, 1, False 4.103827371724226 131.83898146196893 23.271359861216652 0.17736651600883893 6.045724847736883 1.5960936294661565 
[5], 36, 15, 5, 0.001, 0.05, 1, False 3.9085542965611375 127.80996065185592 22.950712346671654 0.34775907639406467 8.918355737820779 2.5969650483694737 
[30], 36, 5, 10, 0.001, 0.05, 1, False 4.800274389188875 152.42022107199213 32.4608986289162 0.15669284296082545 4.140292144474852 1.3827873665969779 
[30], 24, 5, 10, 0.001, 0.05, 1, False 4.629675584113985 153.49823356373852 32.68526170996816 0.17375023533616135 5.311688527969378 2.407383316130916 
[5], 12, 5, 10, 0.001, 0.05, 1, False 4.882721996831673 165.34400814547766 34.617299209049804 0.4507998722251588 14.218226126323199 5.47035386734871 
[5], 1, 15, 5, 0.001, 0.05, 1, False 5.093983872628047 165.92320104890965 37.079129598286535 0.26794888557125934 7.587528128516637 3.3717785540250302 
[5], 24, 5, 10, 0.001, 0.05, 1, False 4.0385216131875366 136.96330382909272 25.771712596574364 0.22415235421528187 3.3558297279573277 1.5019741783951985 
[10], 12, 5, 10, 0.001, 0.05, 1, False 4.933824160439825 168.0663427593308 35.799041805141485 0.47465767450161556 10.240129534578218 5.167651050020336 
[10], 1, 5, 10, 0.001, 0.05, 1, False 4.929128942742117 144.2510765811427 31.836254842990893 0.3258602919447367 10.640604837451612 3.7487793706486063 
[15], 12, 5, 10, 0.001, 0.05, 1, False 5.154669889987066 175.82803831854082 38.95123274361567 0.15268406010660196 5.0558723320805115 2.3889373486283336 
[10], 36, 5, 10, 0.001, 0.05, 1, False 4.273820851301706 139.3744876271696 27.7230429181521 0.17683058782828343 6.190532209955596 1.8337212083764232 
[20], 1, 5, 10, 0.001, 0.05, 1, False 4.564243824028033 136.21651409193183 27.035184772536482 0.21809673502834206 6.235398993183015 2.6994386919786666 
[15], 24, 5, 10, 0.001, 0.05, 1, False 5.022774671763183 162.42532990093673 36.282998132364604 0.38248098645179474 9.695302510743895 5.133380242462304 
[30], 36, 10, 1, 0.001, 0.05, 1, False 4.633370298906058 149.70634858498792 29.446488445246146 0.22416621002848341 6.206930643645594 2.261085779455658 
[5], 12, 10, 1, 0.001, 0.05, 1, False 4.85379023594023 160.5306157385963 33.89128185353828 0.3445004849948052 7.7517353823758235 3.3919211116747316 
[30], 24, 10, 1, 0.001, 0.05, 1, False 4.371287050877733 139.04768027049343 25.775918266471603 0.17069537728784448 6.18475650186084 1.9927323432059685 
[5], 24, 10, 1, 0.001, 0.05, 1, False 4.170211133878265 139.19512373671822 25.964412033413467 0.3518903367252352 16.301288511355107 5.503006764325493 
[15], 36, 5, 10, 0.001, 0.05, 1, False 4.977660971700594 158.63245187867744 34.926531966023965 0.10645774829618422 1.666189409420266 1.079187702555056 
[15], 1, 5, 10, 0.001, 0.05, 1, False 4.822429002931826 154.8541692761247 33.892624542764615 1.0940159365790019 19.513883446521074 13.78396121800409 
[10], 12, 10, 1, 0.001, 0.05, 1, False 4.361588609073726 152.82332968647702 28.8556695774249 0.3208442546148786 10.997712137516691 4.295537125656213 
[10], 1, 10, 1, 0.001, 0.05, 1, False 5.285497992665128 164.47161422447155 38.87314043053756 0.04169853841010682 1.9899909851374107 0.554870145364425 
[10], 36, 10, 1, 0.001, 0.05, 1, False 4.42435645536968 140.91464125779194 27.30570293473132 0.1765605172995129 3.953610173801965 1.4698294540017287 
[15], 12, 10, 1, 0.001, 0.05, 1, False 4.348089934851008 147.31786837341016 27.51401616862327 0.1876838668683489 6.316176224467637 1.8515129987910082 
[20], 1, 10, 1, 0.001, 0.05, 1, False 5.28324640252524 168.10892763135362 38.91275128263126 0.05261395482112537 0.7946627284664095 0.5158225759308142 
[20], 12, 5, 10, 0.001, 0.05, 1, False 5.117470114478084 177.12409091843426 39.19460716066155 0.09107424419311487 3.3703781438203135 1.4872275482361983 
[10], 24, 1, 10, 0.001, 0.05, 1, False 6.360856924592345 169.76195529067923 52.61416215899885 0.3015610302892393 6.317134261623542 4.77268143171035 
[20], 36, 5, 10, 0.001, 0.05, 1, False 4.922052127019399 153.29351484930723 33.76406825210868 0.47694152181807375 13.846473631355156 5.464184546391376 
[15], 24, 10, 1, 0.001, 0.05, 1, False 3.9744819891535577 130.49262950863977 22.94405934361987 0.12387675303513104 4.058200666898445 2.018933802200489 
[30], 1, 5, 10, 0.001, 0.05, 1, False 4.97479206784456 150.7392059911668 32.01095308141973 0.18805495410277892 2.8581309070384604 2.1226767625130782 
[5], 24, 1, 10, 0.001, 0.05, 1, False 5.755399718680593 166.98581188201683 44.64198766959399 0.6349243350218201 9.58470160756447 9.23841538360957 
[15], 36, 10, 1, 0.001, 0.05, 1, False 4.072025901996704 130.8443403888999 24.887060861017446 0.10631300944327296 4.594391252184889 1.816444231610278 
[30], 12, 5, 10, 0.001, 0.05, 1, False 5.2020165725852605 175.79377520430708 38.87059068984447 0.09383232933699978 3.7165920920635753 1.6425400784764652 
[15], 1, 10, 1, 0.001, 0.05, 1, False 5.237564375237735 166.70787534287942 38.32315719959302 0.02019291610348122 0.16356926005476136 0.2151086378829873 
[20], 24, 5, 10, 0.001, 0.05, 1, False 4.753814969598143 151.65875331467385 31.3012837889394 0.07623130101498662 2.170640162684567 1.2543641620998114 
[30], 24, 1, 10, 0.001, 0.05, 1, False 7.564760624551801 198.4841167667082 73.59572604644495 0.4841405978136125 18.29373410675879 8.9489790411067 
[10], 24, 5, 1, 0.001, 0.05, 1, False 4.248323398311105 132.37291868214297 24.35277183239379 0.3578641963356536 16.952805570098686 4.2811533715273695 
[30], 36, 1, 10, 0.001, 0.05, 1, False 7.775528729520739 190.89061456307823 75.07655292178322 0.6181796272957928 10.452730471780084 10.597055280341856 
[5], 36, 5, 10, 0.001, 0.05, 1, False 3.990909136452333 132.42849838529344 24.07955264813556 0.13947277046492643 2.573174320751175 0.5766974044804686 
[10], 24, 10, 5, 0.001, 0.05, 1, False 4.372470341360679 139.30852289635962 28.06430306397846 0.2690948817961832 12.380962150454277 5.1547077886234876 
[20], 12, 10, 1, 0.001, 0.05, 1, False 4.620823020784669 159.134296467388 31.74453364375157 0.10631962866737735 3.296964279449416 1.4930036479168811 
[5], 1, 5, 10, 0.001, 0.05, 1, False 5.300056671123539 166.15200980832392 39.43942958000926 0.37796353730060256 2.7959018017053996 4.372218955646478 
[20], 36, 10, 1, 0.001, 0.05, 1, False 4.514952850679833 138.08274470222443 28.121900367195234 0.3355732881731191 7.505802247691454 2.8874050959105406 
[5], 24, 5, 1, 0.001, 0.05, 1, False 3.8621723684861706 124.68090057199629 22.368640933406585 0.36793219832480717 15.17251829642547 3.5523748477684975 
[30], 1, 10, 1, 0.001, 0.05, 1, False 5.239984481643748 170.64805598263908 38.604665285057784 0.04675200090900381 0.19759297207146753 0.48602003866710886 
[10], 12, 1, 10, 0.001, 0.05, 1, False 8.062963209205085 189.7029030307161 90.29192361824687 0.5649940104629105 14.165270770410379 10.844430896274782 
[20], 24, 10, 1, 0.001, 0.05, 1, False 4.171052799297979 136.2581684306442 24.77827527236364 0.15358057519880608 7.048217315910735 2.111096132984244 
[30], 12, 10, 1, 0.001, 0.05, 1, False 4.7790804733142815 158.62780503903423 31.32968591386499 0.21096332898761366 6.020691071220128 2.679008340086294 
[5], 36, 10, 1, 0.001, 0.05, 1, False 3.897026598205169 121.79468637093451 21.641752595041144 0.09591229501064638 4.927106050151935 1.4026569207020554 
[30], 24, 5, 1, 0.001, 0.05, 1, False 4.43935924169642 140.85333698699102 26.42690804271345 0.16100761803309352 6.023457226211736 2.383855506954624 
[5], 1, 10, 1, 0.001, 0.05, 1, False 4.968782793965054 149.62324054592202 34.993939210334794 0.05478922422435589 7.734584350454152 0.42975804867277484 
[30], 36, 15, 10, 0.001, 0.05, 1, False 4.548721775509142 151.59080812377988 31.324173357229856 0.08343753347766819 7.02087760571516 2.7879855371961626 
[30], 36, 5, 1, 0.001, 0.05, 1, False 4.912912734418557 155.80520297881662 33.60802255955611 0.2493430611011343 6.17013093504372 1.8230860203347572 
[30], 24, 15, 10, 0.001, 0.05, 1, False 4.734801246901906 153.84023264525527 32.91654660056683 0.1613969749675429 7.080968040692465 2.3993916881270194 
[30], 12, 15, 10, 0.001, 0.05, 1, False 4.162747279547707 135.71566464698245 24.44265370758653 0.05749337608680023 4.279550716789624 1.57022329451846 
[30], 24, 10, 5, 0.001, 0.05, 1, False 4.894005556949587 157.11736437012846 34.12022682423312 0.2281227056696603 4.254839690778453 1.7658630478027968 
[30], 36, 10, 5, 0.001, 0.05, 1, False 4.683660309816953 154.27751406527275 32.99867473897712 0.1579095264241071 9.483693118928729 3.623877723457135 
[15], 1, 1, 10, 0.001, 0.05, 1, False 7.528816943360425 214.75949022761003 73.96253319966964 0.8289838690968162 22.651654250613362 16.468000876235234 
[5], 12, 10, 5, 0.001, 0.05, 1, False 4.441642827547535 153.72769292052251 30.095867205352707 0.37088723887036845 11.248971651643332 4.132610521698249 
[15], 24, 1, 10, 0.001, 0.05, 1, False 7.722229432445708 199.74300298879123 77.62288269283806 0.48239699225844807 12.576862281732282 9.40545503202428 
[10], 36, 1, 10, 0.001, 0.05, 1, False 6.118068358578064 172.55242255531346 50.07067976194796 0.26265252064097727 9.541784255013711 4.114535166014412 
[5], 24, 10, 5, 0.001, 0.05, 1, False 4.190325751624726 143.28194609660477 27.801255474927846 0.34641002394403125 12.231843387926718 4.071938982057139 
[15], 36, 1, 10, 0.001, 0.05, 1, False 7.441611108570188 177.8869521976892 71.74916245246771 0.7606980799222113 17.33482212633193 14.282891446831172 
[10], 12, 5, 1, 0.001, 0.05, 1, False 4.917201988950924 164.79284578016566 34.42457072760466 0.14245578437178794 5.454561041917896 1.9596422657378696 
[20], 1, 1, 10, 0.001, 0.05, 1, False 7.318978648922511 209.2697844685002 68.84425648127201 0.27856642067154164 7.781093415010152 5.283048391832577 
[15], 12, 1, 10, 0.001, 0.05, 1, False 8.682379801098378 192.34179946600764 109.0072909942211 0.5607169061885592 11.920537820050344 11.448401422408166 
[10], 24, 15, 10, 0.001, 0.05, 1, False 4.063083651213458 131.91002120427544 24.41574951970347 0.11664671507647445 6.785552466033475 2.0258605862918206 
[30], 36, 20, 1, 0.001, 0.05, 1, False 4.78341643858563 153.48545649291376 31.346785141297403 0.17377857391258855 3.4881770835666863 1.9654996322926293 
[20], 12, 1, 10, 0.001, 0.05, 1, False 8.412334458313934 204.3986662925017 93.69483140432287 0.19493935037154936 1.9002363810283378 5.248067157795365 
[30], 24, 20, 1, 0.001, 0.05, 1, False 4.3104173684354725 139.04350470226507 26.403114758265904 0.23024152717323604 8.109801577325488 2.888261465785921 
[30], 12, 20, 1, 0.001, 0.05, 1, False 4.1916245863255535 139.29305975938988 24.779894774275913 0.058016482925822364 3.504370929886816 1.0078303730519964 
[30], 1, 1, 10, 0.001, 0.05, 1, False 7.3609992484596605 205.32672233671477 69.47974538445459 0.22115355602309703 7.748882373954685 4.460040825773776 
[10], 1, 10, 5, 0.001, 0.05, 1, False 4.000464584609425 138.13401502331445 24.048124438788903 0.4460780513911041 13.09845584927257 5.061384058458595 
[10], 12, 10, 5, 0.001, 0.05, 1, False 4.411635629501608 151.0930430909182 28.87092740767389 0.3995328113073785 14.151739119933895 5.2223676511972394 
[30], 12, 1, 10, 0.001, 0.05, 1, False 9.09105493024065 207.0329628896118 113.74573010323121 0.27747340223758576 2.6719791061172042 9.815943188800416 
[20], 24, 1, 10, 0.001, 0.05, 1, False 7.398537563185934 181.74748490388322 74.76121099371312 0.42157546215557984 8.020457155667547 10.964840420716888 
[5], 12, 15, 10, 0.001, 0.05, 1, False 4.6215364928460785 161.3370804802806 32.861942180290725 0.20198173952455964 6.498526493161428 2.029508978705688 
[10], 12, 15, 10, 0.001, 0.05, 1, False 4.60287647653647 157.1263425309637 30.913631514774085 0.14787882833219293 5.059569703429714 1.4385439911612734 
[5], 24, 15, 10, 0.001, 0.05, 1, False 4.377769305108598 141.41705261951344 27.632322596324297 0.1424222973555505 5.65830656807377 1.8826269903757282 
[10], 1, 15, 10, 0.001, 0.05, 1, False 3.8100061392963482 127.05158231679967 21.111126220704744 0.3549960578309242 10.775327082196181 3.3755906361516055 
[20], 36, 1, 10, 0.001, 0.05, 1, False 6.842636212906629 186.91397174434726 60.5724803546406 0.32304938233860825 10.05789250370188 5.390094698700145 
[20], 1, 10, 5, 0.001, 0.05, 1, False 4.059144616244293 137.43344741425378 23.89329060576418 0.017052310757350964 3.0184788731945558 0.36120705372318745 
[15], 12, 10, 5, 0.001, 0.05, 1, False 4.5769668720317656 160.90695396691999 31.861074213728973 0.06991156295327966 2.4896859907045603 1.0679416330675815 
[10], 36, 10, 5, 0.001, 0.05, 1, False 4.410815510181366 142.62490566559754 28.107925639080307 0.27903036428907385 7.534114160219629 3.1653279228491042 
[15], 1, 5, 1, 0.001, 0.05, 1, False 5.371711798529659 166.69641064736004 39.954247640660505 0.1420796741662053 3.2956593245442116 1.8066467166461038 
[10], 1, 1, 10, 0.001, 0.05, 1, False 6.770798566778779 199.78311178600828 59.28095331057556 0.434137990302812 11.968993374148669 6.4095449524840875 
[15], 24, 5, 1, 0.001, 0.05, 1, False 4.560927184864327 145.5008646512147 28.772556286112476 0.3715258088239046 12.127649559263498 3.7015717271118027 
[10], 24, 20, 1, 0.001, 0.05, 1, False 4.062546158188748 134.88303122641852 23.423532621100463 0.03704851734363043 2.7412038840305106 0.6651143499381411 
[10], 36, 5, 1, 0.001, 0.05, 1, False 4.158383970293734 134.46363573594215 25.8813188216557 0.026910456969756344 8.54901842662329 1.352468035821899 
[15], 36, 5, 1, 0.001, 0.05, 1, False 4.421692066460296 135.85614221467367 26.86556678133293 0.2005585055675563 7.747769277184768 2.0730225060332095 
[20], 1, 5, 1, 0.001, 0.05, 1, False 5.4930098679951485 170.1379151788004 41.53898094714007 0.0891023701518205 1.9075493997588464 1.1842051217129623 
[10], 24, 5, 5, 0.001, 0.05, 1, False 4.44856574345656 143.42777194728248 28.576621112768706 0.21175553739469744 7.535780479547497 3.6206256940596977 
[5], 36, 1, 10, 0.001, 0.05, 1, False 5.881298031150881 153.83374856278633 46.44637702552625 0.3458582417864096 8.85955816957438 6.003101834672312 
[15], 1, 10, 5, 0.001, 0.05, 1, False 4.11922034326665 140.53464302198475 24.988862882377106 0.07204048829101632 0.6616416637303226 0.7288723302553337 
[15], 12, 5, 1, 0.001, 0.05, 1, False 4.72936833705753 163.20925189760587 33.371404617855355 0.46714869242933316 10.950068989616877 5.34813974200788 
[15], 24, 10, 5, 0.001, 0.05, 1, False 4.522743740767517 148.36650427432156 29.820412969446835 0.22767551915917364 6.619352045683442 2.643356832217632 
[5], 1, 1, 10, 0.001, 0.05, 1, False 5.445882873299222 151.17469795355882 40.50799362178856 0.09285509207525988 6.713543784295706 1.5560162968644007 
[20], 12, 5, 1, 0.001, 0.05, 1, False 5.069216150907732 168.66204857734806 35.79594736201911 0.15905565639139302 7.802808038997062 3.072850088879078 
[15], 36, 10, 5, 0.001, 0.05, 1, False 4.1111887001949885 136.97706250611918 28.01053218937992 0.2620577894608874 8.147450218108075 2.9945709355993597 
[30], 1, 5, 1, 0.001, 0.05, 1, False 5.472766335750069 171.27532510881431 41.29921841048218 0.02487906538217318 1.5316391814375045 0.29501247040983775 
[5], 12, 1, 10, 0.001, 0.05, 1, False 7.119004284407667 169.84861408023528 70.96791435725571 0.7446206330120906 19.318173169453374 17.702680115575454 
[5], 24, 5, 5, 0.001, 0.05, 1, False 4.170077300023426 132.9152719525854 23.766832157861597 0.14325968737086422 7.582127102580216 2.4056654924863863 
[5], 12, 20, 1, 0.001, 0.05, 1, False 4.825650741904975 157.1247209804746 32.75443567581231 0.10711704496227163 3.0116956689684975 0.5591474181016702 
[5], 24, 20, 1, 0.001, 0.05, 1, False 4.041411258852868 135.02446859908335 23.92518717234326 0.11360495147658246 5.175096740210748 2.0453505942681085 
[10], 1, 20, 1, 0.001, 0.05, 1, False 5.246121171585941 164.77143465271232 38.205741147998815 0.06014253832896209 1.0218908923476802 0.7135912415374587 
[10], 12, 20, 1, 0.001, 0.05, 1, False 4.14340363421512 132.56904227887097 23.011750784535025 0.2223044360227131 9.710801268215157 2.670214419838357 
[15], 1, 15, 10, 0.001, 0.05, 1, False 3.859893783664814 130.41818824013941 22.138812324713644 0.3071823632550804 7.5970141123100055 3.130186790401012 
[30], 12, 5, 1, 0.001, 0.05, 1, False 5.253033236089956 172.62594214570376 38.124864846260124 0.26650440019015914 7.760959317252226 4.163226091636429 
[20], 24, 5, 1, 0.001, 0.05, 1, False 4.417837105808712 140.88804928533 25.965940626072822 0.1468493642060624 5.432060507613827 1.7264300506399026 
[20], 36, 5, 1, 0.001, 0.05, 1, False 4.174712656265884 134.85975829279246 25.368244283631565 0.05442584771283747 3.3741143668799136 0.5299639788421568 
[15], 24, 15, 10, 0.001, 0.05, 1, False 4.737289970754474 153.7862791536729 32.61977016097242 0.18566811858178486 4.183792212654113 2.5139061501289715 
[30], 36, 5, 5, 0.001, 0.05, 1, False 4.9178640138219905 157.62872225325995 34.126335048169075 0.3003051148821932 8.723957631838223 3.502332265185668 
[30], 24, 5, 5, 0.001, 0.05, 1, False 5.033997599118286 162.67798832742372 35.679856410785774 0.39425582392087816 10.604789988086342 4.4787029137318255 
[15], 36, 15, 10, 0.001, 0.05, 1, False 4.533795597597405 148.2133911857358 30.12812161382088 0.25586847285762065 7.483192519119791 2.397695749711613 
[20], 12, 10, 5, 0.001, 0.05, 1, False 4.6361080970477175 156.33568767804698 30.440322297417413 0.1526105429304694 4.198238223248387 1.6178558155478422 
[10], 1, 5, 1, 0.001, 0.05, 1, False 5.36487460055699 166.20234972226288 39.952695724794864 0.14792903187975825 1.8698822764733103 1.818499158631945 
[20], 1, 15, 10, 0.001, 0.05, 1, False 3.831900573349385 127.44447893349114 21.35061317136579 0.0925871611199873 3.645885712747119 0.889322436471642 
[20], 36, 10, 5, 0.001, 0.05, 1, False 4.804176032425905 157.31113168434592 33.85624819998893 0.30960341733563734 14.858289414356353 5.814864860575051 
[30], 1, 10, 5, 0.001, 0.05, 1, False 4.067325920446052 135.26990318025037 23.661749979268368 0.017853676172480282 1.2390429751773082 0.2520973151526986 
[10], 36, 15, 10, 0.001, 0.05, 1, False 4.3353406101672185 141.82794551891178 26.976150385501033 0.14571364777147186 6.12121786617507 2.008611271621334 
[5], 36, 5, 1, 0.001, 0.05, 1, False 3.9090112587437034 123.89931433570969 22.674308201199334 0.171460242014367 7.655822923875311 1.9975507943590767 
[15], 12, 15, 10, 0.001, 0.05, 1, False 4.408043956811782 148.1020510211596 27.870624630926006 0.14537792633635596 5.64582492078642 2.069944035079303 
[5], 1, 5, 1, 0.001, 0.05, 1, False 4.778826153857841 147.52288231617277 33.071959075461486 0.18247067139854023 2.9424687796859756 1.9148365773716793 
[5], 12, 5, 1, 0.001, 0.05, 1, False 4.719607485706608 153.8063473922172 32.04081376361497 0.5258962093055087 14.427590557941315 6.2386058696429725 
[20], 24, 10, 5, 0.001, 0.05, 1, False 4.612754076940043 146.1375290998147 29.4571838248857 0.3255957427744859 10.367982115375664 3.9370491113054475 
[30], 12, 10, 5, 0.001, 0.05, 1, False 4.716070360069474 159.8400713786198 31.547757002582188 0.12368157267948855 2.2603827828654297 0.8689913656560129 
[15], 1, 20, 1, 0.001, 0.05, 1, False 5.281994330303537 167.66419710199523 38.76484531769149 0.27237653654716876 5.820769817596132 3.0874785506769027 
[5], 36, 10, 5, 0.001, 0.05, 1, False 4.499573308436408 147.21284265124282 29.498141696633194 0.25058718285516707 7.560694962707983 2.6801846629506407 
[15], 24, 20, 1, 0.001, 0.05, 1, False 4.076947842634939 130.17331279347698 22.868390641350558 0.16808555988739166 5.073782257806572 1.4390935845156247 
[20], 12, 15, 10, 0.001, 0.05, 1, False 4.060102055090721 134.6657708293728 23.864801196320837 0.10558091941876653 2.172565735947043 0.709832248795124 
[15], 36, 20, 1, 0.001, 0.05, 1, False 4.290101591870189 137.76423886395793 25.650226978036013 0.11877320251566419 3.57423253074779 1.1200849782021252 
[5], 1, 10, 5, 0.001, 0.05, 1, False 4.779103898808913 156.59170105341173 33.20915211205569 0.41152546132748963 8.624131829498376 4.493319193611723 
[20], 36, 15, 10, 0.001, 0.05, 1, False 4.529129084082389 150.30999131170373 30.558311495260767 0.16309063031465976 5.035090444962366 2.1258762292374063 
[20], 1, 20, 1, 0.001, 0.05, 1, False 5.39196775853634 171.3491113315993 40.30035708431148 0.16859718009096888 3.2471033531021005 2.037770872220431 
[10], 12, 5, 5, 0.001, 0.05, 1, False 5.421622450967078 181.36497133149422 42.7194516299206 0.7805043736666218 19.952636681689466 10.551912433984233 
[20], 24, 15, 10, 0.001, 0.05, 1, False 4.55388906730546 145.049724861683 29.984851707777565 0.1273166313549287 3.062331550130505 1.7075594410409143 
[30], 12, 20, 5, 0.001, 0.05, 1, False 4.305527981177525 145.57621059504027 26.921505120481992 0.13189019639347482 5.25237393454003 1.5778840833027472 
[30], 1, 15, 10, 0.001, 0.05, 1, False 3.9786693818177343 132.19094874264098 22.769072367480362 0.10680685206348453 2.6765573487055545 1.122586370658542 
[30], 36, 20, 5, 0.001, 0.05, 1, False 4.530434434764364 147.75683508625318 29.722568634745897 0.13779190565366772 3.404448510471074 1.0715905114527815 
[10], 36, 20, 1, 0.001, 0.05, 1, False 3.889667353689395 130.01732140351888 23.90944194016826 0.1402239414448327 6.640735393592159 0.8324247367741997 
[30], 24, 20, 5, 0.001, 0.05, 1, False 4.448042276950072 144.592139508886 29.665230293112852 0.013961215442461759 1.9392405745581354 0.5761265509535085 
[15], 12, 20, 1, 0.001, 0.05, 1, False 4.231417543475551 143.59311473775287 26.207717295599213 0.20048588557684327 10.17294781133854 3.1130069582258972 
[5], 1, 15, 10, 0.001, 0.05, 1, False 4.556719478778542 151.22292608138025 30.489385991596766 0.3685271231342085 11.416679176894865 4.651751802732631 
[5], 36, 15, 10, 0.001, 0.05, 1, False 4.137627030026031 138.66534488567763 27.41752986250377 0.26535002893392995 9.939677305465404 3.1995448419961394 
[15], 24, 5, 5, 0.001, 0.05, 1, False 4.4754477297956194 145.12991229329643 28.485601203731246 0.4195029262250805 15.523171851975906 5.635667916383644 
[15], 1, 5, 5, 0.001, 0.05, 1, False 4.747106949495222 159.28057777393926 31.909390453014566 0.14110821840780244 2.4345271641592507 0.7507802000104382 
[30], 24, 10, 10, 0.001, 0.05, 1, False 4.547323833543945 149.12296431999818 31.972743509454478 0.1271950595259115 4.077058614528435 1.6526682910519779 
[20], 12, 20, 1, 0.001, 0.05, 1, False 3.9853183466803146 129.51730492237542 22.408228887774396 0.0701498307726105 1.60713514169019 0.5482142858369716 
[10], 24, 20, 5, 0.001, 0.05, 1, False 4.005363848660555 134.0438248674003 25.06870047798836 0.20102047105998727 5.1199329634874715 0.6005184335941167 
[10], 24, 10, 10, 0.001, 0.05, 1, False 4.394328209378378 142.38368300287922 28.192517773145767 0.1283112179282156 4.1942680423653345 1.7097750374649638 
[30], 36, 10, 10, 0.001, 0.05, 1, False 4.4706104343067175 147.8878988980753 30.049861503775276 0.037139106907487326 0.7168627977107529 0.42518868529554316 
[20], 36, 20, 1, 0.001, 0.05, 1, False 4.297556692679172 137.94414075341868 26.82222992863844 0.13354862692950964 0.6207585487605872 0.4932379635796224 
[10], 36, 5, 5, 0.001, 0.05, 1, False 4.256883881641207 141.26822722276353 27.525489192095765 0.12001404094045239 4.857353026284947 1.2374522701110804 
[20], 24, 20, 1, 0.001, 0.05, 1, False 4.333187379005055 140.02983945195945 26.542829250724143 0.2816710271093108 6.959718598092823 2.4110348764091727 
[20], 1, 5, 5, 0.001, 0.05, 1, False 4.91870980228953 158.1010835734951 32.9253285529006 0.13138579743888484 5.675740043231577 1.9772399430013956 
[30], 1, 20, 1, 0.001, 0.05, 1, False 5.453704212012667 175.35250597374412 41.02927905099756 0.10298735581431431 2.0026598129722593 1.3395609426576731 
[15], 12, 5, 5, 0.001, 0.05, 1, False 5.126169534317321 175.67905923641857 38.6649817728046 0.2846371830306387 9.897301302070508 4.6508753462721035 
[15], 36, 5, 5, 0.001, 0.05, 1, False 4.312924738200727 140.65499928176015 27.97660259459764 0.16139693482967793 3.6432541668832528 1.094197214666851 
[5], 1, 20, 1, 0.001, 0.05, 1, False 5.04820881643919 153.25186138130607 35.645382838221686 0.12371325752687094 4.985378230796159 1.4003655641651773 
[5], 24, 20, 5, 0.001, 0.05, 1, False 4.018001629929576 135.47078900848976 24.477928150510937 0.4471111186132387 13.629687125217847 3.4824428794454407 
[5], 12, 20, 5, 0.001, 0.05, 1, False 4.228956165551036 150.96098592736107 28.09472114479809 0.16391389826759234 6.309476018155528 2.2855971611618964 
[5], 24, 10, 10, 0.001, 0.05, 1, False 4.439765522608327 150.4219612056593 29.634700267462396 0.45714701251608275 19.509979054104555 7.360128367950826 
[20], 12, 5, 5, 0.001, 0.05, 1, False 5.478166744761445 184.55605412136538 43.129365842665216 0.06010317508376433 2.1348721416385605 0.9775556193946239 
[30], 1, 5, 5, 0.001, 0.05, 1, False 4.953102078537147 163.25112646122278 33.99915234800303 0.1028226823185277 5.345212321742563 1.677720417341757 
[5], 36, 20, 1, 0.001, 0.05, 1, False 3.9370829110102803 126.62761416500979 22.4487424674154 0.5179687453384048 16.365190448117417 5.1538433463714055 
[5], 12, 10, 10, 0.001, 0.05, 1, False 4.679405455470637 164.39804313816595 33.520513202675424 0.2809626647010327 9.757105039003463 3.760287881476948 
[10], 24, 15, 1, 0.001, 0.05, 1, False 4.155343905429322 133.16544696967654 23.515282221820357 0.105203245633293 1.499069103609454 0.36429790482997304 
[30], 24, 15, 1, 0.001, 0.05, 1, False 4.5526217830263915 145.2453660776631 28.193143508901272 0.16266765346245712 5.591552514608176 2.2669465089251117 
[30], 12, 5, 5, 0.001, 0.05, 1, False 5.343550242290452 180.3384977213093 40.92254940272764 0.24548055607151353 7.093795526408644 3.5554290721202872 
[20], 24, 5, 5, 0.001, 0.05, 1, False 4.733390375640658 152.22438715854514 31.61773707353407 0.12161163268737213 5.847358385842625 2.539506336498403 
[20], 36, 5, 5, 0.001, 0.05, 1, False 4.607388485871532 150.10961882290044 31.751419495218013 0.2383303698886175 5.440217853039895 2.492022852087475 
[30], 36, 15, 1, 0.001, 0.05, 1, False 4.696324897529903 147.48668555571103 30.372706913903073 0.24403319997893297 7.869073451289758 3.1477829621650164 
[10], 12, 20, 5, 0.001, 0.05, 1, False 4.514929801480914 153.1752823833232 29.414684704731773 0.29006927067935695 6.509855548227301 2.2136073508314995 
[10], 1, 20, 5, 0.001, 0.05, 1, False 4.357171809500843 142.37583540623476 27.12645503962141 0.2533169965233083 8.720793328476208 3.1129505704466474 
[10], 1, 5, 5, 0.001, 0.05, 1, False 4.970793764189714 164.00744453484413 35.36315036956188 0.1403974810815533 1.4543776501264167 1.603052256347543 
[5], 36, 5, 5, 0.001, 0.05, 1, False 4.2451437973796775 134.06948277702614 25.942369874510195 0.3352908295692306 9.4332437690555 4.110710476644384 
[5], 1, 5, 5, 0.001, 0.05, 1, False 5.280388467731299 166.0910578036052 38.91506935959571 0.0862095593094878 1.0715511378756561 1.102976287392301 
[10], 1, 10, 10, 0.001, 0.05, 1, False 3.5482926729997555 121.9117548568667 18.992765813756403 0.11789747942550863 3.932858483354926 1.156908448940036 
[5], 12, 5, 5, 0.001, 0.05, 1, False 4.711409811861813 161.50450559464218 32.51531621366721 0.17496568167056353 5.492867356244735 1.9400974247129512 
[5], 24, 15, 1, 0.001, 0.05, 1, False 4.411428122967481 145.9303999378003 27.625872606705006 0.29649131885868363 8.464310254490805 3.3759105104963103 
[10], 12, 10, 10, 0.001, 0.05, 1, False 4.51456092601573 155.3837968177139 30.60160285305923 0.23647164615677252 4.571592221856837 2.0023162225034894 
[5], 12, 15, 1, 0.001, 0.05, 1, False 4.930495463932555 166.6530562416332 35.308074396644976 0.11838021139177007 7.052635484270127 2.3183559755931045 
[15], 1, 20, 5, 0.001, 0.05, 1, False 4.350203478274246 145.18852748631957 27.210271198142138 0.07938602444064644 2.6203992243050744 1.0770678533178315 
[10], 36, 10, 10, 0.001, 0.05, 1, False 4.2414277130806886 140.94293416205946 27.911192116868836 0.45305681193065994 12.749826431997871 4.08798697173949 
[15], 24, 20, 5, 0.001, 0.05, 1, False 4.564456259935267 147.31005443295564 31.55458961598582 0.2618509352295593 6.9873531203249595 2.5956494463481223 
[15], 12, 10, 10, 0.001, 0.05, 1, False 4.566635604644264 156.49767755555303 31.246198646388148 0.32935695680133 9.905179217272098 3.697559823380036 
[20], 1, 20, 5, 0.001, 0.05, 1, False 4.305595216941502 145.0675540719086 26.659321616652722 0.2422400220164714 7.984817654381821 2.6765803970770836 
[15], 36, 20, 5, 0.001, 0.05, 1, False 4.163220665921217 139.56243623882258 27.377803208150393 0.21866102030462067 4.282008615477135 2.329562437251098 
[20], 1, 10, 10, 0.001, 0.05, 1, False 3.7104265391274733 126.53489385707678 20.502202577316723 0.0684023929162716 1.2633788161748938 0.700543610096976 
[10], 1, 15, 1, 0.001, 0.05, 1, False 5.1486104074658625 158.91396496473283 37.24485131164162 0.1456911111046239 3.3949285383666576 1.5791654612366617 
[15], 24, 10, 10, 0.001, 0.05, 1, False 4.277603009895042 137.89230318664502 26.393047911840757 0.17351700827365324 2.857663489281569 0.27219380848871405 
[15], 12, 20, 5, 0.001, 0.05, 1, False 4.637626253082245 155.5516582585025 31.24891725951606 0.8210414375848525 26.707411438167682 10.76452128015842 
[10], 12, 15, 1, 0.001, 0.05, 1, False 4.136215212451363 142.45241887763643 26.129388992942467 0.06933524565401564 9.095344502190944 2.4265059562510056 
[10], 36, 20, 5, 0.001, 0.05, 1, False 4.705809785825788 153.99833713276308 33.61540635673881 0.197779630899818 7.015849718509823 3.1877853943160415 
[15], 1, 10, 10, 0.001, 0.05, 1, False 3.598916914383018 124.14266599744987 19.729505914601248 0.2314180625834524 6.571278120924122 2.272127143083303 
[15], 36, 10, 10, 0.001, 0.05, 1, False 4.392064858448727 148.18938259228992 29.261833990661398 0.18939442780397656 5.554183993151509 2.2704530491949835 
[30], 12, 20, 10, 0.001, 0.05, 1, False 4.2756269433225205 143.37389670213068 26.065621744962012 0.1174700255906327 7.118331991065735 2.0805941589788888 
[10], 36, 15, 1, 0.001, 0.05, 1, False 4.332949022079508 143.04894543531492 28.179142189392863 0.5144805670896622 15.814088082776852 5.434114224478265 
[20], 12, 20, 5, 0.001, 0.05, 1, False 4.31964567805192 144.99494009234175 26.450954303344364 0.0526181763630294 3.341562060343862 0.9740677130101135 
[15], 12, 15, 1, 0.001, 0.05, 1, False 4.5021403012935215 144.81149156072573 26.843906077770352 0.17690948572677886 2.802644129436022 1.482079660549992 
[20], 36, 20, 5, 0.001, 0.05, 1, False 4.382428366939227 143.76755555530653 29.206876309503173 0.15716337697966842 2.7252382850221015 1.419547255808651 
[20], 24, 20, 5, 0.001, 0.05, 1, False 4.3339339389983165 140.68257198304332 27.526833697660532 0.24449507848292784 7.5992564380973775 1.7723127816807407 
[20], 12, 10, 10, 0.001, 0.05, 1, False 4.6408471451451385 159.05157142113583 31.618817987926793 0.06663983659405662 4.062908364329739 1.7254651950373432 
[20], 1, 15, 1, 0.001, 0.05, 1, False 5.365746648402678 171.23288382936587 39.813180176288405 0.11372279281394708 2.574115215576459 1.2002696419675865 
[15], 24, 15, 1, 0.001, 0.05, 1, False 4.045287320059207 133.38945768882687 23.540992299974445 0.15098084028126935 4.588521830994911 1.426179842791675 
[30], 1, 20, 5, 0.001, 0.05, 1, False 4.501854964718223 151.77442935303898 28.435792145387534 0.0428080111752531 2.495344289352274 0.6547409143126763 
[5], 1, 20, 5, 0.001, 0.05, 1, False 4.610779485016786 153.06202706187307 31.41442296015661 0.3532074512035665 10.144967705989266 3.9357452320569073 
[30], 36, 20, 10, 0.001, 0.05, 1, False 4.424520595799442 146.41169104619107 30.44753158264294 0.06740314345840343 3.254394004606812 1.3387253196514453 
[20], 36, 10, 10, 0.001, 0.05, 1, False 4.675427743351019 148.44494355439147 30.937142181393426 0.180073695603512 6.167192655338732 2.501758084609955 
[30], 1, 10, 10, 0.001, 0.05, 1, False 3.76999088647189 129.58218786883387 20.898707255497566 0.0319825722771843 0.7541180398631896 0.3294542781623771 
[30], 24, 20, 10, 0.001, 0.05, 1, False 4.327837016247215 142.46220080757143 29.688936829262193 0.1667789793960947 2.656708965986287 1.050576825490822 
[5], 36, 20, 5, 0.001, 0.05, 1, False 4.32288399429785 145.13210145310825 28.3068647009779 0.06497148105194732 4.24014566962909 1.3108997402888227 
[15], 36, 15, 1, 0.001, 0.05, 1, False 4.448413227429545 140.35789040576105 28.106421315184438 0.27010897908065296 9.729070106112589 4.103130748215026 
[15], 1, 15, 1, 0.001, 0.05, 1, False 5.2408376488972594 167.18412880056675 38.36258927795162 0.10952113215015415 1.3564785980331637 1.2050043717495313 
[20], 24, 10, 10, 0.001, 0.05, 1, False 4.786841378381684 155.1617968194818 35.12833435222115 0.42436937094802496 10.848752398812769 4.317777763615742 
[5], 36, 10, 10, 0.001, 0.05, 1, False 3.9664636900510506 128.4053712785238 23.545046759564475 0.40275971912053 9.580878654094297 3.291150382754169 
[20], 12, 15, 1, 0.001, 0.05, 1, False 4.359499815623793 147.82328747902275 27.32617034670969 0.09594538786393036 3.972538596884254 1.1715812870509599 
[30], 12, 10, 10, 0.001, 0.05, 1, False 4.694829790694295 157.9313312081204 31.273305563742728 0.08457604058508472 3.9002472983929306 1.2864027245877079 
[10], 24, 20, 10, 0.001, 0.05, 1, False 3.9408429598504746 131.4849430687752 25.797912489340174 0.1979035459889428 9.886578398716702 2.2437248011211888 
[20], 36, 15, 1, 0.001, 0.05, 1, False 4.450026536029246 140.84780444659415 26.972746889376822 0.23283279442894295 8.198059905146922 2.24971493076709 
[30], 1, 15, 1, 0.001, 0.05, 1, False 5.264209674091803 170.61229116585272 38.68526990802085 0.04950566915740712 0.19111819153747928 0.6492344629262755 
[20], 24, 15, 1, 0.001, 0.05, 1, False 4.2583045590875885 136.78415227813684 24.798563760949815 0.24321863858579204 9.809925626361135 2.6184816300859532 
[5], 1, 10, 10, 0.001, 0.05, 1, False 3.4191888063180227 117.7777002846996 18.11091224915513 0.2546621654880475 6.4992269069421456 2.1705715187243197 
[5], 12, 20, 10, 0.001, 0.05, 1, False 3.4782910359437 115.83203526266574 19.147826503109293 0.8508045708711378 34.03179792111578 9.632462881262995 
[5], 36, 15, 1, 0.001, 0.05, 1, False 4.192127012420033 135.93018980706123 24.42630596726732 0.15288870384849299 3.55005829340854 1.3366371834323165 
[30], 12, 15, 1, 0.001, 0.05, 1, False 4.318691609041007 141.59577931071394 25.5277293386933 0.10607699561717765 4.616453255413225 1.300025727254904 
[5], 24, 20, 10, 0.001, 0.05, 1, False 4.0006308921440334 134.29013586139016 25.11778829422724 0.3600997488251462 12.069065049573634 3.0893371049656713 
[5], 1, 15, 1, 0.001, 0.05, 1, False 4.889039384994518 146.01487597914254 33.78426616559725 0.08555681539846344 1.1529948564689556 0.968109814679769 
[10], 12, 20, 10, 0.001, 0.05, 1, False 4.50645705341465 153.09331496969745 29.740999955321268 0.35110966409730004 12.513198057382201 4.410890930945917 
[10], 1, 20, 10, 0.001, 0.05, 1, False 3.8838656722533487 131.38845630689244 22.23317814958577 0.2888755702423154 12.07631982749931 3.4140734189886994 
[30], 1, 20, 10, 0.001, 0.05, 1, False 4.153709920930367 143.3964321154418 25.430417309578512 0.029072955559045134 4.5657496287961195 0.9415833537232257 
[20], 36, 20, 10, 0.001, 0.05, 1, False 4.270009235692797 143.58683976444763 28.62093204889837 0.17235541173266405 4.643955832238907 1.4536484153936944 
[20], 12, 20, 10, 0.001, 0.05, 1, False 4.320390658535891 145.125149522609 26.346393130876724 0.12281764912327457 3.3248396726422773 1.0932390067124858 
[20], 24, 20, 10, 0.001, 0.05, 1, False 4.5766935248272835 149.97609508968335 31.81494560266565 0.25245625172570796 8.248030235958767 3.7839003408924556 
[15], 1, 20, 10, 0.001, 0.05, 1, False 4.198796530405957 146.78966732965057 26.454132142911657 0.18138023735472522 2.8726364085004525 1.2473167860752614 
[5], 36, 20, 10, 0.001, 0.05, 1, False 4.523566777217719 148.96027332462975 31.07205153999065 0.06715120461465708 2.6657006270585173 0.13717835307438025 
[15], 24, 20, 10, 0.001, 0.05, 1, False 4.215917172993499 138.59245909694255 27.40893796512518 0.10346255132057727 6.251266741809148 1.7569525708558578 
[20], 1, 20, 10, 0.001, 0.05, 1, False 4.18464467962169 142.98770737603658 25.111641482269786 0.16377452802561288 5.207016386907975 1.8355755338358783 
[5], 1, 20, 10, 0.001, 0.05, 1, False 4.248345433168666 139.9557081751326 26.26802663323979 0.3696181707972578 14.810176086803429 5.03725779711843 
[15], 36, 20, 10, 0.001, 0.05, 1, False 4.445878234119328 146.21650262723622 29.570079469386073 0.2389049024499916 9.843260148345182 2.17963564047647 
[10], 36, 20, 10, 0.001, 0.05, 1, False 4.434860708102309 146.06349371118972 29.510780414374366 0.18012105726356137 4.98827575060346 2.5389914881507734 
[15], 12, 20, 10, 0.001, 0.05, 1, False 4.446752433058013 147.8267173103102 27.90903501661799 0.22907332272233843 9.223949068541964 3.1792119000032226 
