layers lag time_steps epochs l2 learning_rate mean_mae                         mean_mape mean_mse std mae std_mape std_mse 
[5], 1, 1, 1, 0.001, 0.05, 1, False 2.2591035214701187 60.845805866644746 7.239455699739138 0.10698314927061907 2.323943458176905 0.5696262252969214 
[5], 12, 1, 1, 0.001, 0.05, 1, False 2.5532215266548857 73.77954699304671 9.059658576437167 0.3317495148571544 14.56533265539425 1.6126698069549308 
[5], 1, 15, 5, 0.001, 0.05, 1, False 3.123019116144213 94.34512479010816 12.457020046911103 0.19084520407847913 6.884269535437073 1.700761750491167 
[5], 24, 1, 1, 0.001, 0.05, 1, False 3.093406721477017 93.24109816015391 13.83253812062002 0.6389255939258746 25.75923616548216 5.436754605571395 
[5], 1, 1, 5, 0.001, 0.05, 1, False 2.908503636505662 54.10195946984237 12.71401456401381 0.44566361964632834 1.7291277879947646 3.747742931393863 
[10], 1, 1, 1, 0.001, 0.05, 1, False 2.3069878808153725 65.64367959376166 7.907014654433624 0.017280120029180963 0.4332067048066842 0.10101069085229596 
[5], 12, 1, 5, 0.001, 0.05, 1, False 3.117887898722526 74.08965506089876 14.591073577094056 0.24848944918286847 25.01263138790223 3.0333849921734086 
[5], 36, 1, 1, 0.001, 0.05, 1, False 2.6246964370348937 76.15076843204442 9.545822121525296 0.12229581588385134 6.121223526993034 1.2627412682161823 
[10], 12, 1, 1, 0.001, 0.05, 1, False 2.6556108701215297 78.14285600176088 10.314397785237917 0.5207603299769428 21.390047479954564 3.507261860692246 
[5], 12, 15, 5, 0.001, 0.05, 1, False 2.837601855110929 87.75728939478302 11.628244217310865 0.47616643453808444 18.189109748585274 3.970510732655274 
